ref_area,sex,classif1,time,emp_temp_sex_eco_nb
ukr,sex_f,eco_aggregate_agr,2009,1910.7
ukr,sex_f,eco_aggregate_agr,2010,1938.6
ukr,sex_f,eco_aggregate_agr,2011,1945.2
ukr,sex_f,eco_aggregate_agr,2012,1879.7
ukr,sex_f,eco_aggregate_agr,2013,1896.7
ukr,sex_f,eco_aggregate_agr,2014,1130.4
ukr,sex_f,eco_aggregate_agr,2015,1033.5
ukr,sex_f,eco_aggregate_agr,2016,1030.6
ukr,sex_f,eco_aggregate_agr,2017,1013.2
ukr,sex_f,eco_aggregate_agr,2018,1006.263
ukr,sex_f,eco_aggregate_agr,2019,930.126
ukr,sex_f,eco_aggregate_agr,2020,902.653
ukr,sex_f,eco_aggregate_agr,2021,868.836
ukr,sex_f,eco_aggregate_con,2009,142.7
ukr,sex_f,eco_aggregate_con,2010,132.8
ukr,sex_f,eco_aggregate_con,2011,134.4
ukr,sex_f,eco_aggregate_con,2012,133.5
ukr,sex_f,eco_aggregate_con,2013,121.9
ukr,sex_f,eco_aggregate_con,2014,91.7
ukr,sex_f,eco_aggregate_con,2015,86.6
ukr,sex_f,eco_aggregate_con,2016,86.8
ukr,sex_f,eco_aggregate_con,2017,80.7
ukr,sex_f,eco_aggregate_con,2018,84.118
ukr,sex_f,eco_aggregate_con,2019,93.196
ukr,sex_f,eco_aggregate_con,2020,75.587
ukr,sex_f,eco_aggregate_con,2021,77.048
ukr,sex_f,eco_aggregate_man,2009,1072.2
ukr,sex_f,eco_aggregate_man,2010,1070.1
ukr,sex_f,eco_aggregate_man,2011,1043.5
ukr,sex_f,eco_aggregate_man,2012,1028
ukr,sex_f,eco_aggregate_man,2013,957.6
ukr,sex_f,eco_aggregate_man,2014,875.6
ukr,sex_f,eco_aggregate_man,2015,785.9
ukr,sex_f,eco_aggregate_man,2016,773.7
ukr,sex_f,eco_aggregate_man,2017,749
ukr,sex_f,eco_aggregate_man,2018,782.07
ukr,sex_f,eco_aggregate_man,2019,857.359
ukr,sex_f,eco_aggregate_man,2020,800.403
ukr,sex_f,eco_aggregate_man,2021,777.706
ukr,sex_f,eco_aggregate_mel,2009,314.5
ukr,sex_f,eco_aggregate_mel,2010,319.4
ukr,sex_f,eco_aggregate_mel,2011,328
ukr,sex_f,eco_aggregate_mel,2012,327.7
ukr,sex_f,eco_aggregate_mel,2013,318.9
ukr,sex_f,eco_aggregate_mel,2014,300.7
ukr,sex_f,eco_aggregate_mel,2015,218.2
ukr,sex_f,eco_aggregate_mel,2016,240.6
ukr,sex_f,eco_aggregate_mel,2017,239.5
ukr,sex_f,eco_aggregate_mel,2018,214.59
ukr,sex_f,eco_aggregate_mel,2019,202.67
ukr,sex_f,eco_aggregate_mel,2020,199.56
ukr,sex_f,eco_aggregate_mel,2021,209.485
ukr,sex_f,eco_aggregate_mkt,2009,3084.6
ukr,sex_f,eco_aggregate_mkt,2010,3103.5
ukr,sex_f,eco_aggregate_mkt,2011,3096.1
ukr,sex_f,eco_aggregate_mkt,2012,3161.7
ukr,sex_f,eco_aggregate_mkt,2013,3286.5
ukr,sex_f,eco_aggregate_mkt,2014,3002.1
ukr,sex_f,eco_aggregate_mkt,2015,2786.3
ukr,sex_f,eco_aggregate_mkt,2016,2719.7
ukr,sex_f,eco_aggregate_mkt,2017,2702.1
ukr,sex_f,eco_aggregate_mkt,2018,2802.188
ukr,sex_f,eco_aggregate_mkt,2019,2802.062
ukr,sex_f,eco_aggregate_mkt,2020,2736.972
ukr,sex_f,eco_aggregate_mkt,2021,2736.387
ukr,sex_f,eco_aggregate_pub,2009,3346.4
ukr,sex_f,eco_aggregate_pub,2010,3307.2
ukr,sex_f,eco_aggregate_pub,2011,3310.5
ukr,sex_f,eco_aggregate_pub,2012,3273.8
ukr,sex_f,eco_aggregate_pub,2013,3266
ukr,sex_f,eco_aggregate_pub,2014,3318.4
ukr,sex_f,eco_aggregate_pub,2015,2898.2
ukr,sex_f,eco_aggregate_pub,2016,2976
ukr,sex_f,eco_aggregate_pub,2017,2986.7
ukr,sex_f,eco_aggregate_pub,2018,3021.501
ukr,sex_f,eco_aggregate_pub,2019,3088.843
ukr,sex_f,eco_aggregate_pub,2020,2934.836
ukr,sex_f,eco_aggregate_pub,2021,2781.952
ukr,sex_f,eco_aggregate_total,2009,9974.3
ukr,sex_f,eco_aggregate_total,2010,9965.6
ukr,sex_f,eco_aggregate_total,2011,9881.3
ukr,sex_f,eco_aggregate_total,2012,9846.3
ukr,sex_f,eco_aggregate_total,2013,9847.6
ukr,sex_f,eco_aggregate_total,2014,8718.9
ukr,sex_f,eco_aggregate_total,2015,7872.4
ukr,sex_f,eco_aggregate_total,2016,7827.4
ukr,sex_f,eco_aggregate_total,2017,7771.2
ukr,sex_f,eco_aggregate_total,2018,7910.73
ukr,sex_f,eco_aggregate_total,2019,7974.256
ukr,sex_f,eco_aggregate_total,2020,7650.011
ukr,sex_f,eco_aggregate_total,2021,7451.415
ukr,sex_f,eco_aggregate_x,2009,103.2
ukr,sex_f,eco_aggregate_x,2010,94
ukr,sex_f,eco_aggregate_x,2011,23.6
ukr,sex_f,eco_aggregate_x,2012,41.9
ukr,sex_f,eco_isic3_a,2009,1908.6
ukr,sex_f,eco_isic3_a,2010,1936.8
ukr,sex_f,eco_isic3_a,2011,1943
ukr,sex_f,eco_isic3_a,2012,1878.1
ukr,sex_f,eco_isic3_b,2009,2.1
ukr,sex_f,eco_isic3_b,2010,1.8
ukr,sex_f,eco_isic3_b,2011,2.2
ukr,sex_f,eco_isic3_b,2012,1.6
ukr,sex_f,eco_isic3_c,2009,142.3
ukr,sex_f,eco_isic3_c,2010,141.2
ukr,sex_f,eco_isic3_c,2011,146.9
ukr,sex_f,eco_isic3_c,2012,136.9
ukr,sex_f,eco_isic3_d,2009,1072.2
ukr,sex_f,eco_isic3_d,2010,1070.1
ukr,sex_f,eco_isic3_d,2011,1043.5
ukr,sex_f,eco_isic3_d,2012,1028
ukr,sex_f,eco_isic3_e,2009,172.2
ukr,sex_f,eco_isic3_e,2010,178.2
ukr,sex_f,eco_isic3_e,2011,181.1
ukr,sex_f,eco_isic3_e,2012,190.8
ukr,sex_f,eco_isic3_f,2009,142.7
ukr,sex_f,eco_isic3_f,2010,132.8
ukr,sex_f,eco_isic3_f,2011,134.4
ukr,sex_f,eco_isic3_f,2012,133.5
ukr,sex_f,eco_isic3_g,2009,1842.5
ukr,sex_f,eco_isic3_g,2010,1887.3
ukr,sex_f,eco_isic3_g,2011,1913.2
ukr,sex_f,eco_isic3_g,2012,1947.8
ukr,sex_f,eco_isic3_h,2009,255.1
ukr,sex_f,eco_isic3_h,2010,247.6
ukr,sex_f,eco_isic3_h,2011,255
ukr,sex_f,eco_isic3_h,2012,274.6
ukr,sex_f,eco_isic3_i,2009,464.2
ukr,sex_f,eco_isic3_i,2010,447.1
ukr,sex_f,eco_isic3_i,2011,409.9
ukr,sex_f,eco_isic3_i,2012,410.6
ukr,sex_f,eco_isic3_j,2009,223.4
ukr,sex_f,eco_isic3_j,2010,212.8
ukr,sex_f,eco_isic3_j,2011,213.5
ukr,sex_f,eco_isic3_j,2012,216.4
ukr,sex_f,eco_isic3_k,2009,299.4
ukr,sex_f,eco_isic3_k,2010,308.7
ukr,sex_f,eco_isic3_k,2011,304.5
ukr,sex_f,eco_isic3_k,2012,312.3
ukr,sex_f,eco_isic3_l,2009,513.5
ukr,sex_f,eco_isic3_l,2010,516.7
ukr,sex_f,eco_isic3_l,2011,503.3
ukr,sex_f,eco_isic3_l,2012,508.3
ukr,sex_f,eco_isic3_m,2009,1345.5
ukr,sex_f,eco_isic3_m,2010,1318.7
ukr,sex_f,eco_isic3_m,2011,1312.9
ukr,sex_f,eco_isic3_m,2012,1290.7
ukr,sex_f,eco_isic3_n,2009,1085.8
ukr,sex_f,eco_isic3_n,2010,1084.3
ukr,sex_f,eco_isic3_n,2011,1099.7
ukr,sex_f,eco_isic3_n,2012,1084
ukr,sex_f,eco_isic3_o,2009,375.5
ukr,sex_f,eco_isic3_o,2010,368.5
ukr,sex_f,eco_isic3_o,2011,371.2
ukr,sex_f,eco_isic3_o,2012,365.1
ukr,sex_f,eco_isic3_p,2009,26.1
ukr,sex_f,eco_isic3_p,2010,19
ukr,sex_f,eco_isic3_p,2011,23.4
ukr,sex_f,eco_isic3_p,2012,25.7
ukr,sex_f,eco_isic3_q,2009,0
ukr,sex_f,eco_isic3_q,2010,0
ukr,sex_f,eco_isic3_q,2011,0
ukr,sex_f,eco_isic3_q,2012,0
ukr,sex_f,eco_isic3_total,2009,9974.3
ukr,sex_f,eco_isic3_total,2010,9965.6
ukr,sex_f,eco_isic3_total,2011,9881.3
ukr,sex_f,eco_isic3_total,2012,9846.3
ukr,sex_f,eco_isic3_x,2009,103.2
ukr,sex_f,eco_isic3_x,2010,94
ukr,sex_f,eco_isic3_x,2011,23.6
ukr,sex_f,eco_isic3_x,2012,41.9
ukr,sex_f,eco_isic4_a,2013,1896.7
ukr,sex_f,eco_isic4_a,2014,1130.4
ukr,sex_f,eco_isic4_a,2015,1033.5
ukr,sex_f,eco_isic4_a,2016,1030.6
ukr,sex_f,eco_isic4_a,2017,1013.2
ukr,sex_f,eco_isic4_a,2018,1006.263
ukr,sex_f,eco_isic4_a,2019,930.126
ukr,sex_f,eco_isic4_a,2020,902.653
ukr,sex_f,eco_isic4_a,2021,868.836
ukr,sex_f,eco_isic4_b,2013,123.5
ukr,sex_f,eco_isic4_b,2014,128.3
ukr,sex_f,eco_isic4_b,2015,87.3
ukr,sex_f,eco_isic4_b,2016,96.6
ukr,sex_f,eco_isic4_b,2017,93.5
ukr,sex_f,eco_isic4_b,2018,74.894
ukr,sex_f,eco_isic4_b,2019,59.187
ukr,sex_f,eco_isic4_b,2020,59.202
ukr,sex_f,eco_isic4_b,2021,64.64
ukr,sex_f,eco_isic4_c,2013,957.6
ukr,sex_f,eco_isic4_c,2014,875.6
ukr,sex_f,eco_isic4_c,2015,785.9
ukr,sex_f,eco_isic4_c,2016,773.7
ukr,sex_f,eco_isic4_c,2017,749
ukr,sex_f,eco_isic4_c,2018,782.07
ukr,sex_f,eco_isic4_c,2019,857.359
ukr,sex_f,eco_isic4_c,2020,800.403
ukr,sex_f,eco_isic4_c,2021,777.706
ukr,sex_f,eco_isic4_d,2013,140
ukr,sex_f,eco_isic4_d,2014,128
ukr,sex_f,eco_isic4_d,2015,105.9
ukr,sex_f,eco_isic4_d,2016,109.6
ukr,sex_f,eco_isic4_d,2017,107.7
ukr,sex_f,eco_isic4_d,2018,105.853
ukr,sex_f,eco_isic4_d,2019,101.366
ukr,sex_f,eco_isic4_d,2020,93.323
ukr,sex_f,eco_isic4_d,2021,95.131
ukr,sex_f,eco_isic4_e,2013,55.4
ukr,sex_f,eco_isic4_e,2014,44.4
ukr,sex_f,eco_isic4_e,2015,25
ukr,sex_f,eco_isic4_e,2016,34.4
ukr,sex_f,eco_isic4_e,2017,38.3
ukr,sex_f,eco_isic4_e,2018,33.843
ukr,sex_f,eco_isic4_e,2019,42.117
ukr,sex_f,eco_isic4_e,2020,47.035
ukr,sex_f,eco_isic4_e,2021,49.715
ukr,sex_f,eco_isic4_f,2013,121.9
ukr,sex_f,eco_isic4_f,2014,91.7
ukr,sex_f,eco_isic4_f,2015,86.6
ukr,sex_f,eco_isic4_f,2016,86.8
ukr,sex_f,eco_isic4_f,2017,80.7
ukr,sex_f,eco_isic4_f,2018,84.118
ukr,sex_f,eco_isic4_f,2019,93.196
ukr,sex_f,eco_isic4_f,2020,75.587
ukr,sex_f,eco_isic4_f,2021,77.048
ukr,sex_f,eco_isic4_g,2013,1993.7
ukr,sex_f,eco_isic4_g,2014,1796.1
ukr,sex_f,eco_isic4_g,2015,1688.3
ukr,sex_f,eco_isic4_g,2016,1678
ukr,sex_f,eco_isic4_g,2017,1670.5
ukr,sex_f,eco_isic4_g,2018,1763.493
ukr,sex_f,eco_isic4_g,2019,1694.307
ukr,sex_f,eco_isic4_g,2020,1650.628
ukr,sex_f,eco_isic4_g,2021,1650.251
ukr,sex_f,eco_isic4_h,2013,353.1
ukr,sex_f,eco_isic4_h,2014,300.5
ukr,sex_f,eco_isic4_h,2015,272
ukr,sex_f,eco_isic4_h,2016,277.7
ukr,sex_f,eco_isic4_h,2017,290.4
ukr,sex_f,eco_isic4_h,2018,261.406
ukr,sex_f,eco_isic4_h,2019,280.49
ukr,sex_f,eco_isic4_h,2020,276.757
ukr,sex_f,eco_isic4_h,2021,272.251
ukr,sex_f,eco_isic4_i,2013,278
ukr,sex_f,eco_isic4_i,2014,247.8
ukr,sex_f,eco_isic4_i,2015,230.1
ukr,sex_f,eco_isic4_i,2016,237.1
ukr,sex_f,eco_isic4_i,2017,239.7
ukr,sex_f,eco_isic4_i,2018,234.9
ukr,sex_f,eco_isic4_i,2019,291.458
ukr,sex_f,eco_isic4_i,2020,265.413
ukr,sex_f,eco_isic4_i,2021,244.828
ukr,sex_f,eco_isic4_j,2013,104.4
ukr,sex_f,eco_isic4_j,2014,103
ukr,sex_f,eco_isic4_j,2015,93.8
ukr,sex_f,eco_isic4_j,2016,76.8
ukr,sex_f,eco_isic4_j,2017,72.4
ukr,sex_f,eco_isic4_j,2018,81.152
ukr,sex_f,eco_isic4_j,2019,79.375
ukr,sex_f,eco_isic4_j,2020,87.156
ukr,sex_f,eco_isic4_j,2021,100.144
ukr,sex_f,eco_isic4_k,2013,213.2
ukr,sex_f,eco_isic4_k,2014,226.9
ukr,sex_f,eco_isic4_k,2015,199.5
ukr,sex_f,eco_isic4_k,2016,166.9
ukr,sex_f,eco_isic4_k,2017,142.4
ukr,sex_f,eco_isic4_k,2018,158.269
ukr,sex_f,eco_isic4_k,2019,139.39
ukr,sex_f,eco_isic4_k,2020,139.147
ukr,sex_f,eco_isic4_k,2021,151.646
ukr,sex_f,eco_isic4_l,2013,62
ukr,sex_f,eco_isic4_l,2014,47.4
ukr,sex_f,eco_isic4_l,2015,39.8
ukr,sex_f,eco_isic4_l,2016,31.1
ukr,sex_f,eco_isic4_l,2017,28.2
ukr,sex_f,eco_isic4_l,2018,32.969
ukr,sex_f,eco_isic4_l,2019,35.081
ukr,sex_f,eco_isic4_l,2020,37.77
ukr,sex_f,eco_isic4_l,2021,36.902
ukr,sex_f,eco_isic4_m,2013,182.6
ukr,sex_f,eco_isic4_m,2014,181.1
ukr,sex_f,eco_isic4_m,2015,170.7
ukr,sex_f,eco_isic4_m,2016,151.9
ukr,sex_f,eco_isic4_m,2017,159.8
ukr,sex_f,eco_isic4_m,2018,172.451
ukr,sex_f,eco_isic4_m,2019,164.131
ukr,sex_f,eco_isic4_m,2020,162.812
ukr,sex_f,eco_isic4_m,2021,168.063
ukr,sex_f,eco_isic4_n,2013,99.5
ukr,sex_f,eco_isic4_n,2014,99.3
ukr,sex_f,eco_isic4_n,2015,92.1
ukr,sex_f,eco_isic4_n,2016,100.2
ukr,sex_f,eco_isic4_n,2017,98.7
ukr,sex_f,eco_isic4_n,2018,97.549
ukr,sex_f,eco_isic4_n,2019,117.83
ukr,sex_f,eco_isic4_n,2020,117.29
ukr,sex_f,eco_isic4_n,2021,112.301
ukr,sex_f,eco_isic4_o,2013,489.7
ukr,sex_f,eco_isic4_o,2014,505.1
ukr,sex_f,eco_isic4_o,2015,448.6
ukr,sex_f,eco_isic4_o,2016,440.7
ukr,sex_f,eco_isic4_o,2017,453.2
ukr,sex_f,eco_isic4_o,2018,462.283
ukr,sex_f,eco_isic4_o,2019,474.568
ukr,sex_f,eco_isic4_o,2020,473.962
ukr,sex_f,eco_isic4_o,2021,432.222
ukr,sex_f,eco_isic4_p,2013,1314.3
ukr,sex_f,eco_isic4_p,2014,1381.3
ukr,sex_f,eco_isic4_p,2015,1251.4
ukr,sex_f,eco_isic4_p,2016,1248.7
ukr,sex_f,eco_isic4_p,2017,1239.2
ukr,sex_f,eco_isic4_p,2018,1252.827
ukr,sex_f,eco_isic4_p,2019,1263.259
ukr,sex_f,eco_isic4_p,2020,1214.618
ukr,sex_f,eco_isic4_p,2021,1163.086
ukr,sex_f,eco_isic4_q,2013,1039.4
ukr,sex_f,eco_isic4_q,2014,1057.8
ukr,sex_f,eco_isic4_q,2015,899.8
ukr,sex_f,eco_isic4_q,2016,893.8
ukr,sex_f,eco_isic4_q,2017,898.4
ukr,sex_f,eco_isic4_q,2018,886.366
ukr,sex_f,eco_isic4_q,2019,932.898
ukr,sex_f,eco_isic4_q,2020,859.545
ukr,sex_f,eco_isic4_q,2021,827.819
ukr,sex_f,eco_isic4_r,2013,127.1
ukr,sex_f,eco_isic4_r,2014,120
ukr,sex_f,eco_isic4_r,2015,110.3
ukr,sex_f,eco_isic4_r,2016,117.4
ukr,sex_f,eco_isic4_r,2017,122.4
ukr,sex_f,eco_isic4_r,2018,124.631
ukr,sex_f,eco_isic4_r,2019,124.862
ukr,sex_f,eco_isic4_r,2020,118.274
ukr,sex_f,eco_isic4_r,2021,106.959
ukr,sex_f,eco_isic4_s,2013,265.4
ukr,sex_f,eco_isic4_s,2014,196
ukr,sex_f,eco_isic4_s,2015,188.1
ukr,sex_f,eco_isic4_s,2016,204.4
ukr,sex_f,eco_isic4_s,2017,206.2
ukr,sex_f,eco_isic4_s,2018,228.083
ukr,sex_f,eco_isic4_s,2019,245.014
ukr,sex_f,eco_isic4_s,2020,228.57
ukr,sex_f,eco_isic4_s,2021,216.057
ukr,sex_f,eco_isic4_t,2013,30.1
ukr,sex_f,eco_isic4_t,2014,58.2
ukr,sex_f,eco_isic4_t,2015,63.7
ukr,sex_f,eco_isic4_t,2016,70.8
ukr,sex_f,eco_isic4_t,2017,67.3
ukr,sex_f,eco_isic4_t,2018,67.311
ukr,sex_f,eco_isic4_t,2019,48.089
ukr,sex_f,eco_isic4_t,2020,39.866
ukr,sex_f,eco_isic4_t,2021,35.809
ukr,sex_f,eco_isic4_total,2013,9847.6
ukr,sex_f,eco_isic4_total,2014,8718.9
ukr,sex_f,eco_isic4_total,2015,7872.4
ukr,sex_f,eco_isic4_total,2016,7827.4
ukr,sex_f,eco_isic4_total,2017,7771.2
ukr,sex_f,eco_isic4_total,2018,7910.73
ukr,sex_f,eco_isic4_total,2019,7974.256
ukr,sex_f,eco_isic4_total,2020,7650.011
ukr,sex_f,eco_isic4_total,2021,7451.415
ukr,sex_f,eco_isic4_u,2013,0
ukr,sex_f,eco_isic4_u,2014,0
ukr,sex_f,eco_isic4_u,2016,0.2
ukr,sex_f,eco_isic4_u,2017,0
ukr,sex_f,eco_isic4_x,2013,0
ukr,sex_f,eco_isic4_x,2014,0
ukr,sex_f,eco_sector_agr,2009,1910.7
ukr,sex_f,eco_sector_agr,2010,1938.6
ukr,sex_f,eco_sector_agr,2011,1945.2
ukr,sex_f,eco_sector_agr,2012,1879.7
ukr,sex_f,eco_sector_agr,2013,1896.7
ukr,sex_f,eco_sector_agr,2014,1130.4
ukr,sex_f,eco_sector_agr,2015,1033.5
ukr,sex_f,eco_sector_agr,2016,1030.6
ukr,sex_f,eco_sector_agr,2017,1013.2
ukr,sex_f,eco_sector_agr,2018,1006.263
ukr,sex_f,eco_sector_agr,2019,930.126
ukr,sex_f,eco_sector_agr,2020,902.653
ukr,sex_f,eco_sector_agr,2021,868.836
ukr,sex_f,eco_sector_ind,2009,1529.4
ukr,sex_f,eco_sector_ind,2010,1522.3
ukr,sex_f,eco_sector_ind,2011,1505.9
ukr,sex_f,eco_sector_ind,2012,1489.2
ukr,sex_f,eco_sector_ind,2013,1398.4
ukr,sex_f,eco_sector_ind,2014,1268
ukr,sex_f,eco_sector_ind,2015,1090.7
ukr,sex_f,eco_sector_ind,2016,1101.1
ukr,sex_f,eco_sector_ind,2017,1069.2
ukr,sex_f,eco_sector_ind,2018,1080.778
ukr,sex_f,eco_sector_ind,2019,1153.225
ukr,sex_f,eco_sector_ind,2020,1075.551
ukr,sex_f,eco_sector_ind,2021,1064.24
ukr,sex_f,eco_sector_nag,2009,8063.6
ukr,sex_f,eco_sector_nag,2010,8027
ukr,sex_f,eco_sector_nag,2011,7936.1
ukr,sex_f,eco_sector_nag,2012,7966.6
ukr,sex_f,eco_sector_nag,2013,7950.9
ukr,sex_f,eco_sector_nag,2014,7588.5
ukr,sex_f,eco_sector_nag,2015,6838.9
ukr,sex_f,eco_sector_nag,2016,6796.8
ukr,sex_f,eco_sector_nag,2017,6758
ukr,sex_f,eco_sector_nag,2018,6904.467
ukr,sex_f,eco_sector_nag,2019,7044.13
ukr,sex_f,eco_sector_nag,2020,6747.358
ukr,sex_f,eco_sector_nag,2021,6582.58
ukr,sex_f,eco_sector_ser,2009,6431
ukr,sex_f,eco_sector_ser,2010,6410.7
ukr,sex_f,eco_sector_ser,2011,6406.6
ukr,sex_f,eco_sector_ser,2012,6435.5
ukr,sex_f,eco_sector_ser,2013,6552.5
ukr,sex_f,eco_sector_ser,2014,6320.5
ukr,sex_f,eco_sector_ser,2015,5684.5
ukr,sex_f,eco_sector_ser,2016,5695.7
ukr,sex_f,eco_sector_ser,2017,5688.8
ukr,sex_f,eco_sector_ser,2018,5823.689
ukr,sex_f,eco_sector_ser,2019,5890.905
ukr,sex_f,eco_sector_ser,2020,5671.808
ukr,sex_f,eco_sector_ser,2021,5518.34
ukr,sex_f,eco_sector_total,1995,12132.6
ukr,sex_f,eco_sector_total,1996,11981.3
ukr,sex_f,eco_sector_total,1997,12124
ukr,sex_f,eco_sector_total,1998,11757.6
ukr,sex_f,eco_sector_total,1999,9904.1
ukr,sex_f,eco_sector_total,2000,9856.9
ukr,sex_f,eco_sector_total,2001,9794.8
ukr,sex_f,eco_sector_total,2002,9901.3
ukr,sex_f,eco_sector_total,2003,9963.6
ukr,sex_f,eco_sector_total,2004,10006.975
ukr,sex_f,eco_sector_total,2005,10075.55
ukr,sex_f,eco_sector_total,2006,10054.825
ukr,sex_f,eco_sector_total,2007,10139.95
ukr,sex_f,eco_sector_total,2008,10122.55
ukr,sex_f,eco_sector_total,2009,9974.3
ukr,sex_f,eco_sector_total,2010,9965.6
ukr,sex_f,eco_sector_total,2011,9881.3
ukr,sex_f,eco_sector_total,2012,9846.3
ukr,sex_f,eco_sector_total,2013,9847.6
ukr,sex_f,eco_sector_total,2014,8718.9
ukr,sex_f,eco_sector_total,2015,7872.4
ukr,sex_f,eco_sector_total,2016,7827.4
ukr,sex_f,eco_sector_total,2017,7771.2
ukr,sex_f,eco_sector_total,2018,7910.73
ukr,sex_f,eco_sector_total,2019,7974.256
ukr,sex_f,eco_sector_total,2020,7650.011
ukr,sex_f,eco_sector_total,2021,7451.415
ukr,sex_f,eco_sector_x,2009,103.2
ukr,sex_f,eco_sector_x,2010,94
ukr,sex_f,eco_sector_x,2011,23.6
ukr,sex_f,eco_sector_x,2012,41.9
ukr,sex_m,eco_aggregate_agr,2009,2124.6
ukr,sex_m,eco_aggregate_agr,2010,2151.1
ukr,sex_m,eco_aggregate_agr,2011,2172.4
ukr,sex_m,eco_aggregate_agr,2012,2143.1
ukr,sex_m,eco_aggregate_agr,2013,2186.1
ukr,sex_m,eco_aggregate_agr,2014,1539.5
ukr,sex_m,eco_aggregate_agr,2015,1475.3
ukr,sex_m,eco_aggregate_agr,2016,1508.5
ukr,sex_m,eco_aggregate_agr,2017,1476.2
ukr,sex_m,eco_aggregate_agr,2018,1432.339
ukr,sex_m,eco_aggregate_agr,2019,1388.034
ukr,sex_m,eco_aggregate_agr,2020,1356.272
ukr,sex_m,eco_aggregate_agr,2021,1346.473
ukr,sex_m,eco_aggregate_con,2009,1158.3
ukr,sex_m,eco_aggregate_con,2010,1170.8
ukr,sex_m,eco_aggregate_con,2011,1177.5
ukr,sex_m,eco_aggregate_con,2012,1149.5
ukr,sex_m,eco_aggregate_con,2013,1118.2
ukr,sex_m,eco_aggregate_con,2014,1044.3
ukr,sex_m,eco_aggregate_con,2015,1029.2
ukr,sex_m,eco_aggregate_con,2016,986.5
ukr,sex_m,eco_aggregate_con,2017,980.2
ukr,sex_m,eco_aggregate_con,2018,985.607
ukr,sex_m,eco_aggregate_con,2019,1097.583
ukr,sex_m,eco_aggregate_con,2020,1037.882
ukr,sex_m,eco_aggregate_con,2021,1024.428
ukr,sex_m,eco_aggregate_man,2009,1643.6
ukr,sex_m,eco_aggregate_man,2010,1618.3
ukr,sex_m,eco_aggregate_man,2011,1611.1
ukr,sex_m,eco_aggregate_man,2012,1653.1
ukr,sex_m,eco_aggregate_man,2013,1614.8
ukr,sex_m,eco_aggregate_man,2014,1473.6
ukr,sex_m,eco_aggregate_man,2015,1282.6
ukr,sex_m,eco_aggregate_man,2016,1224.3
ukr,sex_m,eco_aggregate_man,2017,1247.3
ukr,sex_m,eco_aggregate_man,2018,1287.161
ukr,sex_m,eco_aggregate_man,2019,1345.626
ukr,sex_m,eco_aggregate_man,2020,1288.693
ukr,sex_m,eco_aggregate_man,2021,1301.416
ukr,sex_m,eco_aggregate_mel,2009,859
ukr,sex_m,eco_aggregate_mel,2010,853.9
ukr,sex_m,eco_aggregate_mel,2011,899.4
ukr,sex_m,eco_aggregate_mel,2012,943.2
ukr,sex_m,eco_aggregate_mel,2013,930
ukr,sex_m,eco_aggregate_mel,2014,938.5
ukr,sex_m,eco_aggregate_mel,2015,657.4
ukr,sex_m,eco_aggregate_mel,2016,634.4
ukr,sex_m,eco_aggregate_mel,2017,628.5
ukr,sex_m,eco_aggregate_mel,2018,623.952
ukr,sex_m,eco_aggregate_mel,2019,566.775
ukr,sex_m,eco_aggregate_mel,2020,554.692
ukr,sex_m,eco_aggregate_mel,2021,567.571
ukr,sex_m,eco_aggregate_mkt,2009,2957.6
ukr,sex_m,eco_aggregate_mkt,2010,3029.4
ukr,sex_m,eco_aggregate_mkt,2011,3129.7
ukr,sex_m,eco_aggregate_mkt,2012,3142.5
ukr,sex_m,eco_aggregate_mkt,2013,3278.4
ukr,sex_m,eco_aggregate_mkt,2014,2948.9
ukr,sex_m,eco_aggregate_mkt,2015,2801.7
ukr,sex_m,eco_aggregate_mkt,2016,2764.6
ukr,sex_m,eco_aggregate_mkt,2017,2782.2
ukr,sex_m,eco_aggregate_mkt,2018,2847.491
ukr,sex_m,eco_aggregate_mkt,2019,2973.966
ukr,sex_m,eco_aggregate_mkt,2020,2827.95
ukr,sex_m,eco_aggregate_mkt,2021,2803.853
ukr,sex_m,eco_aggregate_pub,2009,1411.2
ukr,sex_m,eco_aggregate_pub,2010,1422.3
ukr,sex_m,eco_aggregate_pub,2011,1395
ukr,sex_m,eco_aggregate_pub,2012,1387.9
ukr,sex_m,eco_aggregate_pub,2013,1429
ukr,sex_m,eco_aggregate_pub,2014,1409.6
ukr,sex_m,eco_aggregate_pub,2015,1240.9
ukr,sex_m,eco_aggregate_pub,2016,1331.2
ukr,sex_m,eco_aggregate_pub,2017,1270.8
ukr,sex_m,eco_aggregate_pub,2018,1273.586
ukr,sex_m,eco_aggregate_pub,2019,1321.745
ukr,sex_m,eco_aggregate_pub,2020,1280.053
ukr,sex_m,eco_aggregate_pub,2021,1198.213
ukr,sex_m,eco_aggregate_total,2009,10217.2
ukr,sex_m,eco_aggregate_total,2010,10300.4
ukr,sex_m,eco_aggregate_total,2011,10442.9
ukr,sex_m,eco_aggregate_total,2012,10508
ukr,sex_m,eco_aggregate_total,2013,10556.5
ukr,sex_m,eco_aggregate_total,2014,9354.4
ukr,sex_m,eco_aggregate_total,2015,8570.8
ukr,sex_m,eco_aggregate_total,2016,8449.5
ukr,sex_m,eco_aggregate_total,2017,8385.2
ukr,sex_m,eco_aggregate_total,2018,8450.137
ukr,sex_m,eco_aggregate_total,2019,8693.728
ukr,sex_m,eco_aggregate_total,2020,8345.542
ukr,sex_m,eco_aggregate_total,2021,8241.954
ukr,sex_m,eco_aggregate_x,2009,62.9
ukr,sex_m,eco_aggregate_x,2010,54.6
ukr,sex_m,eco_aggregate_x,2011,57.8
ukr,sex_m,eco_aggregate_x,2012,88.7
ukr,sex_m,eco_isic3_a,2009,2104.1
ukr,sex_m,eco_isic3_a,2010,2131.1
ukr,sex_m,eco_isic3_a,2011,2153.7
ukr,sex_m,eco_isic3_a,2012,2127.5
ukr,sex_m,eco_isic3_b,2009,20.5
ukr,sex_m,eco_isic3_b,2010,20
ukr,sex_m,eco_isic3_b,2011,18.7
ukr,sex_m,eco_isic3_b,2012,15.6
ukr,sex_m,eco_isic3_c,2009,480.1
ukr,sex_m,eco_isic3_c,2010,473
ukr,sex_m,eco_isic3_c,2011,504.7
ukr,sex_m,eco_isic3_c,2012,542.1
ukr,sex_m,eco_isic3_d,2009,1643.6
ukr,sex_m,eco_isic3_d,2010,1618.3
ukr,sex_m,eco_isic3_d,2011,1611.1
ukr,sex_m,eco_isic3_d,2012,1653.1
ukr,sex_m,eco_isic3_e,2009,378.9
ukr,sex_m,eco_isic3_e,2010,380.9
ukr,sex_m,eco_isic3_e,2011,394.7
ukr,sex_m,eco_isic3_e,2012,401.1
ukr,sex_m,eco_isic3_f,2009,1158.3
ukr,sex_m,eco_isic3_f,2010,1170.8
ukr,sex_m,eco_isic3_f,2011,1177.5
ukr,sex_m,eco_isic3_f,2012,1149.5
ukr,sex_m,eco_isic3_g,2009,1355.3
ukr,sex_m,eco_isic3_g,2010,1413.7
ukr,sex_m,eco_isic3_g,2011,1491.1
ukr,sex_m,eco_isic3_g,2012,1485.4
ukr,sex_m,eco_isic3_h,2009,79.6
ukr,sex_m,eco_isic3_h,2010,81.6
ukr,sex_m,eco_isic3_h,2011,99.2
ukr,sex_m,eco_isic3_h,2012,106.1
ukr,sex_m,eco_isic3_i,2009,1019.2
ukr,sex_m,eco_isic3_i,2010,1022.4
ukr,sex_m,eco_isic3_i,2011,980.8
ukr,sex_m,eco_isic3_i,2012,978.9
ukr,sex_m,eco_isic3_j,2009,115.2
ukr,sex_m,eco_isic3_j,2010,123.4
ukr,sex_m,eco_isic3_j,2011,133.6
ukr,sex_m,eco_isic3_j,2012,120.6
ukr,sex_m,eco_isic3_k,2009,388.3
ukr,sex_m,eco_isic3_k,2010,388.3
ukr,sex_m,eco_isic3_k,2011,425
ukr,sex_m,eco_isic3_k,2012,451.5
ukr,sex_m,eco_isic3_l,2009,572.2
ukr,sex_m,eco_isic3_l,2010,590.1
ukr,sex_m,eco_isic3_l,2011,562.5
ukr,sex_m,eco_isic3_l,2012,546.5
ukr,sex_m,eco_isic3_m,2009,373
ukr,sex_m,eco_isic3_m,2010,365.3
ukr,sex_m,eco_isic3_m,2011,353.5
ukr,sex_m,eco_isic3_m,2012,356.2
ukr,sex_m,eco_isic3_n,2009,265
ukr,sex_m,eco_isic3_n,2010,253.8
ukr,sex_m,eco_isic3_n,2011,263.2
ukr,sex_m,eco_isic3_n,2012,276.7
ukr,sex_m,eco_isic3_o,2009,182.2
ukr,sex_m,eco_isic3_o,2010,192
ukr,sex_m,eco_isic3_o,2011,175
ukr,sex_m,eco_isic3_o,2012,181.8
ukr,sex_m,eco_isic3_p,2009,18.8
ukr,sex_m,eco_isic3_p,2010,21.1
ukr,sex_m,eco_isic3_p,2011,39.6
ukr,sex_m,eco_isic3_p,2012,26.1
ukr,sex_m,eco_isic3_q,2009,0
ukr,sex_m,eco_isic3_q,2010,0
ukr,sex_m,eco_isic3_q,2011,1.2
ukr,sex_m,eco_isic3_q,2012,0.6
ukr,sex_m,eco_isic3_total,2009,10217.2
ukr,sex_m,eco_isic3_total,2010,10300.4
ukr,sex_m,eco_isic3_total,2011,10442.9
ukr,sex_m,eco_isic3_total,2012,10508
ukr,sex_m,eco_isic3_x,2009,62.9
ukr,sex_m,eco_isic3_x,2010,54.6
ukr,sex_m,eco_isic3_x,2011,57.8
ukr,sex_m,eco_isic3_x,2012,88.7
ukr,sex_m,eco_isic4_a,2013,2186.1
ukr,sex_m,eco_isic4_a,2014,1539.5
ukr,sex_m,eco_isic4_a,2015,1475.3
ukr,sex_m,eco_isic4_a,2016,1508.5
ukr,sex_m,eco_isic4_a,2017,1476.2
ukr,sex_m,eco_isic4_a,2018,1432.339
ukr,sex_m,eco_isic4_a,2019,1388.034
ukr,sex_m,eco_isic4_a,2020,1356.272
ukr,sex_m,eco_isic4_a,2021,1346.473
ukr,sex_m,eco_isic4_b,2013,514.9
ukr,sex_m,eco_isic4_b,2014,566.5
ukr,sex_m,eco_isic4_b,2015,311.8
ukr,sex_m,eco_isic4_b,2016,306.6
ukr,sex_m,eco_isic4_b,2017,307.8
ukr,sex_m,eco_isic4_b,2018,302.728
ukr,sex_m,eco_isic4_b,2019,237.763
ukr,sex_m,eco_isic4_b,2020,223.549
ukr,sex_m,eco_isic4_b,2021,235.136
ukr,sex_m,eco_isic4_c,2013,1614.8
ukr,sex_m,eco_isic4_c,2014,1473.6
ukr,sex_m,eco_isic4_c,2015,1282.6
ukr,sex_m,eco_isic4_c,2016,1224.3
ukr,sex_m,eco_isic4_c,2017,1247.3
ukr,sex_m,eco_isic4_c,2018,1287.161
ukr,sex_m,eco_isic4_c,2019,1345.626
ukr,sex_m,eco_isic4_c,2020,1288.693
ukr,sex_m,eco_isic4_c,2021,1301.416
ukr,sex_m,eco_isic4_d,2013,311.1
ukr,sex_m,eco_isic4_d,2014,292.9
ukr,sex_m,eco_isic4_d,2015,283.8
ukr,sex_m,eco_isic4_d,2016,265.7
ukr,sex_m,eco_isic4_d,2017,251.3
ukr,sex_m,eco_isic4_d,2018,251.135
ukr,sex_m,eco_isic4_d,2019,251.19
ukr,sex_m,eco_isic4_d,2020,252.984
ukr,sex_m,eco_isic4_d,2021,244.278
ukr,sex_m,eco_isic4_e,2013,104
ukr,sex_m,eco_isic4_e,2014,79.1
ukr,sex_m,eco_isic4_e,2015,61.8
ukr,sex_m,eco_isic4_e,2016,62.1
ukr,sex_m,eco_isic4_e,2017,69.4
ukr,sex_m,eco_isic4_e,2018,70.09
ukr,sex_m,eco_isic4_e,2019,77.821
ukr,sex_m,eco_isic4_e,2020,78.159
ukr,sex_m,eco_isic4_e,2021,88.158
ukr,sex_m,eco_isic4_f,2013,1118.2
ukr,sex_m,eco_isic4_f,2014,1044.3
ukr,sex_m,eco_isic4_f,2015,1029.2
ukr,sex_m,eco_isic4_f,2016,986.5
ukr,sex_m,eco_isic4_f,2017,980.2
ukr,sex_m,eco_isic4_f,2018,985.607
ukr,sex_m,eco_isic4_f,2019,1097.583
ukr,sex_m,eco_isic4_f,2020,1037.882
ukr,sex_m,eco_isic4_f,2021,1024.428
ukr,sex_m,eco_isic4_g,2013,1487.4
ukr,sex_m,eco_isic4_g,2014,1326.9
ukr,sex_m,eco_isic4_g,2015,1257.7
ukr,sex_m,eco_isic4_g,2016,1227.7
ukr,sex_m,eco_isic4_g,2017,1316.2
ukr,sex_m,eco_isic4_g,2018,1298.962
ukr,sex_m,eco_isic4_g,2019,1325.071
ukr,sex_m,eco_isic4_g,2020,1217.324
ukr,sex_m,eco_isic4_g,2021,1221.649
ukr,sex_m,eco_isic4_h,2013,942.9
ukr,sex_m,eco_isic4_h,2014,871
ukr,sex_m,eco_isic4_h,2015,792.5
ukr,sex_m,eco_isic4_h,2016,778.8
ukr,sex_m,eco_isic4_h,2017,750.1
ukr,sex_m,eco_isic4_h,2018,808.36
ukr,sex_m,eco_isic4_h,2019,863.899
ukr,sex_m,eco_isic4_h,2020,837.61
ukr,sex_m,eco_isic4_h,2021,858.472
ukr,sex_m,eco_isic4_i,2013,110.4
ukr,sex_m,eco_isic4_i,2014,91.5
ukr,sex_m,eco_isic4_i,2015,107.8
ukr,sex_m,eco_isic4_i,2016,111.6
ukr,sex_m,eco_isic4_i,2017,100
ukr,sex_m,eco_isic4_i,2018,104.538
ukr,sex_m,eco_isic4_i,2019,115.218
ukr,sex_m,eco_isic4_i,2020,113.401
ukr,sex_m,eco_isic4_i,2021,106.368
ukr,sex_m,eco_isic4_j,2013,193.9
ukr,sex_m,eco_isic4_j,2014,192.9
ukr,sex_m,eco_isic4_j,2015,190.4
ukr,sex_m,eco_isic4_j,2016,201.5
ukr,sex_m,eco_isic4_j,2017,208.1
ukr,sex_m,eco_isic4_j,2018,212.07
ukr,sex_m,eco_isic4_j,2019,220.955
ukr,sex_m,eco_isic4_j,2020,217.598
ukr,sex_m,eco_isic4_j,2021,201.335
ukr,sex_m,eco_isic4_k,2013,120.1
ukr,sex_m,eco_isic4_k,2014,109.8
ukr,sex_m,eco_isic4_k,2015,100.5
ukr,sex_m,eco_isic4_k,2016,82.4
ukr,sex_m,eco_isic4_k,2017,79.5
ukr,sex_m,eco_isic4_k,2018,82.088
ukr,sex_m,eco_isic4_k,2019,81.059
ukr,sex_m,eco_isic4_k,2020,77.531
ukr,sex_m,eco_isic4_k,2021,73.9
ukr,sex_m,eco_isic4_l,2013,59.6
ukr,sex_m,eco_isic4_l,2014,42.5
ukr,sex_m,eco_isic4_l,2015,34.1
ukr,sex_m,eco_isic4_l,2016,34.5
ukr,sex_m,eco_isic4_l,2017,23.2
ukr,sex_m,eco_isic4_l,2018,21.297
ukr,sex_m,eco_isic4_l,2019,27.417
ukr,sex_m,eco_isic4_l,2020,30.625
ukr,sex_m,eco_isic4_l,2021,26.936
ukr,sex_m,eco_isic4_m,2013,204.4
ukr,sex_m,eco_isic4_m,2014,162.5
ukr,sex_m,eco_isic4_m,2015,167.7
ukr,sex_m,eco_isic4_m,2016,165.2
ukr,sex_m,eco_isic4_m,2017,153.4
ukr,sex_m,eco_isic4_m,2018,169.073
ukr,sex_m,eco_isic4_m,2019,162.457
ukr,sex_m,eco_isic4_m,2020,149.174
ukr,sex_m,eco_isic4_m,2021,150.265
ukr,sex_m,eco_isic4_n,2013,159.7
ukr,sex_m,eco_isic4_n,2014,151.8
ukr,sex_m,eco_isic4_n,2015,151
ukr,sex_m,eco_isic4_n,2016,162.9
ukr,sex_m,eco_isic4_n,2017,151.7
ukr,sex_m,eco_isic4_n,2018,151.104
ukr,sex_m,eco_isic4_n,2019,177.889
ukr,sex_m,eco_isic4_n,2020,184.687
ukr,sex_m,eco_isic4_n,2021,164.929
ukr,sex_m,eco_isic4_o,2013,526.5
ukr,sex_m,eco_isic4_o,2014,520.8
ukr,sex_m,eco_isic4_o,2015,480.7
ukr,sex_m,eco_isic4_o,2016,503
ukr,sex_m,eco_isic4_o,2017,478
ukr,sex_m,eco_isic4_o,2018,494.034
ukr,sex_m,eco_isic4_o,2019,530.501
ukr,sex_m,eco_isic4_o,2020,528.774
ukr,sex_m,eco_isic4_o,2021,508.841
ukr,sex_m,eco_isic4_p,2013,366.1
ukr,sex_m,eco_isic4_p,2014,386.6
ukr,sex_m,eco_isic4_p,2015,354.4
ukr,sex_m,eco_isic4_p,2016,334.2
ukr,sex_m,eco_isic4_p,2017,313.4
ukr,sex_m,eco_isic4_p,2018,312.139
ukr,sex_m,eco_isic4_p,2019,339.119
ukr,sex_m,eco_isic4_p,2020,311.769
ukr,sex_m,eco_isic4_p,2021,285.203
ukr,sex_m,eco_isic4_q,2013,239.6
ukr,sex_m,eco_isic4_q,2014,242.7
ukr,sex_m,eco_isic4_q,2015,234.4
ukr,sex_m,eco_isic4_q,2016,221.5
ukr,sex_m,eco_isic4_q,2017,207.6
ukr,sex_m,eco_isic4_q,2018,202.251
ukr,sex_m,eco_isic4_q,2019,227.26
ukr,sex_m,eco_isic4_q,2020,224.156
ukr,sex_m,eco_isic4_q,2021,215.45
ukr,sex_m,eco_isic4_r,2013,65.5
ukr,sex_m,eco_isic4_r,2014,63.5
ukr,sex_m,eco_isic4_r,2015,58
ukr,sex_m,eco_isic4_r,2016,59.2
ukr,sex_m,eco_isic4_r,2017,57.4
ukr,sex_m,eco_isic4_r,2018,67.224
ukr,sex_m,eco_isic4_r,2019,80.914
ukr,sex_m,eco_isic4_r,2020,73.025
ukr,sex_m,eco_isic4_r,2021,63.983
ukr,sex_m,eco_isic4_s,2013,209.6
ukr,sex_m,eco_isic4_s,2014,114.8
ukr,sex_m,eco_isic4_s,2015,113.4
ukr,sex_m,eco_isic4_s,2016,126.9
ukr,sex_m,eco_isic4_s,2017,122
ukr,sex_m,eco_isic4_s,2018,104.706
ukr,sex_m,eco_isic4_s,2019,111.356
ukr,sex_m,eco_isic4_s,2020,110.451
ukr,sex_m,eco_isic4_s,2021,102.484
ukr,sex_m,eco_isic4_t,2013,21.7
ukr,sex_m,eco_isic4_t,2014,81.2
ukr,sex_m,eco_isic4_t,2015,83.7
ukr,sex_m,eco_isic4_t,2016,86.4
ukr,sex_m,eco_isic4_t,2017,92.4
ukr,sex_m,eco_isic4_t,2018,93.233
ukr,sex_m,eco_isic4_t,2019,31.963
ukr,sex_m,eco_isic4_t,2020,31.29
ukr,sex_m,eco_isic4_t,2021,22.254
ukr,sex_m,eco_isic4_total,2013,10556.5
ukr,sex_m,eco_isic4_total,2014,9354.4
ukr,sex_m,eco_isic4_total,2015,8570.8
ukr,sex_m,eco_isic4_total,2016,8449.5
ukr,sex_m,eco_isic4_total,2017,8385.2
ukr,sex_m,eco_isic4_total,2018,8450.137
ukr,sex_m,eco_isic4_total,2019,8693.728
ukr,sex_m,eco_isic4_total,2020,8345.542
ukr,sex_m,eco_isic4_total,2021,8241.954
ukr,sex_m,eco_isic4_u,2013,0
ukr,sex_m,eco_isic4_u,2014,0
ukr,sex_m,eco_isic4_u,2016,0
ukr,sex_m,eco_isic4_u,2017,0
ukr,sex_m,eco_isic4_x,2013,0
ukr,sex_m,eco_isic4_x,2014,0
ukr,sex_m,eco_sector_agr,2009,2124.6
ukr,sex_m,eco_sector_agr,2010,2151.1
ukr,sex_m,eco_sector_agr,2011,2172.4
ukr,sex_m,eco_sector_agr,2012,2143.1
ukr,sex_m,eco_sector_agr,2013,2186.1
ukr,sex_m,eco_sector_agr,2014,1539.5
ukr,sex_m,eco_sector_agr,2015,1475.3
ukr,sex_m,eco_sector_agr,2016,1508.5
ukr,sex_m,eco_sector_agr,2017,1476.2
ukr,sex_m,eco_sector_agr,2018,1432.339
ukr,sex_m,eco_sector_agr,2019,1388.034
ukr,sex_m,eco_sector_agr,2020,1356.272
ukr,sex_m,eco_sector_agr,2021,1346.473
ukr,sex_m,eco_sector_ind,2009,3660.9
ukr,sex_m,eco_sector_ind,2010,3643
ukr,sex_m,eco_sector_ind,2011,3688
ukr,sex_m,eco_sector_ind,2012,3745.8
ukr,sex_m,eco_sector_ind,2013,3663
ukr,sex_m,eco_sector_ind,2014,3456.4
ukr,sex_m,eco_sector_ind,2015,2969.2
ukr,sex_m,eco_sector_ind,2016,2845.2
ukr,sex_m,eco_sector_ind,2017,2856
ukr,sex_m,eco_sector_ind,2018,2896.721
ukr,sex_m,eco_sector_ind,2019,3009.984
ukr,sex_m,eco_sector_ind,2020,2881.267
ukr,sex_m,eco_sector_ind,2021,2893.415
ukr,sex_m,eco_sector_nag,2009,8092.6
ukr,sex_m,eco_sector_nag,2010,8149.3
ukr,sex_m,eco_sector_nag,2011,8270.5
ukr,sex_m,eco_sector_nag,2012,8364.9
ukr,sex_m,eco_sector_nag,2013,8370.4
ukr,sex_m,eco_sector_nag,2014,7814.9
ukr,sex_m,eco_sector_nag,2015,7095.5
ukr,sex_m,eco_sector_nag,2016,6941
ukr,sex_m,eco_sector_nag,2017,6909
ukr,sex_m,eco_sector_nag,2018,7017.798
ukr,sex_m,eco_sector_nag,2019,7305.694
ukr,sex_m,eco_sector_nag,2020,6989.27
ukr,sex_m,eco_sector_nag,2021,6895.481
ukr,sex_m,eco_sector_ser,2009,4368.8
ukr,sex_m,eco_sector_ser,2010,4451.7
ukr,sex_m,eco_sector_ser,2011,4524.7
ukr,sex_m,eco_sector_ser,2012,4530.4
ukr,sex_m,eco_sector_ser,2013,4707.4
ukr,sex_m,eco_sector_ser,2014,4358.5
ukr,sex_m,eco_sector_ser,2015,4042.6
ukr,sex_m,eco_sector_ser,2016,4095.8
ukr,sex_m,eco_sector_ser,2017,4053
ukr,sex_m,eco_sector_ser,2018,4121.077
ukr,sex_m,eco_sector_ser,2019,4295.71
ukr,sex_m,eco_sector_ser,2020,4108.003
ukr,sex_m,eco_sector_ser,2021,4002.066
ukr,sex_m,eco_sector_total,1995,11992.5
ukr,sex_m,eco_sector_total,1996,12132.7
ukr,sex_m,eco_sector_total,1997,11631.5
ukr,sex_m,eco_sector_total,1998,11240.8
ukr,sex_m,eco_sector_total,1999,10043.7
ukr,sex_m,eco_sector_total,2000,10318.1
ukr,sex_m,eco_sector_total,2001,10176.7
ukr,sex_m,eco_sector_total,2002,10189.9
ukr,sex_m,eco_sector_total,2003,10199.7
ukr,sex_m,eco_sector_total,2004,10288.725
ukr,sex_m,eco_sector_total,2005,10604.425
ukr,sex_m,eco_sector_total,2006,10675.6
ukr,sex_m,eco_sector_total,2007,10764.8
ukr,sex_m,eco_sector_total,2008,10849.775
ukr,sex_m,eco_sector_total,2009,10217.2
ukr,sex_m,eco_sector_total,2010,10300.4
ukr,sex_m,eco_sector_total,2011,10442.9
ukr,sex_m,eco_sector_total,2012,10508
ukr,sex_m,eco_sector_total,2013,10556.5
ukr,sex_m,eco_sector_total,2014,9354.4
ukr,sex_m,eco_sector_total,2015,8570.8
ukr,sex_m,eco_sector_total,2016,8449.5
ukr,sex_m,eco_sector_total,2017,8385.2
ukr,sex_m,eco_sector_total,2018,8450.137
ukr,sex_m,eco_sector_total,2019,8693.728
ukr,sex_m,eco_sector_total,2020,8345.542
ukr,sex_m,eco_sector_total,2021,8241.954
ukr,sex_m,eco_sector_x,2009,62.9
ukr,sex_m,eco_sector_x,2010,54.6
ukr,sex_m,eco_sector_x,2011,57.8
ukr,sex_m,eco_sector_x,2012,88.7
ukr,sex_t,eco_aggregate_agr,1987,5192
ukr,sex_t,eco_aggregate_agr,1988,5007
ukr,sex_t,eco_aggregate_agr,1989,4866
ukr,sex_t,eco_aggregate_agr,1990,5023
ukr,sex_t,eco_aggregate_agr,1991,4828
ukr,sex_t,eco_aggregate_agr,1992,4989
ukr,sex_t,eco_aggregate_agr,1993,4948
ukr,sex_t,eco_aggregate_agr,1994,4826
ukr,sex_t,eco_aggregate_agr,2001,4164.9
ukr,sex_t,eco_aggregate_agr,2002,4144.6
ukr,sex_t,eco_aggregate_agr,2003,4105.7
ukr,sex_t,eco_aggregate_agr,2004,3998.3
ukr,sex_t,eco_aggregate_agr,2005,4005.5
ukr,sex_t,eco_aggregate_agr,2006,3649.1
ukr,sex_t,eco_aggregate_agr,2007,3484.5
ukr,sex_t,eco_aggregate_agr,2008,3322.1
ukr,sex_t,eco_aggregate_agr,2009,4035.3
ukr,sex_t,eco_aggregate_agr,2010,4089.7
ukr,sex_t,eco_aggregate_agr,2011,4117.6
ukr,sex_t,eco_aggregate_agr,2012,4022.8
ukr,sex_t,eco_aggregate_agr,2013,4082.8
ukr,sex_t,eco_aggregate_agr,2014,2669.9
ukr,sex_t,eco_aggregate_agr,2015,2508.8
ukr,sex_t,eco_aggregate_agr,2016,2539.1
ukr,sex_t,eco_aggregate_agr,2017,2489.4
ukr,sex_t,eco_aggregate_agr,2018,2438.602
ukr,sex_t,eco_aggregate_agr,2019,2318.16
ukr,sex_t,eco_aggregate_agr,2020,2258.925
ukr,sex_t,eco_aggregate_agr,2021,2215.308
ukr,sex_t,eco_aggregate_con,1987,2037
ukr,sex_t,eco_aggregate_con,1988,2138
ukr,sex_t,eco_aggregate_con,1989,2397
ukr,sex_t,eco_aggregate_con,1990,2422
ukr,sex_t,eco_aggregate_con,1991,2267
ukr,sex_t,eco_aggregate_con,1992,1910
ukr,sex_t,eco_aggregate_con,1993,1771
ukr,sex_t,eco_aggregate_con,1994,1640
ukr,sex_t,eco_aggregate_con,2001,865.4
ukr,sex_t,eco_aggregate_con,2002,838.9
ukr,sex_t,eco_aggregate_con,2003,833.5
ukr,sex_t,eco_aggregate_con,2004,907.5
ukr,sex_t,eco_aggregate_con,2005,941.5
ukr,sex_t,eco_aggregate_con,2006,987.1
ukr,sex_t,eco_aggregate_con,2007,1030.2
ukr,sex_t,eco_aggregate_con,2008,1043.4
ukr,sex_t,eco_aggregate_con,2009,1301
ukr,sex_t,eco_aggregate_con,2010,1303.6
ukr,sex_t,eco_aggregate_con,2011,1311.9
ukr,sex_t,eco_aggregate_con,2012,1283
ukr,sex_t,eco_aggregate_con,2013,1240.1
ukr,sex_t,eco_aggregate_con,2014,1136
ukr,sex_t,eco_aggregate_con,2015,1115.8
ukr,sex_t,eco_aggregate_con,2016,1073.3
ukr,sex_t,eco_aggregate_con,2017,1060.9
ukr,sex_t,eco_aggregate_con,2018,1069.725
ukr,sex_t,eco_aggregate_con,2019,1190.78
ukr,sex_t,eco_aggregate_con,2020,1113.47
ukr,sex_t,eco_aggregate_con,2021,1101.476
ukr,sex_t,eco_aggregate_man,1993,4560
ukr,sex_t,eco_aggregate_man,1994,4755
ukr,sex_t,eco_aggregate_man,2001,4390.3
ukr,sex_t,eco_aggregate_man,2002,4220.4
ukr,sex_t,eco_aggregate_man,2003,4123.2
ukr,sex_t,eco_aggregate_man,2004,4077.1
ukr,sex_t,eco_aggregate_man,2005,4072.4
ukr,sex_t,eco_aggregate_man,2006,4036.9
ukr,sex_t,eco_aggregate_man,2007,3973
ukr,sex_t,eco_aggregate_man,2008,3871.4
ukr,sex_t,eco_aggregate_man,2009,2715.8
ukr,sex_t,eco_aggregate_man,2010,2688.4
ukr,sex_t,eco_aggregate_man,2011,2654.6
ukr,sex_t,eco_aggregate_man,2012,2681.1
ukr,sex_t,eco_aggregate_man,2013,2572.4
ukr,sex_t,eco_aggregate_man,2014,2349.2
ukr,sex_t,eco_aggregate_man,2015,2068.5
ukr,sex_t,eco_aggregate_man,2016,1998
ukr,sex_t,eco_aggregate_man,2017,1996.3
ukr,sex_t,eco_aggregate_man,2018,2069.231
ukr,sex_t,eco_aggregate_man,2019,2202.984
ukr,sex_t,eco_aggregate_man,2020,2089.096
ukr,sex_t,eco_aggregate_man,2021,2079.122
ukr,sex_t,eco_aggregate_mel,2009,1173.5
ukr,sex_t,eco_aggregate_mel,2010,1173.3
ukr,sex_t,eco_aggregate_mel,2011,1227.4
ukr,sex_t,eco_aggregate_mel,2012,1270.9
ukr,sex_t,eco_aggregate_mel,2013,1248.9
ukr,sex_t,eco_aggregate_mel,2014,1239.2
ukr,sex_t,eco_aggregate_mel,2015,875.6
ukr,sex_t,eco_aggregate_mel,2016,875
ukr,sex_t,eco_aggregate_mel,2017,868
ukr,sex_t,eco_aggregate_mel,2018,838.542
ukr,sex_t,eco_aggregate_mel,2019,769.444
ukr,sex_t,eco_aggregate_mel,2020,754.252
ukr,sex_t,eco_aggregate_mel,2021,777.057
ukr,sex_t,eco_aggregate_mkt,1988,4102
ukr,sex_t,eco_aggregate_mkt,1989,3926
ukr,sex_t,eco_aggregate_mkt,1990,3919
ukr,sex_t,eco_aggregate_mkt,1991,3796
ukr,sex_t,eco_aggregate_mkt,1992,3536
ukr,sex_t,eco_aggregate_mkt,1993,3540
ukr,sex_t,eco_aggregate_mkt,1994,3402
ukr,sex_t,eco_aggregate_mkt,2001,5754.3
ukr,sex_t,eco_aggregate_mkt,2002,6036.8
ukr,sex_t,eco_aggregate_mkt,2003,6218.9
ukr,sex_t,eco_aggregate_mkt,2004,6482.1
ukr,sex_t,eco_aggregate_mkt,2005,6790.2
ukr,sex_t,eco_aggregate_mkt,2006,7163.6
ukr,sex_t,eco_aggregate_mkt,2007,7495.4
ukr,sex_t,eco_aggregate_mkt,2008,7755.5
ukr,sex_t,eco_aggregate_mkt,2009,6042.2
ukr,sex_t,eco_aggregate_mkt,2010,6132.9
ukr,sex_t,eco_aggregate_mkt,2011,6225.8
ukr,sex_t,eco_aggregate_mkt,2012,6304.2
ukr,sex_t,eco_aggregate_mkt,2013,6564.9
ukr,sex_t,eco_aggregate_mkt,2014,5951
ukr,sex_t,eco_aggregate_mkt,2015,5588
ukr,sex_t,eco_aggregate_mkt,2016,5484.3
ukr,sex_t,eco_aggregate_mkt,2017,5484.3
ukr,sex_t,eco_aggregate_mkt,2018,5649.679
ukr,sex_t,eco_aggregate_mkt,2019,5776.028
ukr,sex_t,eco_aggregate_mkt,2020,5564.922
ukr,sex_t,eco_aggregate_mkt,2021,5540.24
ukr,sex_t,eco_aggregate_pub,2001,4796.6
ukr,sex_t,eco_aggregate_pub,2002,4850.5
ukr,sex_t,eco_aggregate_pub,2003,4882
ukr,sex_t,eco_aggregate_pub,2004,4830.7
ukr,sex_t,eco_aggregate_pub,2005,4870.4
ukr,sex_t,eco_aggregate_pub,2006,4893.7
ukr,sex_t,eco_aggregate_pub,2007,4921.6
ukr,sex_t,eco_aggregate_pub,2008,4979.9
ukr,sex_t,eco_aggregate_pub,2009,4757.6
ukr,sex_t,eco_aggregate_pub,2010,4729.5
ukr,sex_t,eco_aggregate_pub,2011,4705.5
ukr,sex_t,eco_aggregate_pub,2012,4661.7
ukr,sex_t,eco_aggregate_pub,2013,4695
ukr,sex_t,eco_aggregate_pub,2014,4728
ukr,sex_t,eco_aggregate_pub,2015,4139.1
ukr,sex_t,eco_aggregate_pub,2016,4307.2
ukr,sex_t,eco_aggregate_pub,2017,4257.5
ukr,sex_t,eco_aggregate_pub,2018,4295.087
ukr,sex_t,eco_aggregate_pub,2019,4410.588
ukr,sex_t,eco_aggregate_pub,2020,4214.888
ukr,sex_t,eco_aggregate_pub,2021,3980.166
ukr,sex_t,eco_aggregate_total,1987,25512
ukr,sex_t,eco_aggregate_total,1988,25406
ukr,sex_t,eco_aggregate_total,1989,25420
ukr,sex_t,eco_aggregate_total,1990,25401
ukr,sex_t,eco_aggregate_total,1991,24977
ukr,sex_t,eco_aggregate_total,1992,23985
ukr,sex_t,eco_aggregate_total,1993,23945
ukr,sex_t,eco_aggregate_total,1994,23025
ukr,sex_t,eco_aggregate_total,1999,20048.225
ukr,sex_t,eco_aggregate_total,2000,20419.775
ukr,sex_t,eco_aggregate_total,2001,19971.5
ukr,sex_t,eco_aggregate_total,2002,20091.2
ukr,sex_t,eco_aggregate_total,2003,20163.3
ukr,sex_t,eco_aggregate_total,2004,20295.7
ukr,sex_t,eco_aggregate_total,2005,20680
ukr,sex_t,eco_aggregate_total,2006,20730.4
ukr,sex_t,eco_aggregate_total,2007,20904.7
ukr,sex_t,eco_aggregate_total,2008,20972.3
ukr,sex_t,eco_aggregate_total,2009,20191.5
ukr,sex_t,eco_aggregate_total,2010,20266
ukr,sex_t,eco_aggregate_total,2011,20324.2
ukr,sex_t,eco_aggregate_total,2012,20354.3
ukr,sex_t,eco_aggregate_total,2013,20404.1
ukr,sex_t,eco_aggregate_total,2014,18073.3
ukr,sex_t,eco_aggregate_total,2015,16443.2
ukr,sex_t,eco_aggregate_total,2016,16276.9
ukr,sex_t,eco_aggregate_total,2017,16156.4
ukr,sex_t,eco_aggregate_total,2018,16360.867
ukr,sex_t,eco_aggregate_total,2019,16667.984
ukr,sex_t,eco_aggregate_total,2020,15995.553
ukr,sex_t,eco_aggregate_total,2021,15693.369
ukr,sex_t,eco_aggregate_x,1990,14037
ukr,sex_t,eco_aggregate_x,1991,14086
ukr,sex_t,eco_aggregate_x,1992,13550
ukr,sex_t,eco_aggregate_x,1993,8156
ukr,sex_t,eco_aggregate_x,1994,7488
ukr,sex_t,eco_aggregate_x,2009,166.1
ukr,sex_t,eco_aggregate_x,2010,148.6
ukr,sex_t,eco_aggregate_x,2011,81.4
ukr,sex_t,eco_aggregate_x,2012,130.6
ukr,sex_t,eco_isic3_a,2001,4164.9
ukr,sex_t,eco_isic3_a,2002,4144.6
ukr,sex_t,eco_isic3_a,2003,4105.7
ukr,sex_t,eco_isic3_a,2004,3998.3
ukr,sex_t,eco_isic3_a,2005,4005.5
ukr,sex_t,eco_isic3_a,2006,3649.1
ukr,sex_t,eco_isic3_a,2007,3484.5
ukr,sex_t,eco_isic3_a,2008,3322.1
ukr,sex_t,eco_isic3_a,2009,4012.7
ukr,sex_t,eco_isic3_a,2010,4067.9
ukr,sex_t,eco_isic3_a,2011,4096.7
ukr,sex_t,eco_isic3_a,2012,4005.6
ukr,sex_t,eco_isic3_b,2009,22.6
ukr,sex_t,eco_isic3_b,2010,21.8
ukr,sex_t,eco_isic3_b,2011,20.9
ukr,sex_t,eco_isic3_b,2012,17.2
ukr,sex_t,eco_isic3_c,2009,622.4
ukr,sex_t,eco_isic3_c,2010,614.2
ukr,sex_t,eco_isic3_c,2011,651.6
ukr,sex_t,eco_isic3_c,2012,679
ukr,sex_t,eco_isic3_d,2001,4390.3
ukr,sex_t,eco_isic3_d,2002,4220.4
ukr,sex_t,eco_isic3_d,2003,4123.2
ukr,sex_t,eco_isic3_d,2004,4077.1
ukr,sex_t,eco_isic3_d,2005,4072.4
ukr,sex_t,eco_isic3_d,2006,4036.9
ukr,sex_t,eco_isic3_d,2007,3973
ukr,sex_t,eco_isic3_d,2008,3871.4
ukr,sex_t,eco_isic3_d,2009,2715.8
ukr,sex_t,eco_isic3_d,2010,2688.4
ukr,sex_t,eco_isic3_d,2011,2654.6
ukr,sex_t,eco_isic3_d,2012,2681.1
ukr,sex_t,eco_isic3_e,2009,551.1
ukr,sex_t,eco_isic3_e,2010,559.1
ukr,sex_t,eco_isic3_e,2011,575.8
ukr,sex_t,eco_isic3_e,2012,591.9
ukr,sex_t,eco_isic3_f,2001,865.4
ukr,sex_t,eco_isic3_f,2002,838.9
ukr,sex_t,eco_isic3_f,2003,833.5
ukr,sex_t,eco_isic3_f,2004,907.5
ukr,sex_t,eco_isic3_f,2005,941.5
ukr,sex_t,eco_isic3_f,2006,987.1
ukr,sex_t,eco_isic3_f,2007,1030.2
ukr,sex_t,eco_isic3_f,2008,1043.4
ukr,sex_t,eco_isic3_f,2009,1301
ukr,sex_t,eco_isic3_f,2010,1303.6
ukr,sex_t,eco_isic3_f,2011,1311.9
ukr,sex_t,eco_isic3_f,2012,1283
ukr,sex_t,eco_isic3_g,2001,3422.2
ukr,sex_t,eco_isic3_g,2002,3657.1
ukr,sex_t,eco_isic3_g,2003,3752.4
ukr,sex_t,eco_isic3_g,2004,3971.2
ukr,sex_t,eco_isic3_g,2005,4175.2
ukr,sex_t,eco_isic3_g,2006,4406.9
ukr,sex_t,eco_isic3_g,2007,4564.4
ukr,sex_t,eco_isic3_g,2008,4744.4
ukr,sex_t,eco_isic3_g,2009,3197.8
ukr,sex_t,eco_isic3_g,2010,3301
ukr,sex_t,eco_isic3_g,2011,3404.3
ukr,sex_t,eco_isic3_g,2012,3433.2
ukr,sex_t,eco_isic3_h,2009,334.7
ukr,sex_t,eco_isic3_h,2010,329.2
ukr,sex_t,eco_isic3_h,2011,354.2
ukr,sex_t,eco_isic3_h,2012,380.7
ukr,sex_t,eco_isic3_i,2001,1325.9
ukr,sex_t,eco_isic3_i,2002,1353.5
ukr,sex_t,eco_isic3_i,2003,1361.4
ukr,sex_t,eco_isic3_i,2004,1374.9
ukr,sex_t,eco_isic3_i,2005,1400.5
ukr,sex_t,eco_isic3_i,2006,1428.8
ukr,sex_t,eco_isic3_i,2007,1451.9
ukr,sex_t,eco_isic3_i,2008,1465.8
ukr,sex_t,eco_isic3_i,2009,1483.4
ukr,sex_t,eco_isic3_i,2010,1469.5
ukr,sex_t,eco_isic3_i,2011,1390.7
ukr,sex_t,eco_isic3_i,2012,1389.5
ukr,sex_t,eco_isic3_j,2001,171.9
ukr,sex_t,eco_isic3_j,2002,178
ukr,sex_t,eco_isic3_j,2003,190.3
ukr,sex_t,eco_isic3_j,2004,216.1
ukr,sex_t,eco_isic3_j,2005,247.9
ukr,sex_t,eco_isic3_j,2006,286
ukr,sex_t,eco_isic3_j,2007,344.4
ukr,sex_t,eco_isic3_j,2008,394.9
ukr,sex_t,eco_isic3_j,2009,338.6
ukr,sex_t,eco_isic3_j,2010,336.2
ukr,sex_t,eco_isic3_j,2011,347.1
ukr,sex_t,eco_isic3_j,2012,337
ukr,sex_t,eco_isic3_k,2001,834.3
ukr,sex_t,eco_isic3_k,2002,848.2
ukr,sex_t,eco_isic3_k,2003,914.8
ukr,sex_t,eco_isic3_k,2004,919.9
ukr,sex_t,eco_isic3_k,2005,966.6
ukr,sex_t,eco_isic3_k,2006,1041.9
ukr,sex_t,eco_isic3_k,2007,1134.7
ukr,sex_t,eco_isic3_k,2008,1150.4
ukr,sex_t,eco_isic3_k,2009,687.7
ukr,sex_t,eco_isic3_k,2010,697
ukr,sex_t,eco_isic3_k,2011,729.5
ukr,sex_t,eco_isic3_k,2012,763.8
ukr,sex_t,eco_isic3_l,2001,1146.2
ukr,sex_t,eco_isic3_l,2002,1174.6
ukr,sex_t,eco_isic3_l,2003,1170.6
ukr,sex_t,eco_isic3_l,2004,1050.2
ukr,sex_t,eco_isic3_l,2005,1028.9
ukr,sex_t,eco_isic3_l,2006,1033.7
ukr,sex_t,eco_isic3_l,2007,1036.4
ukr,sex_t,eco_isic3_l,2008,1067.5
ukr,sex_t,eco_isic3_l,2009,1085.7
ukr,sex_t,eco_isic3_l,2010,1106.8
ukr,sex_t,eco_isic3_l,2011,1065.8
ukr,sex_t,eco_isic3_l,2012,1054.8
ukr,sex_t,eco_isic3_m,2001,1621.3
ukr,sex_t,eco_isic3_m,2002,1630.3
ukr,sex_t,eco_isic3_m,2003,1637.2
ukr,sex_t,eco_isic3_m,2004,1648.7
ukr,sex_t,eco_isic3_m,2005,1668.2
ukr,sex_t,eco_isic3_m,2006,1690.5
ukr,sex_t,eco_isic3_m,2007,1693.7
ukr,sex_t,eco_isic3_m,2008,1702.4
ukr,sex_t,eco_isic3_m,2009,1718.5
ukr,sex_t,eco_isic3_m,2010,1684
ukr,sex_t,eco_isic3_m,2011,1666.4
ukr,sex_t,eco_isic3_m,2012,1646.9
ukr,sex_t,eco_isic3_n,2001,1361.8
ukr,sex_t,eco_isic3_n,2002,1359.8
ukr,sex_t,eco_isic3_n,2003,1366.5
ukr,sex_t,eco_isic3_n,2004,1348.9
ukr,sex_t,eco_isic3_n,2005,1356.6
ukr,sex_t,eco_isic3_n,2006,1356.7
ukr,sex_t,eco_isic3_n,2007,1359
ukr,sex_t,eco_isic3_n,2008,1369.9
ukr,sex_t,eco_isic3_n,2009,1350.8
ukr,sex_t,eco_isic3_n,2010,1338.1
ukr,sex_t,eco_isic3_n,2011,1362.9
ukr,sex_t,eco_isic3_n,2012,1360.7
ukr,sex_t,eco_isic3_o,2001,667.3
ukr,sex_t,eco_isic3_o,2002,685.8
ukr,sex_t,eco_isic3_o,2003,707.7
ukr,sex_t,eco_isic3_o,2004,782.9
ukr,sex_t,eco_isic3_o,2005,816.7
ukr,sex_t,eco_isic3_o,2006,812.8
ukr,sex_t,eco_isic3_o,2007,832.5
ukr,sex_t,eco_isic3_o,2008,840.1
ukr,sex_t,eco_isic3_o,2009,557.7
ukr,sex_t,eco_isic3_o,2010,560.5
ukr,sex_t,eco_isic3_o,2011,546.2
ukr,sex_t,eco_isic3_o,2012,546.9
ukr,sex_t,eco_isic3_p,2009,44.9
ukr,sex_t,eco_isic3_p,2010,40.1
ukr,sex_t,eco_isic3_p,2011,63
ukr,sex_t,eco_isic3_p,2012,51.8
ukr,sex_t,eco_isic3_q,2009,0
ukr,sex_t,eco_isic3_q,2010,0
ukr,sex_t,eco_isic3_q,2011,1.2
ukr,sex_t,eco_isic3_q,2012,0.6
ukr,sex_t,eco_isic3_total,2001,19971.5
ukr,sex_t,eco_isic3_total,2002,20091.2
ukr,sex_t,eco_isic3_total,2003,20163.3
ukr,sex_t,eco_isic3_total,2004,20295.7
ukr,sex_t,eco_isic3_total,2005,20680
ukr,sex_t,eco_isic3_total,2006,20730.4
ukr,sex_t,eco_isic3_total,2007,20904.7
ukr,sex_t,eco_isic3_total,2008,20972.3
ukr,sex_t,eco_isic3_total,2009,20191.5
ukr,sex_t,eco_isic3_total,2010,20266
ukr,sex_t,eco_isic3_total,2011,20324.2
ukr,sex_t,eco_isic3_total,2012,20354.3
ukr,sex_t,eco_isic3_x,2009,166.1
ukr,sex_t,eco_isic3_x,2010,148.6
ukr,sex_t,eco_isic3_x,2011,81.4
ukr,sex_t,eco_isic3_x,2012,130.6
ukr,sex_t,eco_isic4_a,2013,4082.8
ukr,sex_t,eco_isic4_a,2014,2669.9
ukr,sex_t,eco_isic4_a,2015,2508.8
ukr,sex_t,eco_isic4_a,2016,2539.1
ukr,sex_t,eco_isic4_a,2017,2489.4
ukr,sex_t,eco_isic4_a,2018,2438.602
ukr,sex_t,eco_isic4_a,2019,2318.16
ukr,sex_t,eco_isic4_a,2020,2258.925
ukr,sex_t,eco_isic4_a,2021,2215.308
ukr,sex_t,eco_isic4_b,2013,638.4
ukr,sex_t,eco_isic4_b,2014,694.8
ukr,sex_t,eco_isic4_b,2015,399.1
ukr,sex_t,eco_isic4_b,2016,403.2
ukr,sex_t,eco_isic4_b,2017,401.3
ukr,sex_t,eco_isic4_b,2018,377.622
ukr,sex_t,eco_isic4_b,2019,296.95
ukr,sex_t,eco_isic4_b,2020,282.751
ukr,sex_t,eco_isic4_b,2021,299.775
ukr,sex_t,eco_isic4_c,2013,2572.4
ukr,sex_t,eco_isic4_c,2014,2349.2
ukr,sex_t,eco_isic4_c,2015,2068.5
ukr,sex_t,eco_isic4_c,2016,1998
ukr,sex_t,eco_isic4_c,2017,1996.3
ukr,sex_t,eco_isic4_c,2018,2069.231
ukr,sex_t,eco_isic4_c,2019,2202.984
ukr,sex_t,eco_isic4_c,2020,2089.096
ukr,sex_t,eco_isic4_c,2021,2079.122
ukr,sex_t,eco_isic4_d,2013,451.1
ukr,sex_t,eco_isic4_d,2014,420.9
ukr,sex_t,eco_isic4_d,2015,389.7
ukr,sex_t,eco_isic4_d,2016,375.3
ukr,sex_t,eco_isic4_d,2017,359
ukr,sex_t,eco_isic4_d,2018,356.988
ukr,sex_t,eco_isic4_d,2019,352.556
ukr,sex_t,eco_isic4_d,2020,346.307
ukr,sex_t,eco_isic4_d,2021,339.409
ukr,sex_t,eco_isic4_e,2013,159.4
ukr,sex_t,eco_isic4_e,2014,123.5
ukr,sex_t,eco_isic4_e,2015,86.8
ukr,sex_t,eco_isic4_e,2016,96.5
ukr,sex_t,eco_isic4_e,2017,107.7
ukr,sex_t,eco_isic4_e,2018,103.933
ukr,sex_t,eco_isic4_e,2019,119.938
ukr,sex_t,eco_isic4_e,2020,125.194
ukr,sex_t,eco_isic4_e,2021,137.872
ukr,sex_t,eco_isic4_f,2013,1240.1
ukr,sex_t,eco_isic4_f,2014,1136
ukr,sex_t,eco_isic4_f,2015,1115.8
ukr,sex_t,eco_isic4_f,2016,1073.3
ukr,sex_t,eco_isic4_f,2017,1060.9
ukr,sex_t,eco_isic4_f,2018,1069.725
ukr,sex_t,eco_isic4_f,2019,1190.78
ukr,sex_t,eco_isic4_f,2020,1113.47
ukr,sex_t,eco_isic4_f,2021,1101.476
ukr,sex_t,eco_isic4_g,2013,3481.1
ukr,sex_t,eco_isic4_g,2014,3123
ukr,sex_t,eco_isic4_g,2015,2946
ukr,sex_t,eco_isic4_g,2016,2905.7
ukr,sex_t,eco_isic4_g,2017,2986.7
ukr,sex_t,eco_isic4_g,2018,3062.455
ukr,sex_t,eco_isic4_g,2019,3019.379
ukr,sex_t,eco_isic4_g,2020,2867.952
ukr,sex_t,eco_isic4_g,2021,2871.9
ukr,sex_t,eco_isic4_h,2013,1296
ukr,sex_t,eco_isic4_h,2014,1171.5
ukr,sex_t,eco_isic4_h,2015,1064.5
ukr,sex_t,eco_isic4_h,2016,1056.5
ukr,sex_t,eco_isic4_h,2017,1040.5
ukr,sex_t,eco_isic4_h,2018,1069.766
ukr,sex_t,eco_isic4_h,2019,1144.389
ukr,sex_t,eco_isic4_h,2020,1114.367
ukr,sex_t,eco_isic4_h,2021,1130.723
ukr,sex_t,eco_isic4_i,2013,388.4
ukr,sex_t,eco_isic4_i,2014,339.3
ukr,sex_t,eco_isic4_i,2015,337.9
ukr,sex_t,eco_isic4_i,2016,348.7
ukr,sex_t,eco_isic4_i,2017,339.7
ukr,sex_t,eco_isic4_i,2018,339.438
ukr,sex_t,eco_isic4_i,2019,406.676
ukr,sex_t,eco_isic4_i,2020,378.814
ukr,sex_t,eco_isic4_i,2021,351.195
ukr,sex_t,eco_isic4_j,2013,298.3
ukr,sex_t,eco_isic4_j,2014,295.9
ukr,sex_t,eco_isic4_j,2015,284.2
ukr,sex_t,eco_isic4_j,2016,278.3
ukr,sex_t,eco_isic4_j,2017,280.5
ukr,sex_t,eco_isic4_j,2018,293.222
ukr,sex_t,eco_isic4_j,2019,300.33
ukr,sex_t,eco_isic4_j,2020,304.754
ukr,sex_t,eco_isic4_j,2021,301.48
ukr,sex_t,eco_isic4_k,2013,333.3
ukr,sex_t,eco_isic4_k,2014,336.7
ukr,sex_t,eco_isic4_k,2015,300
ukr,sex_t,eco_isic4_k,2016,249.3
ukr,sex_t,eco_isic4_k,2017,221.9
ukr,sex_t,eco_isic4_k,2018,240.356
ukr,sex_t,eco_isic4_k,2019,220.449
ukr,sex_t,eco_isic4_k,2020,216.678
ukr,sex_t,eco_isic4_k,2021,225.547
ukr,sex_t,eco_isic4_l,2013,121.6
ukr,sex_t,eco_isic4_l,2014,89.9
ukr,sex_t,eco_isic4_l,2015,73.9
ukr,sex_t,eco_isic4_l,2016,65.6
ukr,sex_t,eco_isic4_l,2017,51.4
ukr,sex_t,eco_isic4_l,2018,54.265
ukr,sex_t,eco_isic4_l,2019,62.498
ukr,sex_t,eco_isic4_l,2020,68.395
ukr,sex_t,eco_isic4_l,2021,63.837
ukr,sex_t,eco_isic4_m,2013,387
ukr,sex_t,eco_isic4_m,2014,343.6
ukr,sex_t,eco_isic4_m,2015,338.4
ukr,sex_t,eco_isic4_m,2016,317.1
ukr,sex_t,eco_isic4_m,2017,313.2
ukr,sex_t,eco_isic4_m,2018,341.523
ukr,sex_t,eco_isic4_m,2019,326.587
ukr,sex_t,eco_isic4_m,2020,311.986
ukr,sex_t,eco_isic4_m,2021,318.329
ukr,sex_t,eco_isic4_n,2013,259.2
ukr,sex_t,eco_isic4_n,2014,251.1
ukr,sex_t,eco_isic4_n,2015,243.1
ukr,sex_t,eco_isic4_n,2016,263.1
ukr,sex_t,eco_isic4_n,2017,250.4
ukr,sex_t,eco_isic4_n,2018,248.654
ukr,sex_t,eco_isic4_n,2019,295.719
ukr,sex_t,eco_isic4_n,2020,301.976
ukr,sex_t,eco_isic4_n,2021,277.229
ukr,sex_t,eco_isic4_o,2013,1016.2
ukr,sex_t,eco_isic4_o,2014,1025.9
ukr,sex_t,eco_isic4_o,2015,929.3
ukr,sex_t,eco_isic4_o,2016,943.7
ukr,sex_t,eco_isic4_o,2017,931.2
ukr,sex_t,eco_isic4_o,2018,956.317
ukr,sex_t,eco_isic4_o,2019,1005.07
ukr,sex_t,eco_isic4_o,2020,1002.735
ukr,sex_t,eco_isic4_o,2021,941.062
ukr,sex_t,eco_isic4_p,2013,1680.4
ukr,sex_t,eco_isic4_p,2014,1767.9
ukr,sex_t,eco_isic4_p,2015,1605.8
ukr,sex_t,eco_isic4_p,2016,1582.9
ukr,sex_t,eco_isic4_p,2017,1552.6
ukr,sex_t,eco_isic4_p,2018,1564.966
ukr,sex_t,eco_isic4_p,2019,1602.378
ukr,sex_t,eco_isic4_p,2020,1526.387
ukr,sex_t,eco_isic4_p,2021,1448.289
ukr,sex_t,eco_isic4_q,2013,1279
ukr,sex_t,eco_isic4_q,2014,1300.5
ukr,sex_t,eco_isic4_q,2015,1134.2
ukr,sex_t,eco_isic4_q,2016,1115.3
ukr,sex_t,eco_isic4_q,2017,1106
ukr,sex_t,eco_isic4_q,2018,1088.616
ukr,sex_t,eco_isic4_q,2019,1160.158
ukr,sex_t,eco_isic4_q,2020,1083.701
ukr,sex_t,eco_isic4_q,2021,1043.27
ukr,sex_t,eco_isic4_r,2013,192.6
ukr,sex_t,eco_isic4_r,2014,183.5
ukr,sex_t,eco_isic4_r,2015,168.3
ukr,sex_t,eco_isic4_r,2016,176.6
ukr,sex_t,eco_isic4_r,2017,179.8
ukr,sex_t,eco_isic4_r,2018,191.855
ukr,sex_t,eco_isic4_r,2019,205.776
ukr,sex_t,eco_isic4_r,2020,191.299
ukr,sex_t,eco_isic4_r,2021,170.942
ukr,sex_t,eco_isic4_s,2013,475
ukr,sex_t,eco_isic4_s,2014,310.8
ukr,sex_t,eco_isic4_s,2015,301.5
ukr,sex_t,eco_isic4_s,2016,331.3
ukr,sex_t,eco_isic4_s,2017,328.2
ukr,sex_t,eco_isic4_s,2018,332.789
ukr,sex_t,eco_isic4_s,2019,356.37
ukr,sex_t,eco_isic4_s,2020,339.022
ukr,sex_t,eco_isic4_s,2021,318.541
ukr,sex_t,eco_isic4_t,2013,51.8
ukr,sex_t,eco_isic4_t,2014,139.4
ukr,sex_t,eco_isic4_t,2015,147.4
ukr,sex_t,eco_isic4_t,2016,157.2
ukr,sex_t,eco_isic4_t,2017,159.7
ukr,sex_t,eco_isic4_t,2018,160.544
ukr,sex_t,eco_isic4_t,2019,80.052
ukr,sex_t,eco_isic4_t,2020,71.157
ukr,sex_t,eco_isic4_t,2021,58.062
ukr,sex_t,eco_isic4_total,2013,20404.1
ukr,sex_t,eco_isic4_total,2014,18073.3
ukr,sex_t,eco_isic4_total,2015,16443.2
ukr,sex_t,eco_isic4_total,2016,16276.9
ukr,sex_t,eco_isic4_total,2017,16156.4
ukr,sex_t,eco_isic4_total,2018,16360.867
ukr,sex_t,eco_isic4_total,2019,16667.984
ukr,sex_t,eco_isic4_total,2020,15995.553
ukr,sex_t,eco_isic4_total,2021,15693.369
ukr,sex_t,eco_isic4_u,2013,0
ukr,sex_t,eco_isic4_u,2014,0
ukr,sex_t,eco_isic4_u,2016,0.2
ukr,sex_t,eco_isic4_u,2017,0
ukr,sex_t,eco_isic4_x,2013,0
ukr,sex_t,eco_isic4_x,2014,0
ukr,sex_t,eco_sector_agr,1987,5192
ukr,sex_t,eco_sector_agr,1988,5007
ukr,sex_t,eco_sector_agr,1989,4866
ukr,sex_t,eco_sector_agr,1990,5023
ukr,sex_t,eco_sector_agr,1991,4828
ukr,sex_t,eco_sector_agr,1992,4989
ukr,sex_t,eco_sector_agr,1993,4948
ukr,sex_t,eco_sector_agr,1994,4826
ukr,sex_t,eco_sector_agr,2001,4164.9
ukr,sex_t,eco_sector_agr,2002,4144.6
ukr,sex_t,eco_sector_agr,2003,4105.7
ukr,sex_t,eco_sector_agr,2004,3998.3
ukr,sex_t,eco_sector_agr,2005,4005.5
ukr,sex_t,eco_sector_agr,2006,3649.1
ukr,sex_t,eco_sector_agr,2007,3484.5
ukr,sex_t,eco_sector_agr,2008,3322.1
ukr,sex_t,eco_sector_agr,2009,4035.3
ukr,sex_t,eco_sector_agr,2010,4089.7
ukr,sex_t,eco_sector_agr,2011,4117.6
ukr,sex_t,eco_sector_agr,2012,4022.8
ukr,sex_t,eco_sector_agr,2013,4082.8
ukr,sex_t,eco_sector_agr,2014,2669.9
ukr,sex_t,eco_sector_agr,2015,2508.8
ukr,sex_t,eco_sector_agr,2016,2539.1
ukr,sex_t,eco_sector_agr,2017,2489.4
ukr,sex_t,eco_sector_agr,2018,2438.602
ukr,sex_t,eco_sector_agr,2019,2318.16
ukr,sex_t,eco_sector_agr,2020,2258.925
ukr,sex_t,eco_sector_agr,2021,2215.308
ukr,sex_t,eco_sector_ind,1987,2037
ukr,sex_t,eco_sector_ind,1988,2138
ukr,sex_t,eco_sector_ind,1989,2397
ukr,sex_t,eco_sector_ind,1990,2422
ukr,sex_t,eco_sector_ind,1991,2267
ukr,sex_t,eco_sector_ind,1992,1910
ukr,sex_t,eco_sector_ind,1993,7301
ukr,sex_t,eco_sector_ind,1994,7309
ukr,sex_t,eco_sector_ind,2001,5255.7
ukr,sex_t,eco_sector_ind,2002,5059.3
ukr,sex_t,eco_sector_ind,2003,4956.7
ukr,sex_t,eco_sector_ind,2004,4984.6
ukr,sex_t,eco_sector_ind,2005,5013.9
ukr,sex_t,eco_sector_ind,2006,5024
ukr,sex_t,eco_sector_ind,2007,5003.2
ukr,sex_t,eco_sector_ind,2008,4914.8
ukr,sex_t,eco_sector_ind,2009,5190.3
ukr,sex_t,eco_sector_ind,2010,5165.3
ukr,sex_t,eco_sector_ind,2011,5193.9
ukr,sex_t,eco_sector_ind,2012,5235
ukr,sex_t,eco_sector_ind,2013,5061.4
ukr,sex_t,eco_sector_ind,2014,4724.4
ukr,sex_t,eco_sector_ind,2015,4059.9
ukr,sex_t,eco_sector_ind,2016,3946.3
ukr,sex_t,eco_sector_ind,2017,3925.2
ukr,sex_t,eco_sector_ind,2018,3977.499
ukr,sex_t,eco_sector_ind,2019,4163.208
ukr,sex_t,eco_sector_ind,2020,3956.818
ukr,sex_t,eco_sector_ind,2021,3957.655
ukr,sex_t,eco_sector_nag,1987,20320
ukr,sex_t,eco_sector_nag,1988,20399
ukr,sex_t,eco_sector_nag,1989,20554
ukr,sex_t,eco_sector_nag,1990,20378
ukr,sex_t,eco_sector_nag,1991,20149
ukr,sex_t,eco_sector_nag,1992,18996
ukr,sex_t,eco_sector_nag,1993,18997
ukr,sex_t,eco_sector_nag,1994,18199
ukr,sex_t,eco_sector_nag,2001,15806.6
ukr,sex_t,eco_sector_nag,2002,15946.6
ukr,sex_t,eco_sector_nag,2003,16057.6
ukr,sex_t,eco_sector_nag,2004,16297.4
ukr,sex_t,eco_sector_nag,2005,16674.5
ukr,sex_t,eco_sector_nag,2006,17081.3
ukr,sex_t,eco_sector_nag,2007,17420.2
ukr,sex_t,eco_sector_nag,2008,17650.2
ukr,sex_t,eco_sector_nag,2009,16156.2
ukr,sex_t,eco_sector_nag,2010,16176.3
ukr,sex_t,eco_sector_nag,2011,16206.6
ukr,sex_t,eco_sector_nag,2012,16331.5
ukr,sex_t,eco_sector_nag,2013,16321.3
ukr,sex_t,eco_sector_nag,2014,15403.4
ukr,sex_t,eco_sector_nag,2015,13934.4
ukr,sex_t,eco_sector_nag,2016,13737.8
ukr,sex_t,eco_sector_nag,2017,13667
ukr,sex_t,eco_sector_nag,2018,13922.265
ukr,sex_t,eco_sector_nag,2019,14349.824
ukr,sex_t,eco_sector_nag,2020,13736.628
ukr,sex_t,eco_sector_nag,2021,13478.061
ukr,sex_t,eco_sector_ser,1987,2339
ukr,sex_t,eco_sector_ser,1988,4102
ukr,sex_t,eco_sector_ser,1989,3926
ukr,sex_t,eco_sector_ser,1990,3919
ukr,sex_t,eco_sector_ser,1991,3796
ukr,sex_t,eco_sector_ser,1992,3536
ukr,sex_t,eco_sector_ser,1993,3540
ukr,sex_t,eco_sector_ser,1994,3402
ukr,sex_t,eco_sector_ser,2001,10550.9
ukr,sex_t,eco_sector_ser,2002,10887.3
ukr,sex_t,eco_sector_ser,2003,11100.9
ukr,sex_t,eco_sector_ser,2004,11312.8
ukr,sex_t,eco_sector_ser,2005,11660.6
ukr,sex_t,eco_sector_ser,2006,12057.3
ukr,sex_t,eco_sector_ser,2007,12417
ukr,sex_t,eco_sector_ser,2008,12735.4
ukr,sex_t,eco_sector_ser,2009,10799.8
ukr,sex_t,eco_sector_ser,2010,10862.4
ukr,sex_t,eco_sector_ser,2011,10931.3
ukr,sex_t,eco_sector_ser,2012,10965.9
ukr,sex_t,eco_sector_ser,2013,11259.9
ukr,sex_t,eco_sector_ser,2014,10679
ukr,sex_t,eco_sector_ser,2015,9727.1
ukr,sex_t,eco_sector_ser,2016,9791.5
ukr,sex_t,eco_sector_ser,2017,9741.8
ukr,sex_t,eco_sector_ser,2018,9944.766
ukr,sex_t,eco_sector_ser,2019,10186.616
ukr,sex_t,eco_sector_ser,2020,9779.81
ukr,sex_t,eco_sector_ser,2021,9520.406
ukr,sex_t,eco_sector_total,1987,25512
ukr,sex_t,eco_sector_total,1988,25406
ukr,sex_t,eco_sector_total,1989,25420
ukr,sex_t,eco_sector_total,1990,25401
ukr,sex_t,eco_sector_total,1991,24977
ukr,sex_t,eco_sector_total,1992,23985
ukr,sex_t,eco_sector_total,1993,23945
ukr,sex_t,eco_sector_total,1994,23025
ukr,sex_t,eco_sector_total,1995,24125.1
ukr,sex_t,eco_sector_total,1996,24114
ukr,sex_t,eco_sector_total,1997,23755.5
ukr,sex_t,eco_sector_total,1998,22998.4
ukr,sex_t,eco_sector_total,1999,19947.8
ukr,sex_t,eco_sector_total,2000,20175
ukr,sex_t,eco_sector_total,2001,19971.5
ukr,sex_t,eco_sector_total,2002,20091.2
ukr,sex_t,eco_sector_total,2003,20163.3
ukr,sex_t,eco_sector_total,2004,20295.7
ukr,sex_t,eco_sector_total,2005,20680
ukr,sex_t,eco_sector_total,2006,20730.4
ukr,sex_t,eco_sector_total,2007,20904.7
ukr,sex_t,eco_sector_total,2008,20972.3
ukr,sex_t,eco_sector_total,2009,20191.5
ukr,sex_t,eco_sector_total,2010,20266
ukr,sex_t,eco_sector_total,2011,20324.2
ukr,sex_t,eco_sector_total,2012,20354.3
ukr,sex_t,eco_sector_total,2013,20404.1
ukr,sex_t,eco_sector_total,2014,18073.3
ukr,sex_t,eco_sector_total,2015,16443.2
ukr,sex_t,eco_sector_total,2016,16276.9
ukr,sex_t,eco_sector_total,2017,16156.4
ukr,sex_t,eco_sector_total,2018,16360.867
ukr,sex_t,eco_sector_total,2019,16667.984
ukr,sex_t,eco_sector_total,2020,15995.553
ukr,sex_t,eco_sector_total,2021,15693.369
ukr,sex_t,eco_sector_x,1990,14037
ukr,sex_t,eco_sector_x,1991,14086
ukr,sex_t,eco_sector_x,1992,13550
ukr,sex_t,eco_sector_x,1993,8156
ukr,sex_t,eco_sector_x,1994,7488
ukr,sex_t,eco_sector_x,2009,166.1
ukr,sex_t,eco_sector_x,2010,148.6
ukr,sex_t,eco_sector_x,2011,81.4
ukr,sex_t,eco_sector_x,2012,130.6
