ref_area,classif1,classif2,time,how_xees_age_ec2_nb
slv,age_ythadult_y15_24,ec2_isic4_a01,2010,37.02
slv,age_ythadult_y15_24,ec2_isic4_a01,2011,36.61
slv,age_ythadult_y15_24,ec2_isic4_a01,2012,35.56
slv,age_ythadult_y15_24,ec2_isic4_a01,2013,35.66
slv,age_ythadult_y15_24,ec2_isic4_a01,2014,35.67
slv,age_ythadult_y15_24,ec2_isic4_a01,2015,34.95
slv,age_ythadult_y15_24,ec2_isic4_a01,2016,34.98
slv,age_ythadult_y15_24,ec2_isic4_a01,2017,35.7
slv,age_ythadult_y15_24,ec2_isic4_a01,2018,34.56
slv,age_ythadult_y15_24,ec2_isic4_a01,2019,37.11
slv,age_ythadult_y15_24,ec2_isic4_a01,2020,35.2
slv,age_ythadult_y15_24,ec2_isic4_a01,2021,36.52
slv,age_ythadult_y15_24,ec2_isic4_a01,2022,37.09
slv,age_ythadult_y15_24,ec2_isic4_a01,2023,36.62
slv,age_ythadult_y15_24,ec2_isic4_a01,2024,36.08
slv,age_ythadult_y15_24,ec2_isic4_a02,2010,38.49
slv,age_ythadult_y15_24,ec2_isic4_a03,2010,34.75
slv,age_ythadult_y15_24,ec2_isic4_a03,2011,39.99
slv,age_ythadult_y15_24,ec2_isic4_a03,2012,32.53
slv,age_ythadult_y15_24,ec2_isic4_a03,2013,30.3
slv,age_ythadult_y15_24,ec2_isic4_a03,2014,36.68
slv,age_ythadult_y15_24,ec2_isic4_a03,2015,40.19
slv,age_ythadult_y15_24,ec2_isic4_a03,2016,44.67
slv,age_ythadult_y15_24,ec2_isic4_a03,2017,48.43
slv,age_ythadult_y15_24,ec2_isic4_a03,2018,34.32
slv,age_ythadult_y15_24,ec2_isic4_a03,2019,50.67
slv,age_ythadult_y15_24,ec2_isic4_a03,2020,52.41
slv,age_ythadult_y15_24,ec2_isic4_a03,2021,42.84
slv,age_ythadult_y15_24,ec2_isic4_a03,2022,40.92
slv,age_ythadult_y15_24,ec2_isic4_a03,2023,37.47
slv,age_ythadult_y15_24,ec2_isic4_a03,2024,45.76
slv,age_ythadult_y15_24,ec2_isic4_b08,2010,36.57
slv,age_ythadult_y15_24,ec2_isic4_b08,2012,28.98
slv,age_ythadult_y15_24,ec2_isic4_b08,2013,39.83
slv,age_ythadult_y15_24,ec2_isic4_b08,2014,33.24
slv,age_ythadult_y15_24,ec2_isic4_b08,2016,39.04
slv,age_ythadult_y15_24,ec2_isic4_b08,2017,42.79
slv,age_ythadult_y15_24,ec2_isic4_b08,2018,34.69
slv,age_ythadult_y15_24,ec2_isic4_b08,2019,36.97
slv,age_ythadult_y15_24,ec2_isic4_b08,2022,39.61
slv,age_ythadult_y15_24,ec2_isic4_b08,2023,37.43
slv,age_ythadult_y15_24,ec2_isic4_c10,2010,44.58
slv,age_ythadult_y15_24,ec2_isic4_c10,2011,44.92
slv,age_ythadult_y15_24,ec2_isic4_c10,2012,39.98
slv,age_ythadult_y15_24,ec2_isic4_c10,2013,43.73
slv,age_ythadult_y15_24,ec2_isic4_c10,2014,42.32
slv,age_ythadult_y15_24,ec2_isic4_c10,2015,39.96
slv,age_ythadult_y15_24,ec2_isic4_c10,2016,44.14
slv,age_ythadult_y15_24,ec2_isic4_c10,2017,44.46
slv,age_ythadult_y15_24,ec2_isic4_c10,2018,42.86
slv,age_ythadult_y15_24,ec2_isic4_c10,2019,42.82
slv,age_ythadult_y15_24,ec2_isic4_c10,2020,40.26
slv,age_ythadult_y15_24,ec2_isic4_c10,2021,43.01
slv,age_ythadult_y15_24,ec2_isic4_c10,2022,41.69
slv,age_ythadult_y15_24,ec2_isic4_c10,2023,48.07
slv,age_ythadult_y15_24,ec2_isic4_c10,2024,45.2
slv,age_ythadult_y15_24,ec2_isic4_c11,2010,46.95
slv,age_ythadult_y15_24,ec2_isic4_c11,2011,46.05
slv,age_ythadult_y15_24,ec2_isic4_c11,2012,47.41
slv,age_ythadult_y15_24,ec2_isic4_c11,2013,45.86
slv,age_ythadult_y15_24,ec2_isic4_c11,2014,52.03
slv,age_ythadult_y15_24,ec2_isic4_c11,2015,46.73
slv,age_ythadult_y15_24,ec2_isic4_c11,2016,52.74
slv,age_ythadult_y15_24,ec2_isic4_c11,2017,51.95
slv,age_ythadult_y15_24,ec2_isic4_c11,2018,53.77
slv,age_ythadult_y15_24,ec2_isic4_c11,2019,49.16
slv,age_ythadult_y15_24,ec2_isic4_c11,2020,45.08
slv,age_ythadult_y15_24,ec2_isic4_c11,2021,54.89
slv,age_ythadult_y15_24,ec2_isic4_c11,2022,49.71
slv,age_ythadult_y15_24,ec2_isic4_c11,2023,49.56
slv,age_ythadult_y15_24,ec2_isic4_c11,2024,52.38
slv,age_ythadult_y15_24,ec2_isic4_c13,2010,44.12
slv,age_ythadult_y15_24,ec2_isic4_c13,2011,45.32
slv,age_ythadult_y15_24,ec2_isic4_c13,2012,42.19
slv,age_ythadult_y15_24,ec2_isic4_c13,2013,39.73
slv,age_ythadult_y15_24,ec2_isic4_c13,2014,39.08
slv,age_ythadult_y15_24,ec2_isic4_c13,2015,46.26
slv,age_ythadult_y15_24,ec2_isic4_c13,2016,43.1
slv,age_ythadult_y15_24,ec2_isic4_c13,2017,41.39
slv,age_ythadult_y15_24,ec2_isic4_c13,2018,45.59
slv,age_ythadult_y15_24,ec2_isic4_c13,2019,46.06
slv,age_ythadult_y15_24,ec2_isic4_c13,2020,44.84
slv,age_ythadult_y15_24,ec2_isic4_c13,2021,46.11
slv,age_ythadult_y15_24,ec2_isic4_c13,2022,49.94
slv,age_ythadult_y15_24,ec2_isic4_c13,2023,45.62
slv,age_ythadult_y15_24,ec2_isic4_c13,2024,47.3
slv,age_ythadult_y15_24,ec2_isic4_c14,2010,44.36
slv,age_ythadult_y15_24,ec2_isic4_c14,2011,44.49
slv,age_ythadult_y15_24,ec2_isic4_c14,2012,45.33
slv,age_ythadult_y15_24,ec2_isic4_c14,2013,46.05
slv,age_ythadult_y15_24,ec2_isic4_c14,2014,46.41
slv,age_ythadult_y15_24,ec2_isic4_c14,2015,43.87
slv,age_ythadult_y15_24,ec2_isic4_c14,2016,44.88
slv,age_ythadult_y15_24,ec2_isic4_c14,2017,43.33
slv,age_ythadult_y15_24,ec2_isic4_c14,2018,44.63
slv,age_ythadult_y15_24,ec2_isic4_c14,2019,45.26
slv,age_ythadult_y15_24,ec2_isic4_c14,2020,43.3
slv,age_ythadult_y15_24,ec2_isic4_c14,2021,44.57
slv,age_ythadult_y15_24,ec2_isic4_c14,2022,43.56
slv,age_ythadult_y15_24,ec2_isic4_c14,2023,43.63
slv,age_ythadult_y15_24,ec2_isic4_c14,2024,43.99
slv,age_ythadult_y15_24,ec2_isic4_c15,2010,49.35
slv,age_ythadult_y15_24,ec2_isic4_c15,2011,45.94
slv,age_ythadult_y15_24,ec2_isic4_c15,2012,40.29
slv,age_ythadult_y15_24,ec2_isic4_c15,2013,47.8
slv,age_ythadult_y15_24,ec2_isic4_c15,2014,45.66
slv,age_ythadult_y15_24,ec2_isic4_c15,2015,46.75
slv,age_ythadult_y15_24,ec2_isic4_c15,2016,42.82
slv,age_ythadult_y15_24,ec2_isic4_c15,2017,43.21
slv,age_ythadult_y15_24,ec2_isic4_c15,2018,39.55
slv,age_ythadult_y15_24,ec2_isic4_c15,2019,48.16
slv,age_ythadult_y15_24,ec2_isic4_c15,2020,52.13
slv,age_ythadult_y15_24,ec2_isic4_c15,2021,42.88
slv,age_ythadult_y15_24,ec2_isic4_c15,2023,51.11
slv,age_ythadult_y15_24,ec2_isic4_c15,2024,41.89
slv,age_ythadult_y15_24,ec2_isic4_c16,2010,42.51
slv,age_ythadult_y15_24,ec2_isic4_c16,2011,38.93
slv,age_ythadult_y15_24,ec2_isic4_c16,2012,45.53
slv,age_ythadult_y15_24,ec2_isic4_c16,2013,36.09
slv,age_ythadult_y15_24,ec2_isic4_c16,2015,29.14
slv,age_ythadult_y15_24,ec2_isic4_c16,2017,37.92
slv,age_ythadult_y15_24,ec2_isic4_c16,2018,38.64
slv,age_ythadult_y15_24,ec2_isic4_c16,2021,42.53
slv,age_ythadult_y15_24,ec2_isic4_c17,2010,44.69
slv,age_ythadult_y15_24,ec2_isic4_c17,2011,45.95
slv,age_ythadult_y15_24,ec2_isic4_c17,2012,47.49
slv,age_ythadult_y15_24,ec2_isic4_c17,2013,53.58
slv,age_ythadult_y15_24,ec2_isic4_c17,2014,44.13
slv,age_ythadult_y15_24,ec2_isic4_c17,2015,44.68
slv,age_ythadult_y15_24,ec2_isic4_c17,2016,40.56
slv,age_ythadult_y15_24,ec2_isic4_c17,2017,46.43
slv,age_ythadult_y15_24,ec2_isic4_c17,2018,47.19
slv,age_ythadult_y15_24,ec2_isic4_c17,2019,45.87
slv,age_ythadult_y15_24,ec2_isic4_c17,2021,47.12
slv,age_ythadult_y15_24,ec2_isic4_c17,2022,42.83
slv,age_ythadult_y15_24,ec2_isic4_c17,2023,43.97
slv,age_ythadult_y15_24,ec2_isic4_c17,2024,49.91
slv,age_ythadult_y15_24,ec2_isic4_c18,2010,39.51
slv,age_ythadult_y15_24,ec2_isic4_c18,2011,38.65
slv,age_ythadult_y15_24,ec2_isic4_c18,2012,43.7
slv,age_ythadult_y15_24,ec2_isic4_c18,2013,44.71
slv,age_ythadult_y15_24,ec2_isic4_c18,2014,45.33
slv,age_ythadult_y15_24,ec2_isic4_c18,2015,52.96
slv,age_ythadult_y15_24,ec2_isic4_c18,2016,59.6
slv,age_ythadult_y15_24,ec2_isic4_c18,2017,44.46
slv,age_ythadult_y15_24,ec2_isic4_c18,2018,31.15
slv,age_ythadult_y15_24,ec2_isic4_c18,2019,43.69
slv,age_ythadult_y15_24,ec2_isic4_c18,2021,46.31
slv,age_ythadult_y15_24,ec2_isic4_c18,2023,52.72
slv,age_ythadult_y15_24,ec2_isic4_c18,2024,41.39
slv,age_ythadult_y15_24,ec2_isic4_c20,2010,48.53
slv,age_ythadult_y15_24,ec2_isic4_c20,2011,43.18
slv,age_ythadult_y15_24,ec2_isic4_c20,2012,48.46
slv,age_ythadult_y15_24,ec2_isic4_c20,2013,45.94
slv,age_ythadult_y15_24,ec2_isic4_c20,2014,50.46
slv,age_ythadult_y15_24,ec2_isic4_c20,2015,48.87
slv,age_ythadult_y15_24,ec2_isic4_c20,2016,38.51
slv,age_ythadult_y15_24,ec2_isic4_c20,2017,45.76
slv,age_ythadult_y15_24,ec2_isic4_c20,2018,45.7
slv,age_ythadult_y15_24,ec2_isic4_c20,2019,43.45
slv,age_ythadult_y15_24,ec2_isic4_c20,2020,43.96
slv,age_ythadult_y15_24,ec2_isic4_c20,2021,49.17
slv,age_ythadult_y15_24,ec2_isic4_c20,2022,48.44
slv,age_ythadult_y15_24,ec2_isic4_c20,2023,46.86
slv,age_ythadult_y15_24,ec2_isic4_c20,2024,49.16
slv,age_ythadult_y15_24,ec2_isic4_c21,2010,45.19
slv,age_ythadult_y15_24,ec2_isic4_c21,2011,43.87
slv,age_ythadult_y15_24,ec2_isic4_c21,2012,40.02
slv,age_ythadult_y15_24,ec2_isic4_c21,2013,47.03
slv,age_ythadult_y15_24,ec2_isic4_c21,2014,44.2
slv,age_ythadult_y15_24,ec2_isic4_c21,2015,42.39
slv,age_ythadult_y15_24,ec2_isic4_c21,2016,43.99
slv,age_ythadult_y15_24,ec2_isic4_c21,2017,42.2
slv,age_ythadult_y15_24,ec2_isic4_c21,2019,42.31
slv,age_ythadult_y15_24,ec2_isic4_c21,2020,44
slv,age_ythadult_y15_24,ec2_isic4_c21,2021,48
slv,age_ythadult_y15_24,ec2_isic4_c21,2022,44.05
slv,age_ythadult_y15_24,ec2_isic4_c22,2010,46.58
slv,age_ythadult_y15_24,ec2_isic4_c22,2011,48.08
slv,age_ythadult_y15_24,ec2_isic4_c22,2012,49.85
slv,age_ythadult_y15_24,ec2_isic4_c22,2013,50.59
slv,age_ythadult_y15_24,ec2_isic4_c22,2014,50.38
slv,age_ythadult_y15_24,ec2_isic4_c22,2015,45.96
slv,age_ythadult_y15_24,ec2_isic4_c22,2016,47.34
slv,age_ythadult_y15_24,ec2_isic4_c22,2017,44.84
slv,age_ythadult_y15_24,ec2_isic4_c22,2018,46.32
slv,age_ythadult_y15_24,ec2_isic4_c22,2019,47.72
slv,age_ythadult_y15_24,ec2_isic4_c22,2020,49.29
slv,age_ythadult_y15_24,ec2_isic4_c22,2021,46.86
slv,age_ythadult_y15_24,ec2_isic4_c22,2022,45.53
slv,age_ythadult_y15_24,ec2_isic4_c22,2023,45.73
slv,age_ythadult_y15_24,ec2_isic4_c22,2024,46.03
slv,age_ythadult_y15_24,ec2_isic4_c23,2010,40.4
slv,age_ythadult_y15_24,ec2_isic4_c23,2011,41.24
slv,age_ythadult_y15_24,ec2_isic4_c23,2012,37.15
slv,age_ythadult_y15_24,ec2_isic4_c23,2013,46.52
slv,age_ythadult_y15_24,ec2_isic4_c23,2014,45.68
slv,age_ythadult_y15_24,ec2_isic4_c23,2015,41.7
slv,age_ythadult_y15_24,ec2_isic4_c23,2016,45.78
slv,age_ythadult_y15_24,ec2_isic4_c23,2017,39.92
slv,age_ythadult_y15_24,ec2_isic4_c23,2018,42.16
slv,age_ythadult_y15_24,ec2_isic4_c23,2019,44.15
slv,age_ythadult_y15_24,ec2_isic4_c23,2020,43.52
slv,age_ythadult_y15_24,ec2_isic4_c23,2021,43.18
slv,age_ythadult_y15_24,ec2_isic4_c23,2022,45.46
slv,age_ythadult_y15_24,ec2_isic4_c23,2023,42.76
slv,age_ythadult_y15_24,ec2_isic4_c23,2024,42.26
slv,age_ythadult_y15_24,ec2_isic4_c24,2010,44.9
slv,age_ythadult_y15_24,ec2_isic4_c24,2011,44.82
slv,age_ythadult_y15_24,ec2_isic4_c24,2013,42.9
slv,age_ythadult_y15_24,ec2_isic4_c24,2016,44.51
slv,age_ythadult_y15_24,ec2_isic4_c24,2019,45.54
slv,age_ythadult_y15_24,ec2_isic4_c25,2010,43.34
slv,age_ythadult_y15_24,ec2_isic4_c25,2011,42.49
slv,age_ythadult_y15_24,ec2_isic4_c25,2012,45.32
slv,age_ythadult_y15_24,ec2_isic4_c25,2013,39.07
slv,age_ythadult_y15_24,ec2_isic4_c25,2014,41.42
slv,age_ythadult_y15_24,ec2_isic4_c25,2015,42.94
slv,age_ythadult_y15_24,ec2_isic4_c25,2016,44.91
slv,age_ythadult_y15_24,ec2_isic4_c25,2017,38.36
slv,age_ythadult_y15_24,ec2_isic4_c25,2018,45.34
slv,age_ythadult_y15_24,ec2_isic4_c25,2019,43.59
slv,age_ythadult_y15_24,ec2_isic4_c25,2020,43.95
slv,age_ythadult_y15_24,ec2_isic4_c25,2021,42.73
slv,age_ythadult_y15_24,ec2_isic4_c25,2022,42.31
slv,age_ythadult_y15_24,ec2_isic4_c25,2023,42.48
slv,age_ythadult_y15_24,ec2_isic4_c25,2024,45.13
slv,age_ythadult_y15_24,ec2_isic4_c26,2010,45.38
slv,age_ythadult_y15_24,ec2_isic4_c26,2011,45.61
slv,age_ythadult_y15_24,ec2_isic4_c26,2012,42.35
slv,age_ythadult_y15_24,ec2_isic4_c26,2013,41.84
slv,age_ythadult_y15_24,ec2_isic4_c26,2014,49.28
slv,age_ythadult_y15_24,ec2_isic4_c26,2015,45.3
slv,age_ythadult_y15_24,ec2_isic4_c26,2016,40.69
slv,age_ythadult_y15_24,ec2_isic4_c26,2017,47.18
slv,age_ythadult_y15_24,ec2_isic4_c26,2018,43.62
slv,age_ythadult_y15_24,ec2_isic4_c26,2019,44.5
slv,age_ythadult_y15_24,ec2_isic4_c26,2021,42.89
slv,age_ythadult_y15_24,ec2_isic4_c28,2015,48.11
slv,age_ythadult_y15_24,ec2_isic4_c28,2017,48.53
slv,age_ythadult_y15_24,ec2_isic4_c29,2015,38.58
slv,age_ythadult_y15_24,ec2_isic4_c31,2010,43.18
slv,age_ythadult_y15_24,ec2_isic4_c31,2011,48
slv,age_ythadult_y15_24,ec2_isic4_c31,2012,41.27
slv,age_ythadult_y15_24,ec2_isic4_c31,2013,40.24
slv,age_ythadult_y15_24,ec2_isic4_c31,2014,42.53
slv,age_ythadult_y15_24,ec2_isic4_c31,2015,46.11
slv,age_ythadult_y15_24,ec2_isic4_c31,2016,45.84
slv,age_ythadult_y15_24,ec2_isic4_c31,2017,42.8
slv,age_ythadult_y15_24,ec2_isic4_c31,2018,42.87
slv,age_ythadult_y15_24,ec2_isic4_c31,2019,47.31
slv,age_ythadult_y15_24,ec2_isic4_c31,2020,48.26
slv,age_ythadult_y15_24,ec2_isic4_c31,2021,48.14
slv,age_ythadult_y15_24,ec2_isic4_c31,2022,43.85
slv,age_ythadult_y15_24,ec2_isic4_c31,2023,38.25
slv,age_ythadult_y15_24,ec2_isic4_c31,2024,42.94
slv,age_ythadult_y15_24,ec2_isic4_c32,2010,50.14
slv,age_ythadult_y15_24,ec2_isic4_c32,2011,46.03
slv,age_ythadult_y15_24,ec2_isic4_c32,2012,45.96
slv,age_ythadult_y15_24,ec2_isic4_c32,2013,41.6
slv,age_ythadult_y15_24,ec2_isic4_c32,2014,37.9
slv,age_ythadult_y15_24,ec2_isic4_c32,2015,41.3
slv,age_ythadult_y15_24,ec2_isic4_c32,2016,36.11
slv,age_ythadult_y15_24,ec2_isic4_c32,2017,43.42
slv,age_ythadult_y15_24,ec2_isic4_c32,2018,38.95
slv,age_ythadult_y15_24,ec2_isic4_c32,2019,53.4
slv,age_ythadult_y15_24,ec2_isic4_c32,2021,45.67
slv,age_ythadult_y15_24,ec2_isic4_c32,2022,46.32
slv,age_ythadult_y15_24,ec2_isic4_c32,2023,43.32
slv,age_ythadult_y15_24,ec2_isic4_c33,2010,45.65
slv,age_ythadult_y15_24,ec2_isic4_c33,2011,43.45
slv,age_ythadult_y15_24,ec2_isic4_c33,2012,42.5
slv,age_ythadult_y15_24,ec2_isic4_c33,2013,46.3
slv,age_ythadult_y15_24,ec2_isic4_c33,2014,43.96
slv,age_ythadult_y15_24,ec2_isic4_c33,2015,52.28
slv,age_ythadult_y15_24,ec2_isic4_c33,2016,45.98
slv,age_ythadult_y15_24,ec2_isic4_c33,2017,44.4
slv,age_ythadult_y15_24,ec2_isic4_c33,2018,38.37
slv,age_ythadult_y15_24,ec2_isic4_c33,2019,48.37
slv,age_ythadult_y15_24,ec2_isic4_c33,2020,43.24
slv,age_ythadult_y15_24,ec2_isic4_c33,2021,43.53
slv,age_ythadult_y15_24,ec2_isic4_c33,2022,46.32
slv,age_ythadult_y15_24,ec2_isic4_c33,2023,49.47
slv,age_ythadult_y15_24,ec2_isic4_c33,2024,42.43
slv,age_ythadult_y15_24,ec2_isic4_d35,2010,35.37
slv,age_ythadult_y15_24,ec2_isic4_d35,2011,44.78
slv,age_ythadult_y15_24,ec2_isic4_d35,2012,52.68
slv,age_ythadult_y15_24,ec2_isic4_d35,2014,42.29
slv,age_ythadult_y15_24,ec2_isic4_d35,2015,42.45
slv,age_ythadult_y15_24,ec2_isic4_d35,2016,53.87
slv,age_ythadult_y15_24,ec2_isic4_d35,2017,39.91
slv,age_ythadult_y15_24,ec2_isic4_d35,2018,54.33
slv,age_ythadult_y15_24,ec2_isic4_d35,2019,43.54
slv,age_ythadult_y15_24,ec2_isic4_d35,2021,43.66
slv,age_ythadult_y15_24,ec2_isic4_d35,2022,44.66
slv,age_ythadult_y15_24,ec2_isic4_d35,2023,42.63
slv,age_ythadult_y15_24,ec2_isic4_d35,2024,45.16
slv,age_ythadult_y15_24,ec2_isic4_e36,2013,39.95
slv,age_ythadult_y15_24,ec2_isic4_e36,2015,48.08
slv,age_ythadult_y15_24,ec2_isic4_e36,2018,37.04
slv,age_ythadult_y15_24,ec2_isic4_e36,2019,32.58
slv,age_ythadult_y15_24,ec2_isic4_e36,2024,30.31
slv,age_ythadult_y15_24,ec2_isic4_e37,2010,40.18
slv,age_ythadult_y15_24,ec2_isic4_e38,2011,41.63
slv,age_ythadult_y15_24,ec2_isic4_e38,2014,41.86
slv,age_ythadult_y15_24,ec2_isic4_e38,2015,43.12
slv,age_ythadult_y15_24,ec2_isic4_e38,2016,50.32
slv,age_ythadult_y15_24,ec2_isic4_e38,2018,56.87
slv,age_ythadult_y15_24,ec2_isic4_e38,2019,51.58
slv,age_ythadult_y15_24,ec2_isic4_e38,2021,46.79
slv,age_ythadult_y15_24,ec2_isic4_e38,2022,58.43
slv,age_ythadult_y15_24,ec2_isic4_e38,2023,42.71
slv,age_ythadult_y15_24,ec2_isic4_f41,2010,41.07
slv,age_ythadult_y15_24,ec2_isic4_f41,2011,42.61
slv,age_ythadult_y15_24,ec2_isic4_f41,2012,42.03
slv,age_ythadult_y15_24,ec2_isic4_f41,2013,42.85
slv,age_ythadult_y15_24,ec2_isic4_f41,2014,42.6
slv,age_ythadult_y15_24,ec2_isic4_f41,2015,42.45
slv,age_ythadult_y15_24,ec2_isic4_f41,2016,41.84
slv,age_ythadult_y15_24,ec2_isic4_f41,2017,40.5
slv,age_ythadult_y15_24,ec2_isic4_f41,2018,42.31
slv,age_ythadult_y15_24,ec2_isic4_f41,2019,43.04
slv,age_ythadult_y15_24,ec2_isic4_f41,2020,42.35
slv,age_ythadult_y15_24,ec2_isic4_f41,2021,43.68
slv,age_ythadult_y15_24,ec2_isic4_f41,2022,43.7
slv,age_ythadult_y15_24,ec2_isic4_f41,2023,43.55
slv,age_ythadult_y15_24,ec2_isic4_f41,2024,42.3
slv,age_ythadult_y15_24,ec2_isic4_f42,2010,42.15
slv,age_ythadult_y15_24,ec2_isic4_f42,2011,48.49
slv,age_ythadult_y15_24,ec2_isic4_f42,2012,39.93
slv,age_ythadult_y15_24,ec2_isic4_f42,2013,44.65
slv,age_ythadult_y15_24,ec2_isic4_f42,2014,41.35
slv,age_ythadult_y15_24,ec2_isic4_f42,2015,46.65
slv,age_ythadult_y15_24,ec2_isic4_f42,2016,47.1
slv,age_ythadult_y15_24,ec2_isic4_f42,2017,36.83
slv,age_ythadult_y15_24,ec2_isic4_f42,2018,49.37
slv,age_ythadult_y15_24,ec2_isic4_f42,2019,49.19
slv,age_ythadult_y15_24,ec2_isic4_f42,2020,44.77
slv,age_ythadult_y15_24,ec2_isic4_f42,2021,47.39
slv,age_ythadult_y15_24,ec2_isic4_f42,2022,47.07
slv,age_ythadult_y15_24,ec2_isic4_f42,2023,51.08
slv,age_ythadult_y15_24,ec2_isic4_f42,2024,43.32
slv,age_ythadult_y15_24,ec2_isic4_f43,2010,39.99
slv,age_ythadult_y15_24,ec2_isic4_f43,2011,38.03
slv,age_ythadult_y15_24,ec2_isic4_f43,2012,41.72
slv,age_ythadult_y15_24,ec2_isic4_f43,2013,42.82
slv,age_ythadult_y15_24,ec2_isic4_f43,2014,41.41
slv,age_ythadult_y15_24,ec2_isic4_f43,2015,42.49
slv,age_ythadult_y15_24,ec2_isic4_f43,2016,41.08
slv,age_ythadult_y15_24,ec2_isic4_f43,2017,40.84
slv,age_ythadult_y15_24,ec2_isic4_f43,2018,43.72
slv,age_ythadult_y15_24,ec2_isic4_f43,2019,42.41
slv,age_ythadult_y15_24,ec2_isic4_f43,2020,42.25
slv,age_ythadult_y15_24,ec2_isic4_f43,2021,44.53
slv,age_ythadult_y15_24,ec2_isic4_f43,2022,43.01
slv,age_ythadult_y15_24,ec2_isic4_f43,2023,45.15
slv,age_ythadult_y15_24,ec2_isic4_f43,2024,43.6
slv,age_ythadult_y15_24,ec2_isic4_g45,2010,45.98
slv,age_ythadult_y15_24,ec2_isic4_g45,2011,45.3
slv,age_ythadult_y15_24,ec2_isic4_g45,2012,47.7
slv,age_ythadult_y15_24,ec2_isic4_g45,2013,48.1
slv,age_ythadult_y15_24,ec2_isic4_g45,2014,44.66
slv,age_ythadult_y15_24,ec2_isic4_g45,2015,46.3
slv,age_ythadult_y15_24,ec2_isic4_g45,2016,45.62
slv,age_ythadult_y15_24,ec2_isic4_g45,2017,48.33
slv,age_ythadult_y15_24,ec2_isic4_g45,2018,46.63
slv,age_ythadult_y15_24,ec2_isic4_g45,2019,47.22
slv,age_ythadult_y15_24,ec2_isic4_g45,2020,48.19
slv,age_ythadult_y15_24,ec2_isic4_g45,2021,47.79
slv,age_ythadult_y15_24,ec2_isic4_g45,2022,47.88
slv,age_ythadult_y15_24,ec2_isic4_g45,2023,46.39
slv,age_ythadult_y15_24,ec2_isic4_g45,2024,45.57
slv,age_ythadult_y15_24,ec2_isic4_g46,2010,45.07
slv,age_ythadult_y15_24,ec2_isic4_g46,2011,46.71
slv,age_ythadult_y15_24,ec2_isic4_g46,2012,48.16
slv,age_ythadult_y15_24,ec2_isic4_g46,2013,49.52
slv,age_ythadult_y15_24,ec2_isic4_g46,2014,47.43
slv,age_ythadult_y15_24,ec2_isic4_g46,2015,49.13
slv,age_ythadult_y15_24,ec2_isic4_g46,2016,47.82
slv,age_ythadult_y15_24,ec2_isic4_g46,2017,46.74
slv,age_ythadult_y15_24,ec2_isic4_g46,2018,46.2
slv,age_ythadult_y15_24,ec2_isic4_g46,2019,48.04
slv,age_ythadult_y15_24,ec2_isic4_g46,2020,49.68
slv,age_ythadult_y15_24,ec2_isic4_g46,2021,48.87
slv,age_ythadult_y15_24,ec2_isic4_g46,2022,44.02
slv,age_ythadult_y15_24,ec2_isic4_g46,2023,44.91
slv,age_ythadult_y15_24,ec2_isic4_g46,2024,46.16
slv,age_ythadult_y15_24,ec2_isic4_g47,2010,46.02
slv,age_ythadult_y15_24,ec2_isic4_g47,2011,46.43
slv,age_ythadult_y15_24,ec2_isic4_g47,2012,47.44
slv,age_ythadult_y15_24,ec2_isic4_g47,2013,49.32
slv,age_ythadult_y15_24,ec2_isic4_g47,2014,48.82
slv,age_ythadult_y15_24,ec2_isic4_g47,2015,46.97
slv,age_ythadult_y15_24,ec2_isic4_g47,2016,47.9
slv,age_ythadult_y15_24,ec2_isic4_g47,2017,47.4
slv,age_ythadult_y15_24,ec2_isic4_g47,2018,47.72
slv,age_ythadult_y15_24,ec2_isic4_g47,2019,48.02
slv,age_ythadult_y15_24,ec2_isic4_g47,2020,46.65
slv,age_ythadult_y15_24,ec2_isic4_g47,2021,47.89
slv,age_ythadult_y15_24,ec2_isic4_g47,2022,48.26
slv,age_ythadult_y15_24,ec2_isic4_g47,2023,48.28
slv,age_ythadult_y15_24,ec2_isic4_g47,2024,47.87
slv,age_ythadult_y15_24,ec2_isic4_h49,2010,44.21
slv,age_ythadult_y15_24,ec2_isic4_h49,2011,46.36
slv,age_ythadult_y15_24,ec2_isic4_h49,2012,44.65
slv,age_ythadult_y15_24,ec2_isic4_h49,2013,45.13
slv,age_ythadult_y15_24,ec2_isic4_h49,2014,43.81
slv,age_ythadult_y15_24,ec2_isic4_h49,2015,47.83
slv,age_ythadult_y15_24,ec2_isic4_h49,2016,47.84
slv,age_ythadult_y15_24,ec2_isic4_h49,2017,44.71
slv,age_ythadult_y15_24,ec2_isic4_h49,2018,49.94
slv,age_ythadult_y15_24,ec2_isic4_h49,2019,47
slv,age_ythadult_y15_24,ec2_isic4_h49,2020,43.77
slv,age_ythadult_y15_24,ec2_isic4_h49,2021,48.2
slv,age_ythadult_y15_24,ec2_isic4_h49,2022,46.06
slv,age_ythadult_y15_24,ec2_isic4_h49,2023,44.74
slv,age_ythadult_y15_24,ec2_isic4_h49,2024,52.25
slv,age_ythadult_y15_24,ec2_isic4_h51,2011,39.34
slv,age_ythadult_y15_24,ec2_isic4_h51,2012,37.74
slv,age_ythadult_y15_24,ec2_isic4_h51,2014,39.39
slv,age_ythadult_y15_24,ec2_isic4_h51,2015,41.82
slv,age_ythadult_y15_24,ec2_isic4_h51,2016,47.05
slv,age_ythadult_y15_24,ec2_isic4_h51,2017,36.1
slv,age_ythadult_y15_24,ec2_isic4_h51,2018,43.7
slv,age_ythadult_y15_24,ec2_isic4_h52,2010,47.17
slv,age_ythadult_y15_24,ec2_isic4_h52,2011,48.13
slv,age_ythadult_y15_24,ec2_isic4_h52,2012,47.37
slv,age_ythadult_y15_24,ec2_isic4_h52,2013,27.35
slv,age_ythadult_y15_24,ec2_isic4_h52,2014,44.28
slv,age_ythadult_y15_24,ec2_isic4_h52,2015,46
slv,age_ythadult_y15_24,ec2_isic4_h52,2017,55.76
slv,age_ythadult_y15_24,ec2_isic4_h52,2018,43.87
slv,age_ythadult_y15_24,ec2_isic4_h52,2019,45.66
slv,age_ythadult_y15_24,ec2_isic4_h52,2020,47.37
slv,age_ythadult_y15_24,ec2_isic4_h52,2022,46.9
slv,age_ythadult_y15_24,ec2_isic4_h52,2023,42.66
slv,age_ythadult_y15_24,ec2_isic4_h52,2024,45.14
slv,age_ythadult_y15_24,ec2_isic4_h53,2011,42.78
slv,age_ythadult_y15_24,ec2_isic4_h53,2017,51.18
slv,age_ythadult_y15_24,ec2_isic4_h53,2019,47.37
slv,age_ythadult_y15_24,ec2_isic4_h53,2021,47.44
slv,age_ythadult_y15_24,ec2_isic4_h53,2022,45.24
slv,age_ythadult_y15_24,ec2_isic4_h53,2024,43
slv,age_ythadult_y15_24,ec2_isic4_i55,2010,50.82
slv,age_ythadult_y15_24,ec2_isic4_i55,2011,51.14
slv,age_ythadult_y15_24,ec2_isic4_i55,2012,43.85
slv,age_ythadult_y15_24,ec2_isic4_i55,2013,49.43
slv,age_ythadult_y15_24,ec2_isic4_i55,2014,43.17
slv,age_ythadult_y15_24,ec2_isic4_i55,2015,48.31
slv,age_ythadult_y15_24,ec2_isic4_i55,2016,48.7
slv,age_ythadult_y15_24,ec2_isic4_i55,2017,47.58
slv,age_ythadult_y15_24,ec2_isic4_i55,2018,51.77
slv,age_ythadult_y15_24,ec2_isic4_i55,2019,49
slv,age_ythadult_y15_24,ec2_isic4_i55,2020,38.57
slv,age_ythadult_y15_24,ec2_isic4_i55,2021,49.42
slv,age_ythadult_y15_24,ec2_isic4_i55,2022,47.94
slv,age_ythadult_y15_24,ec2_isic4_i55,2023,43.07
slv,age_ythadult_y15_24,ec2_isic4_i55,2024,47.85
slv,age_ythadult_y15_24,ec2_isic4_i56,2010,48.38
slv,age_ythadult_y15_24,ec2_isic4_i56,2011,48.49
slv,age_ythadult_y15_24,ec2_isic4_i56,2012,44.82
slv,age_ythadult_y15_24,ec2_isic4_i56,2013,46.91
slv,age_ythadult_y15_24,ec2_isic4_i56,2014,46.62
slv,age_ythadult_y15_24,ec2_isic4_i56,2015,46.34
slv,age_ythadult_y15_24,ec2_isic4_i56,2016,44.52
slv,age_ythadult_y15_24,ec2_isic4_i56,2017,44.58
slv,age_ythadult_y15_24,ec2_isic4_i56,2018,45.31
slv,age_ythadult_y15_24,ec2_isic4_i56,2019,46.17
slv,age_ythadult_y15_24,ec2_isic4_i56,2020,44.04
slv,age_ythadult_y15_24,ec2_isic4_i56,2021,46.24
slv,age_ythadult_y15_24,ec2_isic4_i56,2022,45.84
slv,age_ythadult_y15_24,ec2_isic4_i56,2023,48.15
slv,age_ythadult_y15_24,ec2_isic4_i56,2024,46.25
slv,age_ythadult_y15_24,ec2_isic4_j60,2010,30.87
slv,age_ythadult_y15_24,ec2_isic4_j60,2011,32.3
slv,age_ythadult_y15_24,ec2_isic4_j60,2012,39.98
slv,age_ythadult_y15_24,ec2_isic4_j60,2013,37.13
slv,age_ythadult_y15_24,ec2_isic4_j60,2014,28.62
slv,age_ythadult_y15_24,ec2_isic4_j60,2015,39.41
slv,age_ythadult_y15_24,ec2_isic4_j60,2016,29.86
slv,age_ythadult_y15_24,ec2_isic4_j60,2017,41.67
slv,age_ythadult_y15_24,ec2_isic4_j60,2019,31.58
slv,age_ythadult_y15_24,ec2_isic4_j60,2024,42.76
slv,age_ythadult_y15_24,ec2_isic4_j61,2010,42.9
slv,age_ythadult_y15_24,ec2_isic4_j61,2011,45.16
slv,age_ythadult_y15_24,ec2_isic4_j61,2012,45.21
slv,age_ythadult_y15_24,ec2_isic4_j61,2013,44.9
slv,age_ythadult_y15_24,ec2_isic4_j61,2014,50.96
slv,age_ythadult_y15_24,ec2_isic4_j61,2015,49.59
slv,age_ythadult_y15_24,ec2_isic4_j61,2016,48.3
slv,age_ythadult_y15_24,ec2_isic4_j61,2017,48.77
slv,age_ythadult_y15_24,ec2_isic4_j61,2018,46.08
slv,age_ythadult_y15_24,ec2_isic4_j61,2019,50.46
slv,age_ythadult_y15_24,ec2_isic4_j61,2020,46.28
slv,age_ythadult_y15_24,ec2_isic4_j61,2021,49.37
slv,age_ythadult_y15_24,ec2_isic4_j61,2022,46.23
slv,age_ythadult_y15_24,ec2_isic4_j61,2023,49.52
slv,age_ythadult_y15_24,ec2_isic4_j61,2024,43.38
slv,age_ythadult_y15_24,ec2_isic4_j62,2010,44.02
slv,age_ythadult_y15_24,ec2_isic4_j62,2021,44.68
slv,age_ythadult_y15_24,ec2_isic4_j62,2022,44.98
slv,age_ythadult_y15_24,ec2_isic4_j62,2023,43.28
slv,age_ythadult_y15_24,ec2_isic4_k64,2010,45.17
slv,age_ythadult_y15_24,ec2_isic4_k64,2011,45.33
slv,age_ythadult_y15_24,ec2_isic4_k64,2012,44.11
slv,age_ythadult_y15_24,ec2_isic4_k64,2013,43.22
slv,age_ythadult_y15_24,ec2_isic4_k64,2014,46.84
slv,age_ythadult_y15_24,ec2_isic4_k64,2015,46.85
slv,age_ythadult_y15_24,ec2_isic4_k64,2016,44.99
slv,age_ythadult_y15_24,ec2_isic4_k64,2017,46.39
slv,age_ythadult_y15_24,ec2_isic4_k64,2018,45.64
slv,age_ythadult_y15_24,ec2_isic4_k64,2019,47.12
slv,age_ythadult_y15_24,ec2_isic4_k64,2020,44.47
slv,age_ythadult_y15_24,ec2_isic4_k64,2021,46.43
slv,age_ythadult_y15_24,ec2_isic4_k64,2022,47.09
slv,age_ythadult_y15_24,ec2_isic4_k64,2023,44.47
slv,age_ythadult_y15_24,ec2_isic4_k64,2024,44.45
slv,age_ythadult_y15_24,ec2_isic4_k65,2014,44.15
slv,age_ythadult_y15_24,ec2_isic4_k65,2019,42.93
slv,age_ythadult_y15_24,ec2_isic4_l68,2011,31.68
slv,age_ythadult_y15_24,ec2_isic4_l68,2013,30.15
slv,age_ythadult_y15_24,ec2_isic4_l68,2014,33.91
slv,age_ythadult_y15_24,ec2_isic4_l68,2015,44.71
slv,age_ythadult_y15_24,ec2_isic4_l68,2021,44.35
slv,age_ythadult_y15_24,ec2_isic4_m69,2010,38.87
slv,age_ythadult_y15_24,ec2_isic4_m69,2011,43.62
slv,age_ythadult_y15_24,ec2_isic4_m69,2012,41.64
slv,age_ythadult_y15_24,ec2_isic4_m69,2013,41.69
slv,age_ythadult_y15_24,ec2_isic4_m69,2014,38.34
slv,age_ythadult_y15_24,ec2_isic4_m69,2015,44.7
slv,age_ythadult_y15_24,ec2_isic4_m69,2016,37.84
slv,age_ythadult_y15_24,ec2_isic4_m69,2017,42.86
slv,age_ythadult_y15_24,ec2_isic4_m69,2018,38.56
slv,age_ythadult_y15_24,ec2_isic4_m69,2019,43.49
slv,age_ythadult_y15_24,ec2_isic4_m69,2020,45.05
slv,age_ythadult_y15_24,ec2_isic4_m69,2021,41.95
slv,age_ythadult_y15_24,ec2_isic4_m69,2022,41.47
slv,age_ythadult_y15_24,ec2_isic4_m69,2023,38.73
slv,age_ythadult_y15_24,ec2_isic4_m69,2024,35.02
slv,age_ythadult_y15_24,ec2_isic4_m71,2012,40.26
slv,age_ythadult_y15_24,ec2_isic4_m73,2010,42.04
slv,age_ythadult_y15_24,ec2_isic4_m73,2011,34.36
slv,age_ythadult_y15_24,ec2_isic4_m73,2012,36.82
slv,age_ythadult_y15_24,ec2_isic4_m73,2013,61.85
slv,age_ythadult_y15_24,ec2_isic4_m73,2014,43.66
slv,age_ythadult_y15_24,ec2_isic4_m73,2015,43.74
slv,age_ythadult_y15_24,ec2_isic4_m73,2016,38.28
slv,age_ythadult_y15_24,ec2_isic4_m73,2017,36
slv,age_ythadult_y15_24,ec2_isic4_m73,2018,45.2
slv,age_ythadult_y15_24,ec2_isic4_m73,2019,40.79
slv,age_ythadult_y15_24,ec2_isic4_m73,2021,46.56
slv,age_ythadult_y15_24,ec2_isic4_m73,2022,41.66
slv,age_ythadult_y15_24,ec2_isic4_m73,2024,31.36
slv,age_ythadult_y15_24,ec2_isic4_m74,2012,28.01
slv,age_ythadult_y15_24,ec2_isic4_m74,2016,21.38
slv,age_ythadult_y15_24,ec2_isic4_m74,2018,51.65
slv,age_ythadult_y15_24,ec2_isic4_m74,2019,24.61
slv,age_ythadult_y15_24,ec2_isic4_m74,2021,29.66
slv,age_ythadult_y15_24,ec2_isic4_m74,2022,39.98
slv,age_ythadult_y15_24,ec2_isic4_m74,2024,46.66
slv,age_ythadult_y15_24,ec2_isic4_n77,2015,59.46
slv,age_ythadult_y15_24,ec2_isic4_n77,2016,40.75
slv,age_ythadult_y15_24,ec2_isic4_n77,2018,44.15
slv,age_ythadult_y15_24,ec2_isic4_n78,2012,29.18
slv,age_ythadult_y15_24,ec2_isic4_n78,2013,43.69
slv,age_ythadult_y15_24,ec2_isic4_n78,2015,42.82
slv,age_ythadult_y15_24,ec2_isic4_n78,2017,34.59
slv,age_ythadult_y15_24,ec2_isic4_n78,2018,43.43
slv,age_ythadult_y15_24,ec2_isic4_n78,2019,37.82
slv,age_ythadult_y15_24,ec2_isic4_n78,2021,48.55
slv,age_ythadult_y15_24,ec2_isic4_n78,2023,48.75
slv,age_ythadult_y15_24,ec2_isic4_n79,2024,37.53
slv,age_ythadult_y15_24,ec2_isic4_n80,2010,50.67
slv,age_ythadult_y15_24,ec2_isic4_n80,2011,54.03
slv,age_ythadult_y15_24,ec2_isic4_n80,2012,55.56
slv,age_ythadult_y15_24,ec2_isic4_n80,2013,55.02
slv,age_ythadult_y15_24,ec2_isic4_n80,2014,52.39
slv,age_ythadult_y15_24,ec2_isic4_n80,2015,53.6
slv,age_ythadult_y15_24,ec2_isic4_n80,2016,45.96
slv,age_ythadult_y15_24,ec2_isic4_n80,2017,48.07
slv,age_ythadult_y15_24,ec2_isic4_n80,2018,52.59
slv,age_ythadult_y15_24,ec2_isic4_n80,2019,59.72
slv,age_ythadult_y15_24,ec2_isic4_n80,2020,57.06
slv,age_ythadult_y15_24,ec2_isic4_n80,2021,58.92
slv,age_ythadult_y15_24,ec2_isic4_n80,2022,51.66
slv,age_ythadult_y15_24,ec2_isic4_n80,2023,58.62
slv,age_ythadult_y15_24,ec2_isic4_n80,2024,55.28
slv,age_ythadult_y15_24,ec2_isic4_n81,2010,46.43
slv,age_ythadult_y15_24,ec2_isic4_n81,2011,47.18
slv,age_ythadult_y15_24,ec2_isic4_n81,2012,45
slv,age_ythadult_y15_24,ec2_isic4_n81,2013,43.12
slv,age_ythadult_y15_24,ec2_isic4_n81,2014,48.94
slv,age_ythadult_y15_24,ec2_isic4_n81,2015,43.08
slv,age_ythadult_y15_24,ec2_isic4_n81,2016,45.56
slv,age_ythadult_y15_24,ec2_isic4_n81,2017,34.63
slv,age_ythadult_y15_24,ec2_isic4_n81,2018,48.95
slv,age_ythadult_y15_24,ec2_isic4_n81,2019,46.24
slv,age_ythadult_y15_24,ec2_isic4_n81,2020,55.54
slv,age_ythadult_y15_24,ec2_isic4_n81,2021,44.65
slv,age_ythadult_y15_24,ec2_isic4_n81,2022,45.85
slv,age_ythadult_y15_24,ec2_isic4_n81,2023,43.6
slv,age_ythadult_y15_24,ec2_isic4_n81,2024,42.82
slv,age_ythadult_y15_24,ec2_isic4_n82,2010,47.04
slv,age_ythadult_y15_24,ec2_isic4_n82,2011,44.04
slv,age_ythadult_y15_24,ec2_isic4_n82,2012,43.27
slv,age_ythadult_y15_24,ec2_isic4_n82,2013,43
slv,age_ythadult_y15_24,ec2_isic4_n82,2014,44.01
slv,age_ythadult_y15_24,ec2_isic4_n82,2015,44.19
slv,age_ythadult_y15_24,ec2_isic4_n82,2016,39.97
slv,age_ythadult_y15_24,ec2_isic4_n82,2017,41.73
slv,age_ythadult_y15_24,ec2_isic4_n82,2018,46.94
slv,age_ythadult_y15_24,ec2_isic4_n82,2019,42.77
slv,age_ythadult_y15_24,ec2_isic4_n82,2020,46.18
slv,age_ythadult_y15_24,ec2_isic4_n82,2021,44.79
slv,age_ythadult_y15_24,ec2_isic4_n82,2022,47.43
slv,age_ythadult_y15_24,ec2_isic4_n82,2023,42.83
slv,age_ythadult_y15_24,ec2_isic4_n82,2024,46.42
slv,age_ythadult_y15_24,ec2_isic4_o84,2010,51.5
slv,age_ythadult_y15_24,ec2_isic4_o84,2011,46.75
slv,age_ythadult_y15_24,ec2_isic4_o84,2012,43.86
slv,age_ythadult_y15_24,ec2_isic4_o84,2013,43.87
slv,age_ythadult_y15_24,ec2_isic4_o84,2014,46.6
slv,age_ythadult_y15_24,ec2_isic4_o84,2015,45.51
slv,age_ythadult_y15_24,ec2_isic4_o84,2016,52.2
slv,age_ythadult_y15_24,ec2_isic4_o84,2017,49.26
slv,age_ythadult_y15_24,ec2_isic4_o84,2018,49.54
slv,age_ythadult_y15_24,ec2_isic4_o84,2019,49.04
slv,age_ythadult_y15_24,ec2_isic4_o84,2020,49.91
slv,age_ythadult_y15_24,ec2_isic4_o84,2021,55.66
slv,age_ythadult_y15_24,ec2_isic4_o84,2022,52.44
slv,age_ythadult_y15_24,ec2_isic4_o84,2023,52.82
slv,age_ythadult_y15_24,ec2_isic4_o84,2024,56.83
slv,age_ythadult_y15_24,ec2_isic4_p85,2010,36.02
slv,age_ythadult_y15_24,ec2_isic4_p85,2011,30.02
slv,age_ythadult_y15_24,ec2_isic4_p85,2012,31.18
slv,age_ythadult_y15_24,ec2_isic4_p85,2013,31.71
slv,age_ythadult_y15_24,ec2_isic4_p85,2014,39.45
slv,age_ythadult_y15_24,ec2_isic4_p85,2015,37.44
slv,age_ythadult_y15_24,ec2_isic4_p85,2016,38.85
slv,age_ythadult_y15_24,ec2_isic4_p85,2017,32.19
slv,age_ythadult_y15_24,ec2_isic4_p85,2018,32.63
slv,age_ythadult_y15_24,ec2_isic4_p85,2019,34.73
slv,age_ythadult_y15_24,ec2_isic4_p85,2020,31.27
slv,age_ythadult_y15_24,ec2_isic4_p85,2021,35.25
slv,age_ythadult_y15_24,ec2_isic4_p85,2022,31.71
slv,age_ythadult_y15_24,ec2_isic4_p85,2023,41.03
slv,age_ythadult_y15_24,ec2_isic4_p85,2024,35.3
slv,age_ythadult_y15_24,ec2_isic4_q86,2010,43.59
slv,age_ythadult_y15_24,ec2_isic4_q86,2011,42.37
slv,age_ythadult_y15_24,ec2_isic4_q86,2012,42.85
slv,age_ythadult_y15_24,ec2_isic4_q86,2013,42.79
slv,age_ythadult_y15_24,ec2_isic4_q86,2014,42.42
slv,age_ythadult_y15_24,ec2_isic4_q86,2015,41.59
slv,age_ythadult_y15_24,ec2_isic4_q86,2016,44.67
slv,age_ythadult_y15_24,ec2_isic4_q86,2017,40.29
slv,age_ythadult_y15_24,ec2_isic4_q86,2018,37.13
slv,age_ythadult_y15_24,ec2_isic4_q86,2019,40.49
slv,age_ythadult_y15_24,ec2_isic4_q86,2020,46.3
slv,age_ythadult_y15_24,ec2_isic4_q86,2021,48.77
slv,age_ythadult_y15_24,ec2_isic4_q86,2022,44.97
slv,age_ythadult_y15_24,ec2_isic4_q86,2023,41.31
slv,age_ythadult_y15_24,ec2_isic4_q86,2024,39.8
slv,age_ythadult_y15_24,ec2_isic4_q87,2012,42.38
slv,age_ythadult_y15_24,ec2_isic4_q87,2013,37.12
slv,age_ythadult_y15_24,ec2_isic4_q88,2010,37.64
slv,age_ythadult_y15_24,ec2_isic4_q88,2011,36.69
slv,age_ythadult_y15_24,ec2_isic4_q88,2012,31.74
slv,age_ythadult_y15_24,ec2_isic4_q88,2013,37.73
slv,age_ythadult_y15_24,ec2_isic4_q88,2014,42.13
slv,age_ythadult_y15_24,ec2_isic4_q88,2015,43.11
slv,age_ythadult_y15_24,ec2_isic4_q88,2016,36.01
slv,age_ythadult_y15_24,ec2_isic4_q88,2018,36.45
slv,age_ythadult_y15_24,ec2_isic4_q88,2019,39.81
slv,age_ythadult_y15_24,ec2_isic4_q88,2021,38.5
slv,age_ythadult_y15_24,ec2_isic4_q88,2022,35.07
slv,age_ythadult_y15_24,ec2_isic4_r90,2010,37.68
slv,age_ythadult_y15_24,ec2_isic4_r90,2013,17.79
slv,age_ythadult_y15_24,ec2_isic4_r90,2015,28.96
slv,age_ythadult_y15_24,ec2_isic4_r90,2017,22.14
slv,age_ythadult_y15_24,ec2_isic4_r90,2018,36.74
slv,age_ythadult_y15_24,ec2_isic4_r90,2019,28.14
slv,age_ythadult_y15_24,ec2_isic4_r90,2021,31.32
slv,age_ythadult_y15_24,ec2_isic4_r90,2023,38.46
slv,age_ythadult_y15_24,ec2_isic4_r92,2012,48.85
slv,age_ythadult_y15_24,ec2_isic4_r92,2013,45.87
slv,age_ythadult_y15_24,ec2_isic4_r92,2014,48.96
slv,age_ythadult_y15_24,ec2_isic4_r93,2010,37.5
slv,age_ythadult_y15_24,ec2_isic4_r93,2011,48.39
slv,age_ythadult_y15_24,ec2_isic4_r93,2012,43.93
slv,age_ythadult_y15_24,ec2_isic4_r93,2013,34.84
slv,age_ythadult_y15_24,ec2_isic4_r93,2014,24.63
slv,age_ythadult_y15_24,ec2_isic4_r93,2015,36.16
slv,age_ythadult_y15_24,ec2_isic4_r93,2016,35.18
slv,age_ythadult_y15_24,ec2_isic4_r93,2017,36.43
slv,age_ythadult_y15_24,ec2_isic4_r93,2018,37.76
slv,age_ythadult_y15_24,ec2_isic4_r93,2019,32.48
slv,age_ythadult_y15_24,ec2_isic4_r93,2020,36.6
slv,age_ythadult_y15_24,ec2_isic4_r93,2021,38.1
slv,age_ythadult_y15_24,ec2_isic4_r93,2022,36.9
slv,age_ythadult_y15_24,ec2_isic4_r93,2023,51.51
slv,age_ythadult_y15_24,ec2_isic4_r93,2024,27.82
slv,age_ythadult_y15_24,ec2_isic4_s94,2010,39.72
slv,age_ythadult_y15_24,ec2_isic4_s94,2011,41.48
slv,age_ythadult_y15_24,ec2_isic4_s94,2012,41.72
slv,age_ythadult_y15_24,ec2_isic4_s94,2013,38.23
slv,age_ythadult_y15_24,ec2_isic4_s94,2014,42.18
slv,age_ythadult_y15_24,ec2_isic4_s94,2015,37.19
slv,age_ythadult_y15_24,ec2_isic4_s94,2016,32.9
slv,age_ythadult_y15_24,ec2_isic4_s94,2017,38.34
slv,age_ythadult_y15_24,ec2_isic4_s94,2018,38.13
slv,age_ythadult_y15_24,ec2_isic4_s94,2019,45.97
slv,age_ythadult_y15_24,ec2_isic4_s94,2020,35.99
slv,age_ythadult_y15_24,ec2_isic4_s94,2021,39.79
slv,age_ythadult_y15_24,ec2_isic4_s94,2022,38.49
slv,age_ythadult_y15_24,ec2_isic4_s94,2023,38.76
slv,age_ythadult_y15_24,ec2_isic4_s94,2024,38.69
slv,age_ythadult_y15_24,ec2_isic4_s95,2010,51.57
slv,age_ythadult_y15_24,ec2_isic4_s95,2011,46.72
slv,age_ythadult_y15_24,ec2_isic4_s95,2012,48.86
slv,age_ythadult_y15_24,ec2_isic4_s95,2013,46.52
slv,age_ythadult_y15_24,ec2_isic4_s95,2014,43.66
slv,age_ythadult_y15_24,ec2_isic4_s95,2015,44.62
slv,age_ythadult_y15_24,ec2_isic4_s95,2016,43.1
slv,age_ythadult_y15_24,ec2_isic4_s95,2017,45.97
slv,age_ythadult_y15_24,ec2_isic4_s95,2018,40.21
slv,age_ythadult_y15_24,ec2_isic4_s95,2019,38.27
slv,age_ythadult_y15_24,ec2_isic4_s95,2020,44.39
slv,age_ythadult_y15_24,ec2_isic4_s95,2021,49.38
slv,age_ythadult_y15_24,ec2_isic4_s95,2022,46.47
slv,age_ythadult_y15_24,ec2_isic4_s95,2023,44.1
slv,age_ythadult_y15_24,ec2_isic4_s95,2024,43.64
slv,age_ythadult_y15_24,ec2_isic4_s96,2010,45.52
slv,age_ythadult_y15_24,ec2_isic4_s96,2011,44.36
slv,age_ythadult_y15_24,ec2_isic4_s96,2012,47.86
slv,age_ythadult_y15_24,ec2_isic4_s96,2013,43.1
slv,age_ythadult_y15_24,ec2_isic4_s96,2014,46.25
slv,age_ythadult_y15_24,ec2_isic4_s96,2015,48.04
slv,age_ythadult_y15_24,ec2_isic4_s96,2016,43.17
slv,age_ythadult_y15_24,ec2_isic4_s96,2017,41.91
slv,age_ythadult_y15_24,ec2_isic4_s96,2018,48.85
slv,age_ythadult_y15_24,ec2_isic4_s96,2019,50.08
slv,age_ythadult_y15_24,ec2_isic4_s96,2020,42.92
slv,age_ythadult_y15_24,ec2_isic4_s96,2021,49.3
slv,age_ythadult_y15_24,ec2_isic4_s96,2022,42.3
slv,age_ythadult_y15_24,ec2_isic4_s96,2023,48.77
slv,age_ythadult_y15_24,ec2_isic4_s96,2024,44.71
slv,age_ythadult_y15_24,ec2_isic4_t97,2010,53.92
slv,age_ythadult_y15_24,ec2_isic4_t97,2011,55.84
slv,age_ythadult_y15_24,ec2_isic4_t97,2012,52.31
slv,age_ythadult_y15_24,ec2_isic4_t97,2013,50.11
slv,age_ythadult_y15_24,ec2_isic4_t97,2014,52.04
slv,age_ythadult_y15_24,ec2_isic4_t97,2015,50.01
slv,age_ythadult_y15_24,ec2_isic4_t97,2016,52.06
slv,age_ythadult_y15_24,ec2_isic4_t97,2017,51.69
slv,age_ythadult_y15_24,ec2_isic4_t97,2018,46.93
slv,age_ythadult_y15_24,ec2_isic4_t97,2019,49.88
slv,age_ythadult_y15_24,ec2_isic4_t97,2020,49.45
slv,age_ythadult_y15_24,ec2_isic4_t97,2021,48.45
slv,age_ythadult_y15_24,ec2_isic4_t97,2022,47.24
slv,age_ythadult_y15_24,ec2_isic4_t97,2023,47.22
slv,age_ythadult_y15_24,ec2_isic4_t97,2024,43.53
slv,age_ythadult_y15_24,ec2_isic4_total,2010,43.78
slv,age_ythadult_y15_24,ec2_isic4_total,2011,43.88
slv,age_ythadult_y15_24,ec2_isic4_total,2012,42.95
slv,age_ythadult_y15_24,ec2_isic4_total,2013,43.68
slv,age_ythadult_y15_24,ec2_isic4_total,2014,43.92
slv,age_ythadult_y15_24,ec2_isic4_total,2015,43.35
slv,age_ythadult_y15_24,ec2_isic4_total,2016,43.57
slv,age_ythadult_y15_24,ec2_isic4_total,2017,43.25
slv,age_ythadult_y15_24,ec2_isic4_total,2018,43.41
slv,age_ythadult_y15_24,ec2_isic4_total,2019,44.68
slv,age_ythadult_y15_24,ec2_isic4_total,2020,43.61
slv,age_ythadult_y15_24,ec2_isic4_total,2021,44.9
slv,age_ythadult_y15_24,ec2_isic4_total,2022,44.66
slv,age_ythadult_y15_24,ec2_isic4_total,2023,45.14
slv,age_ythadult_y15_24,ec2_isic4_total,2024,44.59
slv,age_ythadult_yge15,ec2_isic4_a01,2010,38.11
slv,age_ythadult_yge15,ec2_isic4_a01,2011,37.67
slv,age_ythadult_yge15,ec2_isic4_a01,2012,37.84
slv,age_ythadult_yge15,ec2_isic4_a01,2013,38
slv,age_ythadult_yge15,ec2_isic4_a01,2014,37.9
slv,age_ythadult_yge15,ec2_isic4_a01,2015,37.6
slv,age_ythadult_yge15,ec2_isic4_a01,2016,37.33
slv,age_ythadult_yge15,ec2_isic4_a01,2017,38.03
slv,age_ythadult_yge15,ec2_isic4_a01,2018,37.25
slv,age_ythadult_yge15,ec2_isic4_a01,2019,37.78
slv,age_ythadult_yge15,ec2_isic4_a01,2020,37.41
slv,age_ythadult_yge15,ec2_isic4_a01,2021,38.21
slv,age_ythadult_yge15,ec2_isic4_a01,2022,39.03
slv,age_ythadult_yge15,ec2_isic4_a01,2023,38.3
slv,age_ythadult_yge15,ec2_isic4_a01,2024,36.72
slv,age_ythadult_yge15,ec2_isic4_a02,2010,39.82
slv,age_ythadult_yge15,ec2_isic4_a02,2011,28.43
slv,age_ythadult_yge15,ec2_isic4_a02,2012,35.26
slv,age_ythadult_yge15,ec2_isic4_a02,2013,42.27
slv,age_ythadult_yge15,ec2_isic4_a02,2014,42.03
slv,age_ythadult_yge15,ec2_isic4_a02,2017,35.75
slv,age_ythadult_yge15,ec2_isic4_a02,2018,36.21
slv,age_ythadult_yge15,ec2_isic4_a02,2021,45.57
slv,age_ythadult_yge15,ec2_isic4_a02,2022,42.68
slv,age_ythadult_yge15,ec2_isic4_a02,2023,35.76
slv,age_ythadult_yge15,ec2_isic4_a02,2024,48.04
slv,age_ythadult_yge15,ec2_isic4_a03,2010,33.4
slv,age_ythadult_yge15,ec2_isic4_a03,2011,39.99
slv,age_ythadult_yge15,ec2_isic4_a03,2012,38.21
slv,age_ythadult_yge15,ec2_isic4_a03,2013,34.55
slv,age_ythadult_yge15,ec2_isic4_a03,2014,42.8
slv,age_ythadult_yge15,ec2_isic4_a03,2015,43.99
slv,age_ythadult_yge15,ec2_isic4_a03,2016,37.35
slv,age_ythadult_yge15,ec2_isic4_a03,2017,42.86
slv,age_ythadult_yge15,ec2_isic4_a03,2018,43.65
slv,age_ythadult_yge15,ec2_isic4_a03,2019,44.2
slv,age_ythadult_yge15,ec2_isic4_a03,2020,52.02
slv,age_ythadult_yge15,ec2_isic4_a03,2021,45.93
slv,age_ythadult_yge15,ec2_isic4_a03,2022,46.45
slv,age_ythadult_yge15,ec2_isic4_a03,2023,48.63
slv,age_ythadult_yge15,ec2_isic4_a03,2024,48.52
slv,age_ythadult_yge15,ec2_isic4_b08,2010,41.14
slv,age_ythadult_yge15,ec2_isic4_b08,2011,37.46
slv,age_ythadult_yge15,ec2_isic4_b08,2012,38
slv,age_ythadult_yge15,ec2_isic4_b08,2013,43.02
slv,age_ythadult_yge15,ec2_isic4_b08,2014,42.26
slv,age_ythadult_yge15,ec2_isic4_b08,2015,38.62
slv,age_ythadult_yge15,ec2_isic4_b08,2016,39.72
slv,age_ythadult_yge15,ec2_isic4_b08,2017,42.1
slv,age_ythadult_yge15,ec2_isic4_b08,2018,31.98
slv,age_ythadult_yge15,ec2_isic4_b08,2019,40.55
slv,age_ythadult_yge15,ec2_isic4_b08,2020,44.62
slv,age_ythadult_yge15,ec2_isic4_b08,2021,50.13
slv,age_ythadult_yge15,ec2_isic4_b08,2022,44.6
slv,age_ythadult_yge15,ec2_isic4_b08,2023,40.7
slv,age_ythadult_yge15,ec2_isic4_b08,2024,42.33
slv,age_ythadult_yge15,ec2_isic4_c10,2010,45.74
slv,age_ythadult_yge15,ec2_isic4_c10,2011,46.24
slv,age_ythadult_yge15,ec2_isic4_c10,2012,42.78
slv,age_ythadult_yge15,ec2_isic4_c10,2013,44.69
slv,age_ythadult_yge15,ec2_isic4_c10,2014,44.54
slv,age_ythadult_yge15,ec2_isic4_c10,2015,43.91
slv,age_ythadult_yge15,ec2_isic4_c10,2016,45.14
slv,age_ythadult_yge15,ec2_isic4_c10,2017,45.76
slv,age_ythadult_yge15,ec2_isic4_c10,2018,44.44
slv,age_ythadult_yge15,ec2_isic4_c10,2019,43.78
slv,age_ythadult_yge15,ec2_isic4_c10,2020,44
slv,age_ythadult_yge15,ec2_isic4_c10,2021,45.62
slv,age_ythadult_yge15,ec2_isic4_c10,2022,42.51
slv,age_ythadult_yge15,ec2_isic4_c10,2023,44.88
slv,age_ythadult_yge15,ec2_isic4_c10,2024,44.9
slv,age_ythadult_yge15,ec2_isic4_c11,2010,50.89
slv,age_ythadult_yge15,ec2_isic4_c11,2011,47.82
slv,age_ythadult_yge15,ec2_isic4_c11,2012,51.71
slv,age_ythadult_yge15,ec2_isic4_c11,2013,51.28
slv,age_ythadult_yge15,ec2_isic4_c11,2014,50.21
slv,age_ythadult_yge15,ec2_isic4_c11,2015,50.39
slv,age_ythadult_yge15,ec2_isic4_c11,2016,52.8
slv,age_ythadult_yge15,ec2_isic4_c11,2017,50.86
slv,age_ythadult_yge15,ec2_isic4_c11,2018,52.13
slv,age_ythadult_yge15,ec2_isic4_c11,2019,49.62
slv,age_ythadult_yge15,ec2_isic4_c11,2020,49.44
slv,age_ythadult_yge15,ec2_isic4_c11,2021,50.24
slv,age_ythadult_yge15,ec2_isic4_c11,2022,47.69
slv,age_ythadult_yge15,ec2_isic4_c11,2023,48.45
slv,age_ythadult_yge15,ec2_isic4_c11,2024,51.56
slv,age_ythadult_yge15,ec2_isic4_c12,2012,38.22
slv,age_ythadult_yge15,ec2_isic4_c12,2015,31.46
slv,age_ythadult_yge15,ec2_isic4_c12,2024,43.17
slv,age_ythadult_yge15,ec2_isic4_c13,2010,44.05
slv,age_ythadult_yge15,ec2_isic4_c13,2011,44.87
slv,age_ythadult_yge15,ec2_isic4_c13,2012,43.68
slv,age_ythadult_yge15,ec2_isic4_c13,2013,44.68
slv,age_ythadult_yge15,ec2_isic4_c13,2014,43.97
slv,age_ythadult_yge15,ec2_isic4_c13,2015,44.1
slv,age_ythadult_yge15,ec2_isic4_c13,2016,43.45
slv,age_ythadult_yge15,ec2_isic4_c13,2017,43.57
slv,age_ythadult_yge15,ec2_isic4_c13,2018,44.92
slv,age_ythadult_yge15,ec2_isic4_c13,2019,44.51
slv,age_ythadult_yge15,ec2_isic4_c13,2020,43.74
slv,age_ythadult_yge15,ec2_isic4_c13,2021,45.97
slv,age_ythadult_yge15,ec2_isic4_c13,2022,44.74
slv,age_ythadult_yge15,ec2_isic4_c13,2023,45.09
slv,age_ythadult_yge15,ec2_isic4_c13,2024,45.57
slv,age_ythadult_yge15,ec2_isic4_c14,2010,45.07
slv,age_ythadult_yge15,ec2_isic4_c14,2011,44.66
slv,age_ythadult_yge15,ec2_isic4_c14,2012,45.43
slv,age_ythadult_yge15,ec2_isic4_c14,2013,45.83
slv,age_ythadult_yge15,ec2_isic4_c14,2014,46.26
slv,age_ythadult_yge15,ec2_isic4_c14,2015,44.35
slv,age_ythadult_yge15,ec2_isic4_c14,2016,44.95
slv,age_ythadult_yge15,ec2_isic4_c14,2017,44.28
slv,age_ythadult_yge15,ec2_isic4_c14,2018,44.62
slv,age_ythadult_yge15,ec2_isic4_c14,2019,44.69
slv,age_ythadult_yge15,ec2_isic4_c14,2020,44.71
slv,age_ythadult_yge15,ec2_isic4_c14,2021,44.38
slv,age_ythadult_yge15,ec2_isic4_c14,2022,43.63
slv,age_ythadult_yge15,ec2_isic4_c14,2023,43.49
slv,age_ythadult_yge15,ec2_isic4_c14,2024,44.36
slv,age_ythadult_yge15,ec2_isic4_c15,2010,47.24
slv,age_ythadult_yge15,ec2_isic4_c15,2011,46.9
slv,age_ythadult_yge15,ec2_isic4_c15,2012,39.55
slv,age_ythadult_yge15,ec2_isic4_c15,2013,47.09
slv,age_ythadult_yge15,ec2_isic4_c15,2014,45.69
slv,age_ythadult_yge15,ec2_isic4_c15,2015,46.03
slv,age_ythadult_yge15,ec2_isic4_c15,2016,46.17
slv,age_ythadult_yge15,ec2_isic4_c15,2017,45.33
slv,age_ythadult_yge15,ec2_isic4_c15,2018,43.09
slv,age_ythadult_yge15,ec2_isic4_c15,2019,39.35
slv,age_ythadult_yge15,ec2_isic4_c15,2020,47.55
slv,age_ythadult_yge15,ec2_isic4_c15,2021,48.13
slv,age_ythadult_yge15,ec2_isic4_c15,2022,43.83
slv,age_ythadult_yge15,ec2_isic4_c15,2023,44.35
slv,age_ythadult_yge15,ec2_isic4_c15,2024,44.03
slv,age_ythadult_yge15,ec2_isic4_c16,2010,40.38
slv,age_ythadult_yge15,ec2_isic4_c16,2011,35.84
slv,age_ythadult_yge15,ec2_isic4_c16,2012,46.17
slv,age_ythadult_yge15,ec2_isic4_c16,2013,37.92
slv,age_ythadult_yge15,ec2_isic4_c16,2014,39.77
slv,age_ythadult_yge15,ec2_isic4_c16,2015,37.34
slv,age_ythadult_yge15,ec2_isic4_c16,2016,47.92
slv,age_ythadult_yge15,ec2_isic4_c16,2017,42.84
slv,age_ythadult_yge15,ec2_isic4_c16,2018,37.84
slv,age_ythadult_yge15,ec2_isic4_c16,2019,40.44
slv,age_ythadult_yge15,ec2_isic4_c16,2021,37.43
slv,age_ythadult_yge15,ec2_isic4_c16,2022,44.13
slv,age_ythadult_yge15,ec2_isic4_c16,2023,44.73
slv,age_ythadult_yge15,ec2_isic4_c16,2024,43.05
slv,age_ythadult_yge15,ec2_isic4_c17,2010,45.39
slv,age_ythadult_yge15,ec2_isic4_c17,2011,46.91
slv,age_ythadult_yge15,ec2_isic4_c17,2012,47.1
slv,age_ythadult_yge15,ec2_isic4_c17,2013,46.97
slv,age_ythadult_yge15,ec2_isic4_c17,2014,47.2
slv,age_ythadult_yge15,ec2_isic4_c17,2015,45.7
slv,age_ythadult_yge15,ec2_isic4_c17,2016,47.96
slv,age_ythadult_yge15,ec2_isic4_c17,2017,47.16
slv,age_ythadult_yge15,ec2_isic4_c17,2018,47.61
slv,age_ythadult_yge15,ec2_isic4_c17,2019,45.15
slv,age_ythadult_yge15,ec2_isic4_c17,2020,46.91
slv,age_ythadult_yge15,ec2_isic4_c17,2021,45.45
slv,age_ythadult_yge15,ec2_isic4_c17,2022,46.81
slv,age_ythadult_yge15,ec2_isic4_c17,2023,46.71
slv,age_ythadult_yge15,ec2_isic4_c17,2024,50.34
slv,age_ythadult_yge15,ec2_isic4_c18,2010,44.29
slv,age_ythadult_yge15,ec2_isic4_c18,2011,44.31
slv,age_ythadult_yge15,ec2_isic4_c18,2012,41.29
slv,age_ythadult_yge15,ec2_isic4_c18,2013,46.36
slv,age_ythadult_yge15,ec2_isic4_c18,2014,44.71
slv,age_ythadult_yge15,ec2_isic4_c18,2015,46.72
slv,age_ythadult_yge15,ec2_isic4_c18,2016,48.01
slv,age_ythadult_yge15,ec2_isic4_c18,2017,44.16
slv,age_ythadult_yge15,ec2_isic4_c18,2018,43.77
slv,age_ythadult_yge15,ec2_isic4_c18,2019,45.12
slv,age_ythadult_yge15,ec2_isic4_c18,2020,45.34
slv,age_ythadult_yge15,ec2_isic4_c18,2021,41.26
slv,age_ythadult_yge15,ec2_isic4_c18,2022,40.95
slv,age_ythadult_yge15,ec2_isic4_c18,2023,47
slv,age_ythadult_yge15,ec2_isic4_c18,2024,42.74
slv,age_ythadult_yge15,ec2_isic4_c20,2010,48.72
slv,age_ythadult_yge15,ec2_isic4_c20,2011,51.26
slv,age_ythadult_yge15,ec2_isic4_c20,2012,44.14
slv,age_ythadult_yge15,ec2_isic4_c20,2013,46.21
slv,age_ythadult_yge15,ec2_isic4_c20,2014,47.32
slv,age_ythadult_yge15,ec2_isic4_c20,2015,44.44
slv,age_ythadult_yge15,ec2_isic4_c20,2016,44.39
slv,age_ythadult_yge15,ec2_isic4_c20,2017,44.73
slv,age_ythadult_yge15,ec2_isic4_c20,2018,44.68
slv,age_ythadult_yge15,ec2_isic4_c20,2019,43.24
slv,age_ythadult_yge15,ec2_isic4_c20,2020,48.54
slv,age_ythadult_yge15,ec2_isic4_c20,2021,48.31
slv,age_ythadult_yge15,ec2_isic4_c20,2022,46.88
slv,age_ythadult_yge15,ec2_isic4_c20,2023,47.85
slv,age_ythadult_yge15,ec2_isic4_c20,2024,46.4
slv,age_ythadult_yge15,ec2_isic4_c21,2010,44.93
slv,age_ythadult_yge15,ec2_isic4_c21,2011,44.94
slv,age_ythadult_yge15,ec2_isic4_c21,2012,45.36
slv,age_ythadult_yge15,ec2_isic4_c21,2013,46.36
slv,age_ythadult_yge15,ec2_isic4_c21,2014,45.9
slv,age_ythadult_yge15,ec2_isic4_c21,2015,43.1
slv,age_ythadult_yge15,ec2_isic4_c21,2016,44.15
slv,age_ythadult_yge15,ec2_isic4_c21,2017,42.34
slv,age_ythadult_yge15,ec2_isic4_c21,2018,42.18
slv,age_ythadult_yge15,ec2_isic4_c21,2019,43.9
slv,age_ythadult_yge15,ec2_isic4_c21,2020,44.3
slv,age_ythadult_yge15,ec2_isic4_c21,2021,44.12
slv,age_ythadult_yge15,ec2_isic4_c21,2022,44.55
slv,age_ythadult_yge15,ec2_isic4_c21,2023,44
slv,age_ythadult_yge15,ec2_isic4_c21,2024,41.91
slv,age_ythadult_yge15,ec2_isic4_c22,2010,47.7
slv,age_ythadult_yge15,ec2_isic4_c22,2011,48.98
slv,age_ythadult_yge15,ec2_isic4_c22,2012,48.22
slv,age_ythadult_yge15,ec2_isic4_c22,2013,50.26
slv,age_ythadult_yge15,ec2_isic4_c22,2014,50.54
slv,age_ythadult_yge15,ec2_isic4_c22,2015,47.19
slv,age_ythadult_yge15,ec2_isic4_c22,2016,46.68
slv,age_ythadult_yge15,ec2_isic4_c22,2017,45.43
slv,age_ythadult_yge15,ec2_isic4_c22,2018,49.29
slv,age_ythadult_yge15,ec2_isic4_c22,2019,47.23
slv,age_ythadult_yge15,ec2_isic4_c22,2020,47.75
slv,age_ythadult_yge15,ec2_isic4_c22,2021,47.61
slv,age_ythadult_yge15,ec2_isic4_c22,2022,49.62
slv,age_ythadult_yge15,ec2_isic4_c22,2023,49.51
slv,age_ythadult_yge15,ec2_isic4_c22,2024,46.84
slv,age_ythadult_yge15,ec2_isic4_c23,2010,42.38
slv,age_ythadult_yge15,ec2_isic4_c23,2011,44.51
slv,age_ythadult_yge15,ec2_isic4_c23,2012,41.28
slv,age_ythadult_yge15,ec2_isic4_c23,2013,47.59
slv,age_ythadult_yge15,ec2_isic4_c23,2014,46.1
slv,age_ythadult_yge15,ec2_isic4_c23,2015,43.16
slv,age_ythadult_yge15,ec2_isic4_c23,2016,43.72
slv,age_ythadult_yge15,ec2_isic4_c23,2017,45.12
slv,age_ythadult_yge15,ec2_isic4_c23,2018,44.52
slv,age_ythadult_yge15,ec2_isic4_c23,2019,45.38
slv,age_ythadult_yge15,ec2_isic4_c23,2020,43.96
slv,age_ythadult_yge15,ec2_isic4_c23,2021,45.04
slv,age_ythadult_yge15,ec2_isic4_c23,2022,44.63
slv,age_ythadult_yge15,ec2_isic4_c23,2023,45.48
slv,age_ythadult_yge15,ec2_isic4_c23,2024,44.22
slv,age_ythadult_yge15,ec2_isic4_c24,2010,46.86
slv,age_ythadult_yge15,ec2_isic4_c24,2011,47.05
slv,age_ythadult_yge15,ec2_isic4_c24,2012,47.48
slv,age_ythadult_yge15,ec2_isic4_c24,2013,45.05
slv,age_ythadult_yge15,ec2_isic4_c24,2014,46.18
slv,age_ythadult_yge15,ec2_isic4_c24,2015,43.94
slv,age_ythadult_yge15,ec2_isic4_c24,2016,47.71
slv,age_ythadult_yge15,ec2_isic4_c24,2017,44.61
slv,age_ythadult_yge15,ec2_isic4_c24,2018,45.84
slv,age_ythadult_yge15,ec2_isic4_c24,2019,46.17
slv,age_ythadult_yge15,ec2_isic4_c24,2020,52.72
slv,age_ythadult_yge15,ec2_isic4_c24,2021,42.5
slv,age_ythadult_yge15,ec2_isic4_c24,2022,42.58
slv,age_ythadult_yge15,ec2_isic4_c24,2023,40.12
slv,age_ythadult_yge15,ec2_isic4_c24,2024,43.76
slv,age_ythadult_yge15,ec2_isic4_c25,2010,43.83
slv,age_ythadult_yge15,ec2_isic4_c25,2011,44.85
slv,age_ythadult_yge15,ec2_isic4_c25,2012,44.43
slv,age_ythadult_yge15,ec2_isic4_c25,2013,41.89
slv,age_ythadult_yge15,ec2_isic4_c25,2014,43.33
slv,age_ythadult_yge15,ec2_isic4_c25,2015,44.68
slv,age_ythadult_yge15,ec2_isic4_c25,2016,45.65
slv,age_ythadult_yge15,ec2_isic4_c25,2017,42.6
slv,age_ythadult_yge15,ec2_isic4_c25,2018,45.01
slv,age_ythadult_yge15,ec2_isic4_c25,2019,43.98
slv,age_ythadult_yge15,ec2_isic4_c25,2020,43.83
slv,age_ythadult_yge15,ec2_isic4_c25,2021,43.88
slv,age_ythadult_yge15,ec2_isic4_c25,2022,44.32
slv,age_ythadult_yge15,ec2_isic4_c25,2023,45.02
slv,age_ythadult_yge15,ec2_isic4_c25,2024,44.3
slv,age_ythadult_yge15,ec2_isic4_c26,2010,43.22
slv,age_ythadult_yge15,ec2_isic4_c26,2011,41.31
slv,age_ythadult_yge15,ec2_isic4_c26,2012,42
slv,age_ythadult_yge15,ec2_isic4_c26,2013,49.4
slv,age_ythadult_yge15,ec2_isic4_c26,2014,46.62
slv,age_ythadult_yge15,ec2_isic4_c26,2015,45.05
slv,age_ythadult_yge15,ec2_isic4_c26,2016,43.43
slv,age_ythadult_yge15,ec2_isic4_c26,2017,44.14
slv,age_ythadult_yge15,ec2_isic4_c26,2018,44.99
slv,age_ythadult_yge15,ec2_isic4_c26,2019,42.59
slv,age_ythadult_yge15,ec2_isic4_c26,2020,45.37
slv,age_ythadult_yge15,ec2_isic4_c26,2021,44.4
slv,age_ythadult_yge15,ec2_isic4_c26,2022,42.36
slv,age_ythadult_yge15,ec2_isic4_c26,2023,48.01
slv,age_ythadult_yge15,ec2_isic4_c26,2024,44.14
slv,age_ythadult_yge15,ec2_isic4_c27,2010,46.21
slv,age_ythadult_yge15,ec2_isic4_c27,2011,48.07
slv,age_ythadult_yge15,ec2_isic4_c27,2013,52.47
slv,age_ythadult_yge15,ec2_isic4_c27,2014,53.36
slv,age_ythadult_yge15,ec2_isic4_c27,2018,54.64
slv,age_ythadult_yge15,ec2_isic4_c27,2019,45.51
slv,age_ythadult_yge15,ec2_isic4_c27,2020,47.6
slv,age_ythadult_yge15,ec2_isic4_c27,2021,47.16
slv,age_ythadult_yge15,ec2_isic4_c27,2024,45.28
slv,age_ythadult_yge15,ec2_isic4_c28,2010,45.06
slv,age_ythadult_yge15,ec2_isic4_c28,2011,35.65
slv,age_ythadult_yge15,ec2_isic4_c28,2012,44.29
slv,age_ythadult_yge15,ec2_isic4_c28,2013,44.59
slv,age_ythadult_yge15,ec2_isic4_c28,2015,47.55
slv,age_ythadult_yge15,ec2_isic4_c28,2017,49.9
slv,age_ythadult_yge15,ec2_isic4_c28,2019,44.98
slv,age_ythadult_yge15,ec2_isic4_c28,2024,51.53
slv,age_ythadult_yge15,ec2_isic4_c29,2011,45.14
slv,age_ythadult_yge15,ec2_isic4_c29,2012,44.71
slv,age_ythadult_yge15,ec2_isic4_c29,2013,50.19
slv,age_ythadult_yge15,ec2_isic4_c29,2015,42.74
slv,age_ythadult_yge15,ec2_isic4_c29,2021,47.37
slv,age_ythadult_yge15,ec2_isic4_c29,2022,46.48
slv,age_ythadult_yge15,ec2_isic4_c30,2010,43.4
slv,age_ythadult_yge15,ec2_isic4_c30,2012,62.45
slv,age_ythadult_yge15,ec2_isic4_c30,2015,50.04
slv,age_ythadult_yge15,ec2_isic4_c30,2019,47.99
slv,age_ythadult_yge15,ec2_isic4_c30,2021,52.37
slv,age_ythadult_yge15,ec2_isic4_c31,2010,43.92
slv,age_ythadult_yge15,ec2_isic4_c31,2011,45.56
slv,age_ythadult_yge15,ec2_isic4_c31,2012,44.32
slv,age_ythadult_yge15,ec2_isic4_c31,2013,44.63
slv,age_ythadult_yge15,ec2_isic4_c31,2014,45.51
slv,age_ythadult_yge15,ec2_isic4_c31,2015,45.92
slv,age_ythadult_yge15,ec2_isic4_c31,2016,46.57
slv,age_ythadult_yge15,ec2_isic4_c31,2017,47.07
slv,age_ythadult_yge15,ec2_isic4_c31,2018,46.21
slv,age_ythadult_yge15,ec2_isic4_c31,2019,46.47
slv,age_ythadult_yge15,ec2_isic4_c31,2020,46.84
slv,age_ythadult_yge15,ec2_isic4_c31,2021,46.29
slv,age_ythadult_yge15,ec2_isic4_c31,2022,46.67
slv,age_ythadult_yge15,ec2_isic4_c31,2023,45.14
slv,age_ythadult_yge15,ec2_isic4_c31,2024,43.64
slv,age_ythadult_yge15,ec2_isic4_c32,2010,43.96
slv,age_ythadult_yge15,ec2_isic4_c32,2011,44.74
slv,age_ythadult_yge15,ec2_isic4_c32,2012,42.35
slv,age_ythadult_yge15,ec2_isic4_c32,2013,41.84
slv,age_ythadult_yge15,ec2_isic4_c32,2014,43.12
slv,age_ythadult_yge15,ec2_isic4_c32,2015,48.43
slv,age_ythadult_yge15,ec2_isic4_c32,2016,43.59
slv,age_ythadult_yge15,ec2_isic4_c32,2017,42.09
slv,age_ythadult_yge15,ec2_isic4_c32,2018,41.88
slv,age_ythadult_yge15,ec2_isic4_c32,2019,39.54
slv,age_ythadult_yge15,ec2_isic4_c32,2020,38.71
slv,age_ythadult_yge15,ec2_isic4_c32,2021,46.72
slv,age_ythadult_yge15,ec2_isic4_c32,2022,44.02
slv,age_ythadult_yge15,ec2_isic4_c32,2023,44.67
slv,age_ythadult_yge15,ec2_isic4_c32,2024,46.81
slv,age_ythadult_yge15,ec2_isic4_c33,2010,45.05
slv,age_ythadult_yge15,ec2_isic4_c33,2011,46.13
slv,age_ythadult_yge15,ec2_isic4_c33,2012,48.37
slv,age_ythadult_yge15,ec2_isic4_c33,2013,48.13
slv,age_ythadult_yge15,ec2_isic4_c33,2014,43.73
slv,age_ythadult_yge15,ec2_isic4_c33,2015,50.71
slv,age_ythadult_yge15,ec2_isic4_c33,2016,44.74
slv,age_ythadult_yge15,ec2_isic4_c33,2017,45.19
slv,age_ythadult_yge15,ec2_isic4_c33,2018,44.87
slv,age_ythadult_yge15,ec2_isic4_c33,2019,46.96
slv,age_ythadult_yge15,ec2_isic4_c33,2020,49.62
slv,age_ythadult_yge15,ec2_isic4_c33,2021,42.37
slv,age_ythadult_yge15,ec2_isic4_c33,2022,47.36
slv,age_ythadult_yge15,ec2_isic4_c33,2023,43.54
slv,age_ythadult_yge15,ec2_isic4_c33,2024,43.76
slv,age_ythadult_yge15,ec2_isic4_d35,2010,44.87
slv,age_ythadult_yge15,ec2_isic4_d35,2011,44.33
slv,age_ythadult_yge15,ec2_isic4_d35,2012,43.26
slv,age_ythadult_yge15,ec2_isic4_d35,2013,46.49
slv,age_ythadult_yge15,ec2_isic4_d35,2014,46.74
slv,age_ythadult_yge15,ec2_isic4_d35,2015,44.64
slv,age_ythadult_yge15,ec2_isic4_d35,2016,44.29
slv,age_ythadult_yge15,ec2_isic4_d35,2017,44.14
slv,age_ythadult_yge15,ec2_isic4_d35,2018,45.29
slv,age_ythadult_yge15,ec2_isic4_d35,2019,44.57
slv,age_ythadult_yge15,ec2_isic4_d35,2020,46.52
slv,age_ythadult_yge15,ec2_isic4_d35,2021,43.94
slv,age_ythadult_yge15,ec2_isic4_d35,2022,45.29
slv,age_ythadult_yge15,ec2_isic4_d35,2023,45.18
slv,age_ythadult_yge15,ec2_isic4_d35,2024,44.97
slv,age_ythadult_yge15,ec2_isic4_e36,2010,41.97
slv,age_ythadult_yge15,ec2_isic4_e36,2011,42.47
slv,age_ythadult_yge15,ec2_isic4_e36,2012,41.75
slv,age_ythadult_yge15,ec2_isic4_e36,2013,42.62
slv,age_ythadult_yge15,ec2_isic4_e36,2014,41.44
slv,age_ythadult_yge15,ec2_isic4_e36,2015,44.39
slv,age_ythadult_yge15,ec2_isic4_e36,2016,41.59
slv,age_ythadult_yge15,ec2_isic4_e36,2017,42.28
slv,age_ythadult_yge15,ec2_isic4_e36,2018,44.95
slv,age_ythadult_yge15,ec2_isic4_e36,2019,43.57
slv,age_ythadult_yge15,ec2_isic4_e36,2020,40.57
slv,age_ythadult_yge15,ec2_isic4_e36,2021,43.84
slv,age_ythadult_yge15,ec2_isic4_e36,2022,44.3
slv,age_ythadult_yge15,ec2_isic4_e36,2023,45.03
slv,age_ythadult_yge15,ec2_isic4_e36,2024,44.43
slv,age_ythadult_yge15,ec2_isic4_e37,2010,40.2
slv,age_ythadult_yge15,ec2_isic4_e37,2011,46.2
slv,age_ythadult_yge15,ec2_isic4_e38,2010,46.75
slv,age_ythadult_yge15,ec2_isic4_e38,2011,41.44
slv,age_ythadult_yge15,ec2_isic4_e38,2012,46.05
slv,age_ythadult_yge15,ec2_isic4_e38,2013,40.39
slv,age_ythadult_yge15,ec2_isic4_e38,2014,43.37
slv,age_ythadult_yge15,ec2_isic4_e38,2015,46.42
slv,age_ythadult_yge15,ec2_isic4_e38,2016,50.47
slv,age_ythadult_yge15,ec2_isic4_e38,2017,43.37
slv,age_ythadult_yge15,ec2_isic4_e38,2018,51.81
slv,age_ythadult_yge15,ec2_isic4_e38,2019,46.08
slv,age_ythadult_yge15,ec2_isic4_e38,2020,46.88
slv,age_ythadult_yge15,ec2_isic4_e38,2021,47.27
slv,age_ythadult_yge15,ec2_isic4_e38,2022,50.72
slv,age_ythadult_yge15,ec2_isic4_e38,2023,46.68
slv,age_ythadult_yge15,ec2_isic4_e38,2024,50.57
slv,age_ythadult_yge15,ec2_isic4_f41,2010,43.44
slv,age_ythadult_yge15,ec2_isic4_f41,2011,43.42
slv,age_ythadult_yge15,ec2_isic4_f41,2012,43.03
slv,age_ythadult_yge15,ec2_isic4_f41,2013,44.05
slv,age_ythadult_yge15,ec2_isic4_f41,2014,43.12
slv,age_ythadult_yge15,ec2_isic4_f41,2015,42.83
slv,age_ythadult_yge15,ec2_isic4_f41,2016,42.88
slv,age_ythadult_yge15,ec2_isic4_f41,2017,43.08
slv,age_ythadult_yge15,ec2_isic4_f41,2018,43.42
slv,age_ythadult_yge15,ec2_isic4_f41,2019,43.7
slv,age_ythadult_yge15,ec2_isic4_f41,2020,42.95
slv,age_ythadult_yge15,ec2_isic4_f41,2021,44.04
slv,age_ythadult_yge15,ec2_isic4_f41,2022,44.18
slv,age_ythadult_yge15,ec2_isic4_f41,2023,43.97
slv,age_ythadult_yge15,ec2_isic4_f41,2024,43.34
slv,age_ythadult_yge15,ec2_isic4_f42,2010,46.46
slv,age_ythadult_yge15,ec2_isic4_f42,2011,48.34
slv,age_ythadult_yge15,ec2_isic4_f42,2012,47.91
slv,age_ythadult_yge15,ec2_isic4_f42,2013,45.87
slv,age_ythadult_yge15,ec2_isic4_f42,2014,43.34
slv,age_ythadult_yge15,ec2_isic4_f42,2015,44.46
slv,age_ythadult_yge15,ec2_isic4_f42,2016,48.6
slv,age_ythadult_yge15,ec2_isic4_f42,2017,43.25
slv,age_ythadult_yge15,ec2_isic4_f42,2018,45.06
slv,age_ythadult_yge15,ec2_isic4_f42,2019,47.53
slv,age_ythadult_yge15,ec2_isic4_f42,2020,47.09
slv,age_ythadult_yge15,ec2_isic4_f42,2021,46.02
slv,age_ythadult_yge15,ec2_isic4_f42,2022,47.06
slv,age_ythadult_yge15,ec2_isic4_f42,2023,46.18
slv,age_ythadult_yge15,ec2_isic4_f42,2024,46.62
slv,age_ythadult_yge15,ec2_isic4_f43,2010,43.89
slv,age_ythadult_yge15,ec2_isic4_f43,2011,40.45
slv,age_ythadult_yge15,ec2_isic4_f43,2012,42.33
slv,age_ythadult_yge15,ec2_isic4_f43,2013,42.29
slv,age_ythadult_yge15,ec2_isic4_f43,2014,45.53
slv,age_ythadult_yge15,ec2_isic4_f43,2015,41.59
slv,age_ythadult_yge15,ec2_isic4_f43,2016,44.63
slv,age_ythadult_yge15,ec2_isic4_f43,2017,44.22
slv,age_ythadult_yge15,ec2_isic4_f43,2018,42.4
slv,age_ythadult_yge15,ec2_isic4_f43,2019,44.51
slv,age_ythadult_yge15,ec2_isic4_f43,2020,42.82
slv,age_ythadult_yge15,ec2_isic4_f43,2021,45.32
slv,age_ythadult_yge15,ec2_isic4_f43,2022,45.24
slv,age_ythadult_yge15,ec2_isic4_f43,2023,44.74
slv,age_ythadult_yge15,ec2_isic4_f43,2024,44.33
slv,age_ythadult_yge15,ec2_isic4_g45,2010,46.23
slv,age_ythadult_yge15,ec2_isic4_g45,2011,47.49
slv,age_ythadult_yge15,ec2_isic4_g45,2012,47.07
slv,age_ythadult_yge15,ec2_isic4_g45,2013,47.73
slv,age_ythadult_yge15,ec2_isic4_g45,2014,47.32
slv,age_ythadult_yge15,ec2_isic4_g45,2015,46.79
slv,age_ythadult_yge15,ec2_isic4_g45,2016,46.91
slv,age_ythadult_yge15,ec2_isic4_g45,2017,49.16
slv,age_ythadult_yge15,ec2_isic4_g45,2018,48.16
slv,age_ythadult_yge15,ec2_isic4_g45,2019,47.97
slv,age_ythadult_yge15,ec2_isic4_g45,2020,47.98
slv,age_ythadult_yge15,ec2_isic4_g45,2021,48.47
slv,age_ythadult_yge15,ec2_isic4_g45,2022,47.7
slv,age_ythadult_yge15,ec2_isic4_g45,2023,46.75
slv,age_ythadult_yge15,ec2_isic4_g45,2024,47.56
slv,age_ythadult_yge15,ec2_isic4_g46,2010,47.46
slv,age_ythadult_yge15,ec2_isic4_g46,2011,45.99
slv,age_ythadult_yge15,ec2_isic4_g46,2012,47.1
slv,age_ythadult_yge15,ec2_isic4_g46,2013,47.66
slv,age_ythadult_yge15,ec2_isic4_g46,2014,47.87
slv,age_ythadult_yge15,ec2_isic4_g46,2015,47.88
slv,age_ythadult_yge15,ec2_isic4_g46,2016,48.08
slv,age_ythadult_yge15,ec2_isic4_g46,2017,46.92
slv,age_ythadult_yge15,ec2_isic4_g46,2018,45.5
slv,age_ythadult_yge15,ec2_isic4_g46,2019,47.88
slv,age_ythadult_yge15,ec2_isic4_g46,2020,48.97
slv,age_ythadult_yge15,ec2_isic4_g46,2021,46.35
slv,age_ythadult_yge15,ec2_isic4_g46,2022,45.62
slv,age_ythadult_yge15,ec2_isic4_g46,2023,46.99
slv,age_ythadult_yge15,ec2_isic4_g46,2024,46.43
slv,age_ythadult_yge15,ec2_isic4_g47,2010,47.35
slv,age_ythadult_yge15,ec2_isic4_g47,2011,47.87
slv,age_ythadult_yge15,ec2_isic4_g47,2012,47.11
slv,age_ythadult_yge15,ec2_isic4_g47,2013,48.37
slv,age_ythadult_yge15,ec2_isic4_g47,2014,48.4
slv,age_ythadult_yge15,ec2_isic4_g47,2015,47.97
slv,age_ythadult_yge15,ec2_isic4_g47,2016,47.56
slv,age_ythadult_yge15,ec2_isic4_g47,2017,47.73
slv,age_ythadult_yge15,ec2_isic4_g47,2018,47.8
slv,age_ythadult_yge15,ec2_isic4_g47,2019,48.38
slv,age_ythadult_yge15,ec2_isic4_g47,2020,47.26
slv,age_ythadult_yge15,ec2_isic4_g47,2021,48.42
slv,age_ythadult_yge15,ec2_isic4_g47,2022,47.42
slv,age_ythadult_yge15,ec2_isic4_g47,2023,48.13
slv,age_ythadult_yge15,ec2_isic4_g47,2024,46.97
slv,age_ythadult_yge15,ec2_isic4_h49,2010,49.14
slv,age_ythadult_yge15,ec2_isic4_h49,2011,49.09
slv,age_ythadult_yge15,ec2_isic4_h49,2012,48.71
slv,age_ythadult_yge15,ec2_isic4_h49,2013,50.31
slv,age_ythadult_yge15,ec2_isic4_h49,2014,50.46
slv,age_ythadult_yge15,ec2_isic4_h49,2015,51.23
slv,age_ythadult_yge15,ec2_isic4_h49,2016,51.22
slv,age_ythadult_yge15,ec2_isic4_h49,2017,52.39
slv,age_ythadult_yge15,ec2_isic4_h49,2018,51.8
slv,age_ythadult_yge15,ec2_isic4_h49,2019,52.5
slv,age_ythadult_yge15,ec2_isic4_h49,2020,50.51
slv,age_ythadult_yge15,ec2_isic4_h49,2021,50.13
slv,age_ythadult_yge15,ec2_isic4_h49,2022,50.47
slv,age_ythadult_yge15,ec2_isic4_h49,2023,50.14
slv,age_ythadult_yge15,ec2_isic4_h49,2024,51.96
slv,age_ythadult_yge15,ec2_isic4_h50,2010,45.92
slv,age_ythadult_yge15,ec2_isic4_h50,2012,44.04
slv,age_ythadult_yge15,ec2_isic4_h50,2013,47.39
slv,age_ythadult_yge15,ec2_isic4_h50,2014,46.37
slv,age_ythadult_yge15,ec2_isic4_h50,2016,49.81
slv,age_ythadult_yge15,ec2_isic4_h50,2017,52.37
slv,age_ythadult_yge15,ec2_isic4_h50,2018,46.68
slv,age_ythadult_yge15,ec2_isic4_h50,2019,45.73
slv,age_ythadult_yge15,ec2_isic4_h50,2021,44.76
slv,age_ythadult_yge15,ec2_isic4_h50,2023,57.74
slv,age_ythadult_yge15,ec2_isic4_h50,2024,48.98
slv,age_ythadult_yge15,ec2_isic4_h51,2010,48.06
slv,age_ythadult_yge15,ec2_isic4_h51,2011,43.36
slv,age_ythadult_yge15,ec2_isic4_h51,2012,41.41
slv,age_ythadult_yge15,ec2_isic4_h51,2013,41.02
slv,age_ythadult_yge15,ec2_isic4_h51,2014,38.77
slv,age_ythadult_yge15,ec2_isic4_h51,2015,38.04
slv,age_ythadult_yge15,ec2_isic4_h51,2016,43.69
slv,age_ythadult_yge15,ec2_isic4_h51,2017,44.42
slv,age_ythadult_yge15,ec2_isic4_h51,2018,43.47
slv,age_ythadult_yge15,ec2_isic4_h51,2019,42.85
slv,age_ythadult_yge15,ec2_isic4_h51,2020,37.52
slv,age_ythadult_yge15,ec2_isic4_h51,2021,49.76
slv,age_ythadult_yge15,ec2_isic4_h51,2022,44.34
slv,age_ythadult_yge15,ec2_isic4_h51,2023,45.3
slv,age_ythadult_yge15,ec2_isic4_h51,2024,40.33
slv,age_ythadult_yge15,ec2_isic4_h52,2010,47.43
slv,age_ythadult_yge15,ec2_isic4_h52,2011,48.34
slv,age_ythadult_yge15,ec2_isic4_h52,2012,47.34
slv,age_ythadult_yge15,ec2_isic4_h52,2013,43.27
slv,age_ythadult_yge15,ec2_isic4_h52,2014,45.95
slv,age_ythadult_yge15,ec2_isic4_h52,2015,47.02
slv,age_ythadult_yge15,ec2_isic4_h52,2016,50.83
slv,age_ythadult_yge15,ec2_isic4_h52,2017,45.28
slv,age_ythadult_yge15,ec2_isic4_h52,2018,46.71
slv,age_ythadult_yge15,ec2_isic4_h52,2019,48.05
slv,age_ythadult_yge15,ec2_isic4_h52,2020,50.2
slv,age_ythadult_yge15,ec2_isic4_h52,2021,45.58
slv,age_ythadult_yge15,ec2_isic4_h52,2022,45.9
slv,age_ythadult_yge15,ec2_isic4_h52,2023,43.22
slv,age_ythadult_yge15,ec2_isic4_h52,2024,47.78
slv,age_ythadult_yge15,ec2_isic4_h53,2010,43.22
slv,age_ythadult_yge15,ec2_isic4_h53,2011,45.33
slv,age_ythadult_yge15,ec2_isic4_h53,2012,44.31
slv,age_ythadult_yge15,ec2_isic4_h53,2013,44.73
slv,age_ythadult_yge15,ec2_isic4_h53,2014,43.72
slv,age_ythadult_yge15,ec2_isic4_h53,2015,45.35
slv,age_ythadult_yge15,ec2_isic4_h53,2016,43.57
slv,age_ythadult_yge15,ec2_isic4_h53,2017,45.3
slv,age_ythadult_yge15,ec2_isic4_h53,2018,42.23
slv,age_ythadult_yge15,ec2_isic4_h53,2019,43.77
slv,age_ythadult_yge15,ec2_isic4_h53,2020,42.31
slv,age_ythadult_yge15,ec2_isic4_h53,2021,46.71
slv,age_ythadult_yge15,ec2_isic4_h53,2022,45.33
slv,age_ythadult_yge15,ec2_isic4_h53,2023,40.8
slv,age_ythadult_yge15,ec2_isic4_h53,2024,46.72
slv,age_ythadult_yge15,ec2_isic4_i55,2010,51.63
slv,age_ythadult_yge15,ec2_isic4_i55,2011,49.22
slv,age_ythadult_yge15,ec2_isic4_i55,2012,47.46
slv,age_ythadult_yge15,ec2_isic4_i55,2013,51.13
slv,age_ythadult_yge15,ec2_isic4_i55,2014,47.84
slv,age_ythadult_yge15,ec2_isic4_i55,2015,47.68
slv,age_ythadult_yge15,ec2_isic4_i55,2016,51.76
slv,age_ythadult_yge15,ec2_isic4_i55,2017,47.85
slv,age_ythadult_yge15,ec2_isic4_i55,2018,45.89
slv,age_ythadult_yge15,ec2_isic4_i55,2019,53.47
slv,age_ythadult_yge15,ec2_isic4_i55,2020,48.41
slv,age_ythadult_yge15,ec2_isic4_i55,2021,51.15
slv,age_ythadult_yge15,ec2_isic4_i55,2022,48.92
slv,age_ythadult_yge15,ec2_isic4_i55,2023,47.7
slv,age_ythadult_yge15,ec2_isic4_i55,2024,48.37
slv,age_ythadult_yge15,ec2_isic4_i56,2010,47.72
slv,age_ythadult_yge15,ec2_isic4_i56,2011,49.06
slv,age_ythadult_yge15,ec2_isic4_i56,2012,47.1
slv,age_ythadult_yge15,ec2_isic4_i56,2013,47.15
slv,age_ythadult_yge15,ec2_isic4_i56,2014,47.28
slv,age_ythadult_yge15,ec2_isic4_i56,2015,46.36
slv,age_ythadult_yge15,ec2_isic4_i56,2016,47.49
slv,age_ythadult_yge15,ec2_isic4_i56,2017,46.43
slv,age_ythadult_yge15,ec2_isic4_i56,2018,46.22
slv,age_ythadult_yge15,ec2_isic4_i56,2019,46.82
slv,age_ythadult_yge15,ec2_isic4_i56,2020,46.21
slv,age_ythadult_yge15,ec2_isic4_i56,2021,47.84
slv,age_ythadult_yge15,ec2_isic4_i56,2022,47.03
slv,age_ythadult_yge15,ec2_isic4_i56,2023,47.78
slv,age_ythadult_yge15,ec2_isic4_i56,2024,46.42
slv,age_ythadult_yge15,ec2_isic4_j58,2011,46.01
slv,age_ythadult_yge15,ec2_isic4_j58,2012,45.39
slv,age_ythadult_yge15,ec2_isic4_j58,2013,47.27
slv,age_ythadult_yge15,ec2_isic4_j58,2014,49.9
slv,age_ythadult_yge15,ec2_isic4_j58,2015,52.81
slv,age_ythadult_yge15,ec2_isic4_j58,2016,47.86
slv,age_ythadult_yge15,ec2_isic4_j58,2017,48.92
slv,age_ythadult_yge15,ec2_isic4_j58,2018,38.71
slv,age_ythadult_yge15,ec2_isic4_j58,2022,37.1
slv,age_ythadult_yge15,ec2_isic4_j58,2023,39.17
slv,age_ythadult_yge15,ec2_isic4_j58,2024,41.31
slv,age_ythadult_yge15,ec2_isic4_j59,2013,40.11
slv,age_ythadult_yge15,ec2_isic4_j60,2010,41.18
slv,age_ythadult_yge15,ec2_isic4_j60,2011,44.64
slv,age_ythadult_yge15,ec2_isic4_j60,2012,40.22
slv,age_ythadult_yge15,ec2_isic4_j60,2013,41.61
slv,age_ythadult_yge15,ec2_isic4_j60,2014,37.93
slv,age_ythadult_yge15,ec2_isic4_j60,2015,41.03
slv,age_ythadult_yge15,ec2_isic4_j60,2016,39.37
slv,age_ythadult_yge15,ec2_isic4_j60,2017,44.32
slv,age_ythadult_yge15,ec2_isic4_j60,2018,43.93
slv,age_ythadult_yge15,ec2_isic4_j60,2019,39.53
slv,age_ythadult_yge15,ec2_isic4_j60,2020,37.49
slv,age_ythadult_yge15,ec2_isic4_j60,2021,45.71
slv,age_ythadult_yge15,ec2_isic4_j60,2022,41.43
slv,age_ythadult_yge15,ec2_isic4_j60,2023,40.71
slv,age_ythadult_yge15,ec2_isic4_j60,2024,45.43
slv,age_ythadult_yge15,ec2_isic4_j61,2010,45.43
slv,age_ythadult_yge15,ec2_isic4_j61,2011,46.81
slv,age_ythadult_yge15,ec2_isic4_j61,2012,46.56
slv,age_ythadult_yge15,ec2_isic4_j61,2013,45.92
slv,age_ythadult_yge15,ec2_isic4_j61,2014,48.75
slv,age_ythadult_yge15,ec2_isic4_j61,2015,48.7
slv,age_ythadult_yge15,ec2_isic4_j61,2016,47.85
slv,age_ythadult_yge15,ec2_isic4_j61,2017,49.68
slv,age_ythadult_yge15,ec2_isic4_j61,2018,43.88
slv,age_ythadult_yge15,ec2_isic4_j61,2019,47.5
slv,age_ythadult_yge15,ec2_isic4_j61,2020,45.83
slv,age_ythadult_yge15,ec2_isic4_j61,2021,47.17
slv,age_ythadult_yge15,ec2_isic4_j61,2022,46.9
slv,age_ythadult_yge15,ec2_isic4_j61,2023,48.67
slv,age_ythadult_yge15,ec2_isic4_j61,2024,45.39
slv,age_ythadult_yge15,ec2_isic4_j62,2010,42.12
slv,age_ythadult_yge15,ec2_isic4_j62,2011,44.95
slv,age_ythadult_yge15,ec2_isic4_j62,2012,40.91
slv,age_ythadult_yge15,ec2_isic4_j62,2013,44.67
slv,age_ythadult_yge15,ec2_isic4_j62,2014,43.82
slv,age_ythadult_yge15,ec2_isic4_j62,2015,41.99
slv,age_ythadult_yge15,ec2_isic4_j62,2016,40.42
slv,age_ythadult_yge15,ec2_isic4_j62,2017,41.75
slv,age_ythadult_yge15,ec2_isic4_j62,2018,41.34
slv,age_ythadult_yge15,ec2_isic4_j62,2019,44.29
slv,age_ythadult_yge15,ec2_isic4_j62,2020,40.74
slv,age_ythadult_yge15,ec2_isic4_j62,2021,45.61
slv,age_ythadult_yge15,ec2_isic4_j62,2022,44.56
slv,age_ythadult_yge15,ec2_isic4_j62,2023,40.05
slv,age_ythadult_yge15,ec2_isic4_j62,2024,43.38
slv,age_ythadult_yge15,ec2_isic4_j63,2010,39.05
slv,age_ythadult_yge15,ec2_isic4_j63,2011,42.96
slv,age_ythadult_yge15,ec2_isic4_j63,2012,43.72
slv,age_ythadult_yge15,ec2_isic4_j63,2013,45.86
slv,age_ythadult_yge15,ec2_isic4_j63,2014,43.44
slv,age_ythadult_yge15,ec2_isic4_j63,2015,42.41
slv,age_ythadult_yge15,ec2_isic4_j63,2017,39.03
slv,age_ythadult_yge15,ec2_isic4_j63,2018,38.95
slv,age_ythadult_yge15,ec2_isic4_j63,2019,40.39
slv,age_ythadult_yge15,ec2_isic4_j63,2020,40.09
slv,age_ythadult_yge15,ec2_isic4_j63,2021,39.12
slv,age_ythadult_yge15,ec2_isic4_j63,2023,33.22
slv,age_ythadult_yge15,ec2_isic4_j63,2024,44.13
slv,age_ythadult_yge15,ec2_isic4_k64,2010,45.3
slv,age_ythadult_yge15,ec2_isic4_k64,2011,45.08
slv,age_ythadult_yge15,ec2_isic4_k64,2012,45.26
slv,age_ythadult_yge15,ec2_isic4_k64,2013,46.16
slv,age_ythadult_yge15,ec2_isic4_k64,2014,46.49
slv,age_ythadult_yge15,ec2_isic4_k64,2015,46.44
slv,age_ythadult_yge15,ec2_isic4_k64,2016,43.79
slv,age_ythadult_yge15,ec2_isic4_k64,2017,45.89
slv,age_ythadult_yge15,ec2_isic4_k64,2018,44.53
slv,age_ythadult_yge15,ec2_isic4_k64,2019,46.04
slv,age_ythadult_yge15,ec2_isic4_k64,2020,44.41
slv,age_ythadult_yge15,ec2_isic4_k64,2021,45.11
slv,age_ythadult_yge15,ec2_isic4_k64,2022,45.38
slv,age_ythadult_yge15,ec2_isic4_k64,2023,45.63
slv,age_ythadult_yge15,ec2_isic4_k64,2024,44.32
slv,age_ythadult_yge15,ec2_isic4_k65,2010,42.05
slv,age_ythadult_yge15,ec2_isic4_k65,2011,41.03
slv,age_ythadult_yge15,ec2_isic4_k65,2012,44.6
slv,age_ythadult_yge15,ec2_isic4_k65,2013,38.85
slv,age_ythadult_yge15,ec2_isic4_k65,2014,43.39
slv,age_ythadult_yge15,ec2_isic4_k65,2015,39.68
slv,age_ythadult_yge15,ec2_isic4_k65,2016,41.65
slv,age_ythadult_yge15,ec2_isic4_k65,2017,43.95
slv,age_ythadult_yge15,ec2_isic4_k65,2018,40.59
slv,age_ythadult_yge15,ec2_isic4_k65,2019,42
slv,age_ythadult_yge15,ec2_isic4_k65,2020,42.72
slv,age_ythadult_yge15,ec2_isic4_k65,2021,42.65
slv,age_ythadult_yge15,ec2_isic4_k65,2022,43.18
slv,age_ythadult_yge15,ec2_isic4_k65,2023,40.73
slv,age_ythadult_yge15,ec2_isic4_k65,2024,42.2
slv,age_ythadult_yge15,ec2_isic4_k66,2015,43.19
slv,age_ythadult_yge15,ec2_isic4_k66,2016,36.42
slv,age_ythadult_yge15,ec2_isic4_k66,2017,42.97
slv,age_ythadult_yge15,ec2_isic4_k66,2021,48.22
slv,age_ythadult_yge15,ec2_isic4_k66,2023,43.77
slv,age_ythadult_yge15,ec2_isic4_k66,2024,48.2
slv,age_ythadult_yge15,ec2_isic4_l68,2010,43.71
slv,age_ythadult_yge15,ec2_isic4_l68,2011,47.11
slv,age_ythadult_yge15,ec2_isic4_l68,2012,45.59
slv,age_ythadult_yge15,ec2_isic4_l68,2013,42.52
slv,age_ythadult_yge15,ec2_isic4_l68,2014,42.68
slv,age_ythadult_yge15,ec2_isic4_l68,2015,44.62
slv,age_ythadult_yge15,ec2_isic4_l68,2016,47.78
slv,age_ythadult_yge15,ec2_isic4_l68,2017,40.95
slv,age_ythadult_yge15,ec2_isic4_l68,2018,54.88
slv,age_ythadult_yge15,ec2_isic4_l68,2019,50.73
slv,age_ythadult_yge15,ec2_isic4_l68,2020,45.45
slv,age_ythadult_yge15,ec2_isic4_l68,2021,45.1
slv,age_ythadult_yge15,ec2_isic4_l68,2022,46
slv,age_ythadult_yge15,ec2_isic4_l68,2023,42.92
slv,age_ythadult_yge15,ec2_isic4_l68,2024,49.36
slv,age_ythadult_yge15,ec2_isic4_m69,2010,40.59
slv,age_ythadult_yge15,ec2_isic4_m69,2011,42.68
slv,age_ythadult_yge15,ec2_isic4_m69,2012,42.97
slv,age_ythadult_yge15,ec2_isic4_m69,2013,44.13
slv,age_ythadult_yge15,ec2_isic4_m69,2014,40.65
slv,age_ythadult_yge15,ec2_isic4_m69,2015,44.86
slv,age_ythadult_yge15,ec2_isic4_m69,2016,42.16
slv,age_ythadult_yge15,ec2_isic4_m69,2017,42.49
slv,age_ythadult_yge15,ec2_isic4_m69,2018,40.41
slv,age_ythadult_yge15,ec2_isic4_m69,2019,43.53
slv,age_ythadult_yge15,ec2_isic4_m69,2020,42.45
slv,age_ythadult_yge15,ec2_isic4_m69,2021,42.32
slv,age_ythadult_yge15,ec2_isic4_m69,2022,42.71
slv,age_ythadult_yge15,ec2_isic4_m69,2023,41.51
slv,age_ythadult_yge15,ec2_isic4_m69,2024,40.11
slv,age_ythadult_yge15,ec2_isic4_m70,2011,49.44
slv,age_ythadult_yge15,ec2_isic4_m70,2012,36.07
slv,age_ythadult_yge15,ec2_isic4_m70,2013,44.69
slv,age_ythadult_yge15,ec2_isic4_m70,2014,39.91
slv,age_ythadult_yge15,ec2_isic4_m70,2015,44.93
slv,age_ythadult_yge15,ec2_isic4_m70,2016,49.22
slv,age_ythadult_yge15,ec2_isic4_m70,2017,33.09
slv,age_ythadult_yge15,ec2_isic4_m70,2018,41.31
slv,age_ythadult_yge15,ec2_isic4_m70,2019,42.55
slv,age_ythadult_yge15,ec2_isic4_m70,2023,40.37
slv,age_ythadult_yge15,ec2_isic4_m70,2024,43.47
slv,age_ythadult_yge15,ec2_isic4_m71,2010,42.9
slv,age_ythadult_yge15,ec2_isic4_m71,2011,42.51
slv,age_ythadult_yge15,ec2_isic4_m71,2012,35.85
slv,age_ythadult_yge15,ec2_isic4_m71,2013,46.21
slv,age_ythadult_yge15,ec2_isic4_m71,2014,45.13
slv,age_ythadult_yge15,ec2_isic4_m71,2015,44.99
slv,age_ythadult_yge15,ec2_isic4_m71,2016,48.19
slv,age_ythadult_yge15,ec2_isic4_m71,2017,38.11
slv,age_ythadult_yge15,ec2_isic4_m71,2018,40.86
slv,age_ythadult_yge15,ec2_isic4_m71,2019,42.54
slv,age_ythadult_yge15,ec2_isic4_m71,2021,40.76
slv,age_ythadult_yge15,ec2_isic4_m71,2022,43.76
slv,age_ythadult_yge15,ec2_isic4_m71,2023,47.66
slv,age_ythadult_yge15,ec2_isic4_m71,2024,42.48
slv,age_ythadult_yge15,ec2_isic4_m72,2021,45.77
slv,age_ythadult_yge15,ec2_isic4_m72,2024,43.6
slv,age_ythadult_yge15,ec2_isic4_m73,2010,43.45
slv,age_ythadult_yge15,ec2_isic4_m73,2011,46.09
slv,age_ythadult_yge15,ec2_isic4_m73,2012,45.35
slv,age_ythadult_yge15,ec2_isic4_m73,2013,47.23
slv,age_ythadult_yge15,ec2_isic4_m73,2014,45.96
slv,age_ythadult_yge15,ec2_isic4_m73,2015,45.97
slv,age_ythadult_yge15,ec2_isic4_m73,2016,39.02
slv,age_ythadult_yge15,ec2_isic4_m73,2017,41.14
slv,age_ythadult_yge15,ec2_isic4_m73,2018,40.54
slv,age_ythadult_yge15,ec2_isic4_m73,2019,42.57
slv,age_ythadult_yge15,ec2_isic4_m73,2020,41.96
slv,age_ythadult_yge15,ec2_isic4_m73,2021,46.49
slv,age_ythadult_yge15,ec2_isic4_m73,2022,41.57
slv,age_ythadult_yge15,ec2_isic4_m73,2023,43.24
slv,age_ythadult_yge15,ec2_isic4_m73,2024,46.39
slv,age_ythadult_yge15,ec2_isic4_m74,2010,46.96
slv,age_ythadult_yge15,ec2_isic4_m74,2011,45.75
slv,age_ythadult_yge15,ec2_isic4_m74,2012,43.74
slv,age_ythadult_yge15,ec2_isic4_m74,2013,33.97
slv,age_ythadult_yge15,ec2_isic4_m74,2014,44.93
slv,age_ythadult_yge15,ec2_isic4_m74,2015,41.14
slv,age_ythadult_yge15,ec2_isic4_m74,2016,38.3
slv,age_ythadult_yge15,ec2_isic4_m74,2017,43.99
slv,age_ythadult_yge15,ec2_isic4_m74,2018,52.74
slv,age_ythadult_yge15,ec2_isic4_m74,2019,34.85
slv,age_ythadult_yge15,ec2_isic4_m74,2020,40.29
slv,age_ythadult_yge15,ec2_isic4_m74,2021,41.15
slv,age_ythadult_yge15,ec2_isic4_m74,2022,41.85
slv,age_ythadult_yge15,ec2_isic4_m74,2023,34.88
slv,age_ythadult_yge15,ec2_isic4_m74,2024,42.92
slv,age_ythadult_yge15,ec2_isic4_m75,2016,40.33
slv,age_ythadult_yge15,ec2_isic4_m75,2018,19.04
slv,age_ythadult_yge15,ec2_isic4_m75,2019,47.06
slv,age_ythadult_yge15,ec2_isic4_m75,2021,41.76
slv,age_ythadult_yge15,ec2_isic4_m75,2022,46.76
slv,age_ythadult_yge15,ec2_isic4_m75,2023,46.31
slv,age_ythadult_yge15,ec2_isic4_m75,2024,45.09
slv,age_ythadult_yge15,ec2_isic4_n77,2010,41.88
slv,age_ythadult_yge15,ec2_isic4_n77,2011,47.76
slv,age_ythadult_yge15,ec2_isic4_n77,2012,41.31
slv,age_ythadult_yge15,ec2_isic4_n77,2013,43.68
slv,age_ythadult_yge15,ec2_isic4_n77,2014,47.68
slv,age_ythadult_yge15,ec2_isic4_n77,2015,41.46
slv,age_ythadult_yge15,ec2_isic4_n77,2016,46.32
slv,age_ythadult_yge15,ec2_isic4_n77,2017,46.95
slv,age_ythadult_yge15,ec2_isic4_n77,2018,46.43
slv,age_ythadult_yge15,ec2_isic4_n77,2019,53.17
slv,age_ythadult_yge15,ec2_isic4_n77,2020,44.57
slv,age_ythadult_yge15,ec2_isic4_n77,2021,49.31
slv,age_ythadult_yge15,ec2_isic4_n77,2022,42.74
slv,age_ythadult_yge15,ec2_isic4_n77,2023,46.73
slv,age_ythadult_yge15,ec2_isic4_n77,2024,43.06
slv,age_ythadult_yge15,ec2_isic4_n78,2010,36.63
slv,age_ythadult_yge15,ec2_isic4_n78,2011,50.16
slv,age_ythadult_yge15,ec2_isic4_n78,2012,32.12
slv,age_ythadult_yge15,ec2_isic4_n78,2013,42.49
slv,age_ythadult_yge15,ec2_isic4_n78,2014,51.15
slv,age_ythadult_yge15,ec2_isic4_n78,2015,48.12
slv,age_ythadult_yge15,ec2_isic4_n78,2016,48.58
slv,age_ythadult_yge15,ec2_isic4_n78,2017,42.67
slv,age_ythadult_yge15,ec2_isic4_n78,2018,44.33
slv,age_ythadult_yge15,ec2_isic4_n78,2019,43.04
slv,age_ythadult_yge15,ec2_isic4_n78,2020,42.91
slv,age_ythadult_yge15,ec2_isic4_n78,2021,45.28
slv,age_ythadult_yge15,ec2_isic4_n78,2022,44.7
slv,age_ythadult_yge15,ec2_isic4_n78,2023,47.02
slv,age_ythadult_yge15,ec2_isic4_n78,2024,45.25
slv,age_ythadult_yge15,ec2_isic4_n79,2010,45.46
slv,age_ythadult_yge15,ec2_isic4_n79,2012,47.24
slv,age_ythadult_yge15,ec2_isic4_n79,2013,43.32
slv,age_ythadult_yge15,ec2_isic4_n79,2014,40.95
slv,age_ythadult_yge15,ec2_isic4_n79,2015,42.42
slv,age_ythadult_yge15,ec2_isic4_n79,2016,29.44
slv,age_ythadult_yge15,ec2_isic4_n79,2017,36.99
slv,age_ythadult_yge15,ec2_isic4_n79,2018,37.63
slv,age_ythadult_yge15,ec2_isic4_n79,2019,46.62
slv,age_ythadult_yge15,ec2_isic4_n79,2021,43.52
slv,age_ythadult_yge15,ec2_isic4_n79,2022,45.1
slv,age_ythadult_yge15,ec2_isic4_n79,2023,46.18
slv,age_ythadult_yge15,ec2_isic4_n79,2024,43.99
slv,age_ythadult_yge15,ec2_isic4_n80,2010,53.4
slv,age_ythadult_yge15,ec2_isic4_n80,2011,53.98
slv,age_ythadult_yge15,ec2_isic4_n80,2012,51.78
slv,age_ythadult_yge15,ec2_isic4_n80,2013,52.23
slv,age_ythadult_yge15,ec2_isic4_n80,2014,52.18
slv,age_ythadult_yge15,ec2_isic4_n80,2015,52.05
slv,age_ythadult_yge15,ec2_isic4_n80,2016,50.47
slv,age_ythadult_yge15,ec2_isic4_n80,2017,53.71
slv,age_ythadult_yge15,ec2_isic4_n80,2018,56.89
slv,age_ythadult_yge15,ec2_isic4_n80,2019,60.86
slv,age_ythadult_yge15,ec2_isic4_n80,2020,60.29
slv,age_ythadult_yge15,ec2_isic4_n80,2021,58.25
slv,age_ythadult_yge15,ec2_isic4_n80,2022,57.86
slv,age_ythadult_yge15,ec2_isic4_n80,2023,57.62
slv,age_ythadult_yge15,ec2_isic4_n80,2024,60.46
slv,age_ythadult_yge15,ec2_isic4_n81,2010,48.2
slv,age_ythadult_yge15,ec2_isic4_n81,2011,47.96
slv,age_ythadult_yge15,ec2_isic4_n81,2012,43.41
slv,age_ythadult_yge15,ec2_isic4_n81,2013,43.79
slv,age_ythadult_yge15,ec2_isic4_n81,2014,48.11
slv,age_ythadult_yge15,ec2_isic4_n81,2015,45.07
slv,age_ythadult_yge15,ec2_isic4_n81,2016,47.72
slv,age_ythadult_yge15,ec2_isic4_n81,2017,44.1
slv,age_ythadult_yge15,ec2_isic4_n81,2018,47.42
slv,age_ythadult_yge15,ec2_isic4_n81,2019,45.09
slv,age_ythadult_yge15,ec2_isic4_n81,2020,46.85
slv,age_ythadult_yge15,ec2_isic4_n81,2021,45.24
slv,age_ythadult_yge15,ec2_isic4_n81,2022,46.11
slv,age_ythadult_yge15,ec2_isic4_n81,2023,45.24
slv,age_ythadult_yge15,ec2_isic4_n81,2024,45.49
slv,age_ythadult_yge15,ec2_isic4_n82,2010,46.69
slv,age_ythadult_yge15,ec2_isic4_n82,2011,43.35
slv,age_ythadult_yge15,ec2_isic4_n82,2012,46.3
slv,age_ythadult_yge15,ec2_isic4_n82,2013,44.42
slv,age_ythadult_yge15,ec2_isic4_n82,2014,45.28
slv,age_ythadult_yge15,ec2_isic4_n82,2015,45.41
slv,age_ythadult_yge15,ec2_isic4_n82,2016,43.24
slv,age_ythadult_yge15,ec2_isic4_n82,2017,43.19
slv,age_ythadult_yge15,ec2_isic4_n82,2018,45.02
slv,age_ythadult_yge15,ec2_isic4_n82,2019,43.91
slv,age_ythadult_yge15,ec2_isic4_n82,2020,46.73
slv,age_ythadult_yge15,ec2_isic4_n82,2021,45.34
slv,age_ythadult_yge15,ec2_isic4_n82,2022,45.28
slv,age_ythadult_yge15,ec2_isic4_n82,2023,43.5
slv,age_ythadult_yge15,ec2_isic4_n82,2024,45.36
slv,age_ythadult_yge15,ec2_isic4_o84,2010,44.49
slv,age_ythadult_yge15,ec2_isic4_o84,2011,44.81
slv,age_ythadult_yge15,ec2_isic4_o84,2012,43.3
slv,age_ythadult_yge15,ec2_isic4_o84,2013,43.53
slv,age_ythadult_yge15,ec2_isic4_o84,2014,44.08
slv,age_ythadult_yge15,ec2_isic4_o84,2015,43.64
slv,age_ythadult_yge15,ec2_isic4_o84,2016,44.74
slv,age_ythadult_yge15,ec2_isic4_o84,2017,44.72
slv,age_ythadult_yge15,ec2_isic4_o84,2018,45.62
slv,age_ythadult_yge15,ec2_isic4_o84,2019,44.55
slv,age_ythadult_yge15,ec2_isic4_o84,2020,44.74
slv,age_ythadult_yge15,ec2_isic4_o84,2021,46.55
slv,age_ythadult_yge15,ec2_isic4_o84,2022,46.7
slv,age_ythadult_yge15,ec2_isic4_o84,2023,47.28
slv,age_ythadult_yge15,ec2_isic4_o84,2024,47.63
slv,age_ythadult_yge15,ec2_isic4_p85,2010,36.09
slv,age_ythadult_yge15,ec2_isic4_p85,2011,34.8
slv,age_ythadult_yge15,ec2_isic4_p85,2012,35.16
slv,age_ythadult_yge15,ec2_isic4_p85,2013,36.09
slv,age_ythadult_yge15,ec2_isic4_p85,2014,36.17
slv,age_ythadult_yge15,ec2_isic4_p85,2015,36.6
slv,age_ythadult_yge15,ec2_isic4_p85,2016,35.58
slv,age_ythadult_yge15,ec2_isic4_p85,2017,35.69
slv,age_ythadult_yge15,ec2_isic4_p85,2018,35.99
slv,age_ythadult_yge15,ec2_isic4_p85,2019,35.66
slv,age_ythadult_yge15,ec2_isic4_p85,2020,37.08
slv,age_ythadult_yge15,ec2_isic4_p85,2021,35.75
slv,age_ythadult_yge15,ec2_isic4_p85,2022,36.64
slv,age_ythadult_yge15,ec2_isic4_p85,2023,36.13
slv,age_ythadult_yge15,ec2_isic4_p85,2024,35.47
slv,age_ythadult_yge15,ec2_isic4_q86,2010,42.75
slv,age_ythadult_yge15,ec2_isic4_q86,2011,42.2
slv,age_ythadult_yge15,ec2_isic4_q86,2012,41.07
slv,age_ythadult_yge15,ec2_isic4_q86,2013,41.45
slv,age_ythadult_yge15,ec2_isic4_q86,2014,42.81
slv,age_ythadult_yge15,ec2_isic4_q86,2015,42.16
slv,age_ythadult_yge15,ec2_isic4_q86,2016,42.47
slv,age_ythadult_yge15,ec2_isic4_q86,2017,41.74
slv,age_ythadult_yge15,ec2_isic4_q86,2018,41.7
slv,age_ythadult_yge15,ec2_isic4_q86,2019,42.73
slv,age_ythadult_yge15,ec2_isic4_q86,2020,44.36
slv,age_ythadult_yge15,ec2_isic4_q86,2021,46.47
slv,age_ythadult_yge15,ec2_isic4_q86,2022,44.52
slv,age_ythadult_yge15,ec2_isic4_q86,2023,43.1
slv,age_ythadult_yge15,ec2_isic4_q86,2024,43.51
slv,age_ythadult_yge15,ec2_isic4_q87,2010,40.22
slv,age_ythadult_yge15,ec2_isic4_q87,2011,37.79
slv,age_ythadult_yge15,ec2_isic4_q87,2012,40.07
slv,age_ythadult_yge15,ec2_isic4_q87,2013,43.23
slv,age_ythadult_yge15,ec2_isic4_q87,2014,41.87
slv,age_ythadult_yge15,ec2_isic4_q87,2015,43.63
slv,age_ythadult_yge15,ec2_isic4_q87,2016,43.12
slv,age_ythadult_yge15,ec2_isic4_q87,2017,45.39
slv,age_ythadult_yge15,ec2_isic4_q87,2018,37.88
slv,age_ythadult_yge15,ec2_isic4_q87,2019,38.42
slv,age_ythadult_yge15,ec2_isic4_q87,2020,43.27
slv,age_ythadult_yge15,ec2_isic4_q87,2021,40.63
slv,age_ythadult_yge15,ec2_isic4_q87,2022,45.93
slv,age_ythadult_yge15,ec2_isic4_q87,2023,39.05
slv,age_ythadult_yge15,ec2_isic4_q87,2024,37.67
slv,age_ythadult_yge15,ec2_isic4_q88,2010,41.08
slv,age_ythadult_yge15,ec2_isic4_q88,2011,40.42
slv,age_ythadult_yge15,ec2_isic4_q88,2012,38.17
slv,age_ythadult_yge15,ec2_isic4_q88,2013,40.73
slv,age_ythadult_yge15,ec2_isic4_q88,2014,39.78
slv,age_ythadult_yge15,ec2_isic4_q88,2015,42.12
slv,age_ythadult_yge15,ec2_isic4_q88,2016,42.75
slv,age_ythadult_yge15,ec2_isic4_q88,2017,41.96
slv,age_ythadult_yge15,ec2_isic4_q88,2018,40.82
slv,age_ythadult_yge15,ec2_isic4_q88,2019,38.91
slv,age_ythadult_yge15,ec2_isic4_q88,2020,44.34
slv,age_ythadult_yge15,ec2_isic4_q88,2021,38.76
slv,age_ythadult_yge15,ec2_isic4_q88,2022,40.99
slv,age_ythadult_yge15,ec2_isic4_q88,2023,38.17
slv,age_ythadult_yge15,ec2_isic4_q88,2024,35.64
slv,age_ythadult_yge15,ec2_isic4_r90,2010,32.47
slv,age_ythadult_yge15,ec2_isic4_r90,2011,29.49
slv,age_ythadult_yge15,ec2_isic4_r90,2012,22.38
slv,age_ythadult_yge15,ec2_isic4_r90,2013,22.96
slv,age_ythadult_yge15,ec2_isic4_r90,2014,23.94
slv,age_ythadult_yge15,ec2_isic4_r90,2015,33.72
slv,age_ythadult_yge15,ec2_isic4_r90,2016,22.35
slv,age_ythadult_yge15,ec2_isic4_r90,2017,25.64
slv,age_ythadult_yge15,ec2_isic4_r90,2018,42.19
slv,age_ythadult_yge15,ec2_isic4_r90,2019,34.12
slv,age_ythadult_yge15,ec2_isic4_r90,2020,42.45
slv,age_ythadult_yge15,ec2_isic4_r90,2021,38.2
slv,age_ythadult_yge15,ec2_isic4_r90,2022,38.21
slv,age_ythadult_yge15,ec2_isic4_r90,2023,42.13
slv,age_ythadult_yge15,ec2_isic4_r90,2024,20.35
slv,age_ythadult_yge15,ec2_isic4_r91,2014,40.24
slv,age_ythadult_yge15,ec2_isic4_r91,2015,42.69
slv,age_ythadult_yge15,ec2_isic4_r91,2016,46.81
slv,age_ythadult_yge15,ec2_isic4_r91,2018,37.85
slv,age_ythadult_yge15,ec2_isic4_r91,2019,58.19
slv,age_ythadult_yge15,ec2_isic4_r91,2021,47.58
slv,age_ythadult_yge15,ec2_isic4_r91,2023,40.31
slv,age_ythadult_yge15,ec2_isic4_r91,2024,47.11
slv,age_ythadult_yge15,ec2_isic4_r92,2010,50.84
slv,age_ythadult_yge15,ec2_isic4_r92,2011,47.74
slv,age_ythadult_yge15,ec2_isic4_r92,2012,48.12
slv,age_ythadult_yge15,ec2_isic4_r92,2013,48.02
slv,age_ythadult_yge15,ec2_isic4_r92,2014,51.66
slv,age_ythadult_yge15,ec2_isic4_r92,2015,44.09
slv,age_ythadult_yge15,ec2_isic4_r92,2016,49.19
slv,age_ythadult_yge15,ec2_isic4_r92,2017,46.18
slv,age_ythadult_yge15,ec2_isic4_r92,2018,47.26
slv,age_ythadult_yge15,ec2_isic4_r92,2019,45.53
slv,age_ythadult_yge15,ec2_isic4_r92,2021,45.72
slv,age_ythadult_yge15,ec2_isic4_r92,2022,43.98
slv,age_ythadult_yge15,ec2_isic4_r92,2023,49.15
slv,age_ythadult_yge15,ec2_isic4_r92,2024,40.5
slv,age_ythadult_yge15,ec2_isic4_r93,2010,37.62
slv,age_ythadult_yge15,ec2_isic4_r93,2011,43.5
slv,age_ythadult_yge15,ec2_isic4_r93,2012,43.38
slv,age_ythadult_yge15,ec2_isic4_r93,2013,42.93
slv,age_ythadult_yge15,ec2_isic4_r93,2014,38.51
slv,age_ythadult_yge15,ec2_isic4_r93,2015,45.3
slv,age_ythadult_yge15,ec2_isic4_r93,2016,39.26
slv,age_ythadult_yge15,ec2_isic4_r93,2017,39.11
slv,age_ythadult_yge15,ec2_isic4_r93,2018,39.22
slv,age_ythadult_yge15,ec2_isic4_r93,2019,33.59
slv,age_ythadult_yge15,ec2_isic4_r93,2020,43.17
slv,age_ythadult_yge15,ec2_isic4_r93,2021,40.3
slv,age_ythadult_yge15,ec2_isic4_r93,2022,40.31
slv,age_ythadult_yge15,ec2_isic4_r93,2023,45.14
slv,age_ythadult_yge15,ec2_isic4_r93,2024,36.22
slv,age_ythadult_yge15,ec2_isic4_s94,2010,43.67
slv,age_ythadult_yge15,ec2_isic4_s94,2011,45.2
slv,age_ythadult_yge15,ec2_isic4_s94,2012,42.54
slv,age_ythadult_yge15,ec2_isic4_s94,2013,45.71
slv,age_ythadult_yge15,ec2_isic4_s94,2014,44.74
slv,age_ythadult_yge15,ec2_isic4_s94,2015,43.76
slv,age_ythadult_yge15,ec2_isic4_s94,2016,42.69
slv,age_ythadult_yge15,ec2_isic4_s94,2017,43.35
slv,age_ythadult_yge15,ec2_isic4_s94,2018,41.76
slv,age_ythadult_yge15,ec2_isic4_s94,2019,43.76
slv,age_ythadult_yge15,ec2_isic4_s94,2020,44.55
slv,age_ythadult_yge15,ec2_isic4_s94,2021,45.18
slv,age_ythadult_yge15,ec2_isic4_s94,2022,44.26
slv,age_ythadult_yge15,ec2_isic4_s94,2023,41.93
slv,age_ythadult_yge15,ec2_isic4_s94,2024,44.15
slv,age_ythadult_yge15,ec2_isic4_s95,2010,47.75
slv,age_ythadult_yge15,ec2_isic4_s95,2011,45.11
slv,age_ythadult_yge15,ec2_isic4_s95,2012,46.89
slv,age_ythadult_yge15,ec2_isic4_s95,2013,44.52
slv,age_ythadult_yge15,ec2_isic4_s95,2014,48.99
slv,age_ythadult_yge15,ec2_isic4_s95,2015,42.33
slv,age_ythadult_yge15,ec2_isic4_s95,2016,46.46
slv,age_ythadult_yge15,ec2_isic4_s95,2017,46.74
slv,age_ythadult_yge15,ec2_isic4_s95,2018,40.34
slv,age_ythadult_yge15,ec2_isic4_s95,2019,41.43
slv,age_ythadult_yge15,ec2_isic4_s95,2020,42.69
slv,age_ythadult_yge15,ec2_isic4_s95,2021,45.79
slv,age_ythadult_yge15,ec2_isic4_s95,2022,47
slv,age_ythadult_yge15,ec2_isic4_s95,2023,42.3
slv,age_ythadult_yge15,ec2_isic4_s95,2024,41
slv,age_ythadult_yge15,ec2_isic4_s96,2010,45.87
slv,age_ythadult_yge15,ec2_isic4_s96,2011,48.45
slv,age_ythadult_yge15,ec2_isic4_s96,2012,47.35
slv,age_ythadult_yge15,ec2_isic4_s96,2013,45.61
slv,age_ythadult_yge15,ec2_isic4_s96,2014,49.86
slv,age_ythadult_yge15,ec2_isic4_s96,2015,49.68
slv,age_ythadult_yge15,ec2_isic4_s96,2016,47.69
slv,age_ythadult_yge15,ec2_isic4_s96,2017,46.39
slv,age_ythadult_yge15,ec2_isic4_s96,2018,44.64
slv,age_ythadult_yge15,ec2_isic4_s96,2019,45.96
slv,age_ythadult_yge15,ec2_isic4_s96,2020,46.42
slv,age_ythadult_yge15,ec2_isic4_s96,2021,44.93
slv,age_ythadult_yge15,ec2_isic4_s96,2022,42.58
slv,age_ythadult_yge15,ec2_isic4_s96,2023,47.11
slv,age_ythadult_yge15,ec2_isic4_s96,2024,39.5
slv,age_ythadult_yge15,ec2_isic4_t97,2010,51.86
slv,age_ythadult_yge15,ec2_isic4_t97,2011,52.44
slv,age_ythadult_yge15,ec2_isic4_t97,2012,50.33
slv,age_ythadult_yge15,ec2_isic4_t97,2013,48.82
slv,age_ythadult_yge15,ec2_isic4_t97,2014,48.59
slv,age_ythadult_yge15,ec2_isic4_t97,2015,47.23
slv,age_ythadult_yge15,ec2_isic4_t97,2016,47.88
slv,age_ythadult_yge15,ec2_isic4_t97,2017,47.56
slv,age_ythadult_yge15,ec2_isic4_t97,2018,46.42
slv,age_ythadult_yge15,ec2_isic4_t97,2019,48.06
slv,age_ythadult_yge15,ec2_isic4_t97,2020,47.04
slv,age_ythadult_yge15,ec2_isic4_t97,2021,46.88
slv,age_ythadult_yge15,ec2_isic4_t97,2022,45.36
slv,age_ythadult_yge15,ec2_isic4_t97,2023,43.77
slv,age_ythadult_yge15,ec2_isic4_t97,2024,41.54
slv,age_ythadult_yge15,ec2_isic4_total,2010,44.43
slv,age_ythadult_yge15,ec2_isic4_total,2011,44.58
slv,age_ythadult_yge15,ec2_isic4_total,2012,43.82
slv,age_ythadult_yge15,ec2_isic4_total,2013,44.42
slv,age_ythadult_yge15,ec2_isic4_total,2014,44.61
slv,age_ythadult_yge15,ec2_isic4_total,2015,44.26
slv,age_ythadult_yge15,ec2_isic4_total,2016,44.33
slv,age_ythadult_yge15,ec2_isic4_total,2017,44.45
slv,age_ythadult_yge15,ec2_isic4_total,2018,44.25
slv,age_ythadult_yge15,ec2_isic4_total,2019,44.83
slv,age_ythadult_yge15,ec2_isic4_total,2020,44.77
slv,age_ythadult_yge15,ec2_isic4_total,2021,45.19
slv,age_ythadult_yge15,ec2_isic4_total,2022,44.88
slv,age_ythadult_yge15,ec2_isic4_total,2023,44.81
slv,age_ythadult_yge15,ec2_isic4_total,2024,44.35
slv,age_ythadult_yge15,ec2_isic4_u99,2010,42.07
slv,age_ythadult_yge15,ec2_isic4_u99,2011,37.74
slv,age_ythadult_yge15,ec2_isic4_u99,2013,45.1
slv,age_ythadult_yge15,ec2_isic4_u99,2014,40.68
slv,age_ythadult_yge15,ec2_isic4_u99,2016,41.69
slv,age_ythadult_yge15,ec2_isic4_u99,2017,35.52
slv,age_ythadult_yge15,ec2_isic4_u99,2018,41.26
slv,age_ythadult_yge15,ec2_isic4_u99,2023,29.71
slv,age_ythadult_yge15,ec2_isic4_u99,2024,42.26
slv,age_ythadult_yge25,ec2_isic4_a01,2010,38.57
slv,age_ythadult_yge25,ec2_isic4_a01,2011,38.16
slv,age_ythadult_yge25,ec2_isic4_a01,2012,38.83
slv,age_ythadult_yge25,ec2_isic4_a01,2013,38.96
slv,age_ythadult_yge25,ec2_isic4_a01,2014,38.85
slv,age_ythadult_yge25,ec2_isic4_a01,2015,38.77
slv,age_ythadult_yge25,ec2_isic4_a01,2016,38.29
slv,age_ythadult_yge25,ec2_isic4_a01,2017,38.9
slv,age_ythadult_yge25,ec2_isic4_a01,2018,38.27
slv,age_ythadult_yge25,ec2_isic4_a01,2019,38.02
slv,age_ythadult_yge25,ec2_isic4_a01,2020,38.21
slv,age_ythadult_yge25,ec2_isic4_a01,2021,38.77
slv,age_ythadult_yge25,ec2_isic4_a01,2022,39.64
slv,age_ythadult_yge25,ec2_isic4_a01,2023,38.74
slv,age_ythadult_yge25,ec2_isic4_a01,2024,36.86
slv,age_ythadult_yge25,ec2_isic4_a02,2012,29.2
slv,age_ythadult_yge25,ec2_isic4_a02,2014,42.03
slv,age_ythadult_yge25,ec2_isic4_a02,2017,34.72
slv,age_ythadult_yge25,ec2_isic4_a02,2022,42.82
slv,age_ythadult_yge25,ec2_isic4_a02,2024,48.6
slv,age_ythadult_yge25,ec2_isic4_a03,2010,32.63
slv,age_ythadult_yge25,ec2_isic4_a03,2011,39.99
slv,age_ythadult_yge25,ec2_isic4_a03,2012,41.49
slv,age_ythadult_yge25,ec2_isic4_a03,2013,38.77
slv,age_ythadult_yge25,ec2_isic4_a03,2014,45.91
slv,age_ythadult_yge25,ec2_isic4_a03,2015,46.42
slv,age_ythadult_yge25,ec2_isic4_a03,2016,35.19
slv,age_ythadult_yge25,ec2_isic4_a03,2017,41.45
slv,age_ythadult_yge25,ec2_isic4_a03,2018,47.75
slv,age_ythadult_yge25,ec2_isic4_a03,2019,41.8
slv,age_ythadult_yge25,ec2_isic4_a03,2020,51.9
slv,age_ythadult_yge25,ec2_isic4_a03,2021,46.85
slv,age_ythadult_yge25,ec2_isic4_a03,2022,47.8
slv,age_ythadult_yge25,ec2_isic4_a03,2023,50.34
slv,age_ythadult_yge25,ec2_isic4_a03,2024,48.9
slv,age_ythadult_yge25,ec2_isic4_b08,2010,44.51
slv,age_ythadult_yge25,ec2_isic4_b08,2011,37.95
slv,age_ythadult_yge25,ec2_isic4_b08,2012,40.68
slv,age_ythadult_yge25,ec2_isic4_b08,2013,45.21
slv,age_ythadult_yge25,ec2_isic4_b08,2014,48.11
slv,age_ythadult_yge25,ec2_isic4_b08,2015,38.57
slv,age_ythadult_yge25,ec2_isic4_b08,2016,40
slv,age_ythadult_yge25,ec2_isic4_b08,2017,41.33
slv,age_ythadult_yge25,ec2_isic4_b08,2018,30.24
slv,age_ythadult_yge25,ec2_isic4_b08,2019,41.98
slv,age_ythadult_yge25,ec2_isic4_b08,2020,46.71
slv,age_ythadult_yge25,ec2_isic4_b08,2021,51.83
slv,age_ythadult_yge25,ec2_isic4_b08,2022,45.88
slv,age_ythadult_yge25,ec2_isic4_b08,2023,42.5
slv,age_ythadult_yge25,ec2_isic4_b08,2024,42.33
slv,age_ythadult_yge25,ec2_isic4_c10,2010,46.15
slv,age_ythadult_yge25,ec2_isic4_c10,2011,46.59
slv,age_ythadult_yge25,ec2_isic4_c10,2012,43.77
slv,age_ythadult_yge25,ec2_isic4_c10,2013,45.09
slv,age_ythadult_yge25,ec2_isic4_c10,2014,45.32
slv,age_ythadult_yge25,ec2_isic4_c10,2015,45.38
slv,age_ythadult_yge25,ec2_isic4_c10,2016,45.44
slv,age_ythadult_yge25,ec2_isic4_c10,2017,46.15
slv,age_ythadult_yge25,ec2_isic4_c10,2018,44.92
slv,age_ythadult_yge25,ec2_isic4_c10,2019,44.03
slv,age_ythadult_yge25,ec2_isic4_c10,2020,45.08
slv,age_ythadult_yge25,ec2_isic4_c10,2021,46.57
slv,age_ythadult_yge25,ec2_isic4_c10,2022,42.75
slv,age_ythadult_yge25,ec2_isic4_c10,2023,44.19
slv,age_ythadult_yge25,ec2_isic4_c10,2024,44.82
slv,age_ythadult_yge25,ec2_isic4_c11,2010,51.58
slv,age_ythadult_yge25,ec2_isic4_c11,2011,48.06
slv,age_ythadult_yge25,ec2_isic4_c11,2012,52.32
slv,age_ythadult_yge25,ec2_isic4_c11,2013,52.05
slv,age_ythadult_yge25,ec2_isic4_c11,2014,49.67
slv,age_ythadult_yge25,ec2_isic4_c11,2015,51.19
slv,age_ythadult_yge25,ec2_isic4_c11,2016,52.82
slv,age_ythadult_yge25,ec2_isic4_c11,2017,50.49
slv,age_ythadult_yge25,ec2_isic4_c11,2018,51.19
slv,age_ythadult_yge25,ec2_isic4_c11,2019,49.83
slv,age_ythadult_yge25,ec2_isic4_c11,2020,50.52
slv,age_ythadult_yge25,ec2_isic4_c11,2021,49.29
slv,age_ythadult_yge25,ec2_isic4_c11,2022,47.24
slv,age_ythadult_yge25,ec2_isic4_c11,2023,48.14
slv,age_ythadult_yge25,ec2_isic4_c11,2024,51.29
slv,age_ythadult_yge25,ec2_isic4_c12,2012,38.22
slv,age_ythadult_yge25,ec2_isic4_c12,2015,29.66
slv,age_ythadult_yge25,ec2_isic4_c12,2024,43.17
slv,age_ythadult_yge25,ec2_isic4_c13,2010,44.01
slv,age_ythadult_yge25,ec2_isic4_c13,2011,44.74
slv,age_ythadult_yge25,ec2_isic4_c13,2012,44.26
slv,age_ythadult_yge25,ec2_isic4_c13,2013,45.87
slv,age_ythadult_yge25,ec2_isic4_c13,2014,45.2
slv,age_ythadult_yge25,ec2_isic4_c13,2015,43.45
slv,age_ythadult_yge25,ec2_isic4_c13,2016,43.54
slv,age_ythadult_yge25,ec2_isic4_c13,2017,44.17
slv,age_ythadult_yge25,ec2_isic4_c13,2018,44.71
slv,age_ythadult_yge25,ec2_isic4_c13,2019,44.21
slv,age_ythadult_yge25,ec2_isic4_c13,2020,43.15
slv,age_ythadult_yge25,ec2_isic4_c13,2021,45.9
slv,age_ythadult_yge25,ec2_isic4_c13,2022,43.09
slv,age_ythadult_yge25,ec2_isic4_c13,2023,44.94
slv,age_ythadult_yge25,ec2_isic4_c13,2024,45.19
slv,age_ythadult_yge25,ec2_isic4_c14,2010,45.33
slv,age_ythadult_yge25,ec2_isic4_c14,2011,44.72
slv,age_ythadult_yge25,ec2_isic4_c14,2012,45.46
slv,age_ythadult_yge25,ec2_isic4_c14,2013,45.76
slv,age_ythadult_yge25,ec2_isic4_c14,2014,46.21
slv,age_ythadult_yge25,ec2_isic4_c14,2015,44.51
slv,age_ythadult_yge25,ec2_isic4_c14,2016,44.97
slv,age_ythadult_yge25,ec2_isic4_c14,2017,44.55
slv,age_ythadult_yge25,ec2_isic4_c14,2018,44.62
slv,age_ythadult_yge25,ec2_isic4_c14,2019,44.52
slv,age_ythadult_yge25,ec2_isic4_c14,2020,45.08
slv,age_ythadult_yge25,ec2_isic4_c14,2021,44.34
slv,age_ythadult_yge25,ec2_isic4_c14,2022,43.65
slv,age_ythadult_yge25,ec2_isic4_c14,2023,43.46
slv,age_ythadult_yge25,ec2_isic4_c14,2024,44.44
slv,age_ythadult_yge25,ec2_isic4_c15,2010,46.62
slv,age_ythadult_yge25,ec2_isic4_c15,2011,47.62
slv,age_ythadult_yge25,ec2_isic4_c15,2012,39.16
slv,age_ythadult_yge25,ec2_isic4_c15,2013,46.74
slv,age_ythadult_yge25,ec2_isic4_c15,2014,45.7
slv,age_ythadult_yge25,ec2_isic4_c15,2015,45.74
slv,age_ythadult_yge25,ec2_isic4_c15,2016,46.68
slv,age_ythadult_yge25,ec2_isic4_c15,2017,45.97
slv,age_ythadult_yge25,ec2_isic4_c15,2018,43.95
slv,age_ythadult_yge25,ec2_isic4_c15,2019,35.76
slv,age_ythadult_yge25,ec2_isic4_c15,2020,47.01
slv,age_ythadult_yge25,ec2_isic4_c15,2021,49.29
slv,age_ythadult_yge25,ec2_isic4_c15,2022,44.34
slv,age_ythadult_yge25,ec2_isic4_c15,2023,43.63
slv,age_ythadult_yge25,ec2_isic4_c15,2024,44.33
slv,age_ythadult_yge25,ec2_isic4_c16,2010,39.75
slv,age_ythadult_yge25,ec2_isic4_c16,2011,34.26
slv,age_ythadult_yge25,ec2_isic4_c16,2012,46.5
slv,age_ythadult_yge25,ec2_isic4_c16,2013,40.21
slv,age_ythadult_yge25,ec2_isic4_c16,2014,39.59
slv,age_ythadult_yge25,ec2_isic4_c16,2015,46.62
slv,age_ythadult_yge25,ec2_isic4_c16,2016,47.48
slv,age_ythadult_yge25,ec2_isic4_c16,2017,48.75
slv,age_ythadult_yge25,ec2_isic4_c16,2018,37.58
slv,age_ythadult_yge25,ec2_isic4_c16,2019,40.65
slv,age_ythadult_yge25,ec2_isic4_c16,2021,32.12
slv,age_ythadult_yge25,ec2_isic4_c16,2022,42.87
slv,age_ythadult_yge25,ec2_isic4_c16,2023,45.7
slv,age_ythadult_yge25,ec2_isic4_c16,2024,42.86
slv,age_ythadult_yge25,ec2_isic4_c17,2010,45.62
slv,age_ythadult_yge25,ec2_isic4_c17,2011,47.01
slv,age_ythadult_yge25,ec2_isic4_c17,2012,47.07
slv,age_ythadult_yge25,ec2_isic4_c17,2013,46.17
slv,age_ythadult_yge25,ec2_isic4_c17,2014,47.66
slv,age_ythadult_yge25,ec2_isic4_c17,2015,46
slv,age_ythadult_yge25,ec2_isic4_c17,2016,50.16
slv,age_ythadult_yge25,ec2_isic4_c17,2017,47.37
slv,age_ythadult_yge25,ec2_isic4_c17,2018,47.64
slv,age_ythadult_yge25,ec2_isic4_c17,2019,45.08
slv,age_ythadult_yge25,ec2_isic4_c17,2020,46.89
slv,age_ythadult_yge25,ec2_isic4_c17,2021,44.84
slv,age_ythadult_yge25,ec2_isic4_c17,2022,47.7
slv,age_ythadult_yge25,ec2_isic4_c17,2023,47.43
slv,age_ythadult_yge25,ec2_isic4_c17,2024,50.51
slv,age_ythadult_yge25,ec2_isic4_c18,2010,47.85
slv,age_ythadult_yge25,ec2_isic4_c18,2011,45.88
slv,age_ythadult_yge25,ec2_isic4_c18,2012,40.28
slv,age_ythadult_yge25,ec2_isic4_c18,2013,46.72
slv,age_ythadult_yge25,ec2_isic4_c18,2014,44.34
slv,age_ythadult_yge25,ec2_isic4_c18,2015,44.76
slv,age_ythadult_yge25,ec2_isic4_c18,2016,46.69
slv,age_ythadult_yge25,ec2_isic4_c18,2017,44.11
slv,age_ythadult_yge25,ec2_isic4_c18,2018,45.51
slv,age_ythadult_yge25,ec2_isic4_c18,2019,45.36
slv,age_ythadult_yge25,ec2_isic4_c18,2020,45.51
slv,age_ythadult_yge25,ec2_isic4_c18,2021,39.81
slv,age_ythadult_yge25,ec2_isic4_c18,2022,40.63
slv,age_ythadult_yge25,ec2_isic4_c18,2023,45.33
slv,age_ythadult_yge25,ec2_isic4_c18,2024,43.04
slv,age_ythadult_yge25,ec2_isic4_c20,2010,48.78
slv,age_ythadult_yge25,ec2_isic4_c20,2011,53.47
slv,age_ythadult_yge25,ec2_isic4_c20,2012,42.84
slv,age_ythadult_yge25,ec2_isic4_c20,2013,46.39
slv,age_ythadult_yge25,ec2_isic4_c20,2014,46.34
slv,age_ythadult_yge25,ec2_isic4_c20,2015,43.28
slv,age_ythadult_yge25,ec2_isic4_c20,2016,46.14
slv,age_ythadult_yge25,ec2_isic4_c20,2017,44.44
slv,age_ythadult_yge25,ec2_isic4_c20,2018,44.5
slv,age_ythadult_yge25,ec2_isic4_c20,2019,43.2
slv,age_ythadult_yge25,ec2_isic4_c20,2020,49.8
slv,age_ythadult_yge25,ec2_isic4_c20,2021,48.08
slv,age_ythadult_yge25,ec2_isic4_c20,2022,46.62
slv,age_ythadult_yge25,ec2_isic4_c20,2023,48.13
slv,age_ythadult_yge25,ec2_isic4_c20,2024,45.78
slv,age_ythadult_yge25,ec2_isic4_c21,2010,44.84
slv,age_ythadult_yge25,ec2_isic4_c21,2011,45.22
slv,age_ythadult_yge25,ec2_isic4_c21,2012,46.69
slv,age_ythadult_yge25,ec2_isic4_c21,2013,46.16
slv,age_ythadult_yge25,ec2_isic4_c21,2014,46.21
slv,age_ythadult_yge25,ec2_isic4_c21,2015,43.16
slv,age_ythadult_yge25,ec2_isic4_c21,2016,44.18
slv,age_ythadult_yge25,ec2_isic4_c21,2017,42.37
slv,age_ythadult_yge25,ec2_isic4_c21,2018,41.86
slv,age_ythadult_yge25,ec2_isic4_c21,2019,44.26
slv,age_ythadult_yge25,ec2_isic4_c21,2020,44.33
slv,age_ythadult_yge25,ec2_isic4_c21,2021,43.43
slv,age_ythadult_yge25,ec2_isic4_c21,2022,44.65
slv,age_ythadult_yge25,ec2_isic4_c21,2023,43.9
slv,age_ythadult_yge25,ec2_isic4_c21,2024,42.46
slv,age_ythadult_yge25,ec2_isic4_c22,2010,48.06
slv,age_ythadult_yge25,ec2_isic4_c22,2011,49.36
slv,age_ythadult_yge25,ec2_isic4_c22,2012,47.71
slv,age_ythadult_yge25,ec2_isic4_c22,2013,50.17
slv,age_ythadult_yge25,ec2_isic4_c22,2014,50.61
slv,age_ythadult_yge25,ec2_isic4_c22,2015,47.6
slv,age_ythadult_yge25,ec2_isic4_c22,2016,46.43
slv,age_ythadult_yge25,ec2_isic4_c22,2017,45.7
slv,age_ythadult_yge25,ec2_isic4_c22,2018,50.11
slv,age_ythadult_yge25,ec2_isic4_c22,2019,47.07
slv,age_ythadult_yge25,ec2_isic4_c22,2020,47.35
slv,age_ythadult_yge25,ec2_isic4_c22,2021,47.8
slv,age_ythadult_yge25,ec2_isic4_c22,2022,51.45
slv,age_ythadult_yge25,ec2_isic4_c22,2023,50.29
slv,age_ythadult_yge25,ec2_isic4_c22,2024,46.93
slv,age_ythadult_yge25,ec2_isic4_c23,2010,42.91
slv,age_ythadult_yge25,ec2_isic4_c23,2011,45.3
slv,age_ythadult_yge25,ec2_isic4_c23,2012,42.61
slv,age_ythadult_yge25,ec2_isic4_c23,2013,47.93
slv,age_ythadult_yge25,ec2_isic4_c23,2014,46.23
slv,age_ythadult_yge25,ec2_isic4_c23,2015,43.53
slv,age_ythadult_yge25,ec2_isic4_c23,2016,43.25
slv,age_ythadult_yge25,ec2_isic4_c23,2017,46.52
slv,age_ythadult_yge25,ec2_isic4_c23,2018,45.07
slv,age_ythadult_yge25,ec2_isic4_c23,2019,45.77
slv,age_ythadult_yge25,ec2_isic4_c23,2020,44.1
slv,age_ythadult_yge25,ec2_isic4_c23,2021,45.93
slv,age_ythadult_yge25,ec2_isic4_c23,2022,44.43
slv,age_ythadult_yge25,ec2_isic4_c23,2023,46.41
slv,age_ythadult_yge25,ec2_isic4_c23,2024,44.99
slv,age_ythadult_yge25,ec2_isic4_c24,2010,47.47
slv,age_ythadult_yge25,ec2_isic4_c24,2011,48.01
slv,age_ythadult_yge25,ec2_isic4_c24,2012,47.47
slv,age_ythadult_yge25,ec2_isic4_c24,2013,45.63
slv,age_ythadult_yge25,ec2_isic4_c24,2014,46.14
slv,age_ythadult_yge25,ec2_isic4_c24,2015,43.8
slv,age_ythadult_yge25,ec2_isic4_c24,2016,49.02
slv,age_ythadult_yge25,ec2_isic4_c24,2017,44.73
slv,age_ythadult_yge25,ec2_isic4_c24,2018,45.49
slv,age_ythadult_yge25,ec2_isic4_c24,2019,46.65
slv,age_ythadult_yge25,ec2_isic4_c24,2020,53.82
slv,age_ythadult_yge25,ec2_isic4_c24,2021,42.5
slv,age_ythadult_yge25,ec2_isic4_c24,2022,42.43
slv,age_ythadult_yge25,ec2_isic4_c24,2024,43.74
slv,age_ythadult_yge25,ec2_isic4_c25,2010,44.06
slv,age_ythadult_yge25,ec2_isic4_c25,2011,45.64
slv,age_ythadult_yge25,ec2_isic4_c25,2012,44.18
slv,age_ythadult_yge25,ec2_isic4_c25,2013,43.07
slv,age_ythadult_yge25,ec2_isic4_c25,2014,43.87
slv,age_ythadult_yge25,ec2_isic4_c25,2015,45.55
slv,age_ythadult_yge25,ec2_isic4_c25,2016,46.06
slv,age_ythadult_yge25,ec2_isic4_c25,2017,44.41
slv,age_ythadult_yge25,ec2_isic4_c25,2018,44.86
slv,age_ythadult_yge25,ec2_isic4_c25,2019,44.2
slv,age_ythadult_yge25,ec2_isic4_c25,2020,43.8
slv,age_ythadult_yge25,ec2_isic4_c25,2021,44.47
slv,age_ythadult_yge25,ec2_isic4_c25,2022,44.97
slv,age_ythadult_yge25,ec2_isic4_c25,2023,45.87
slv,age_ythadult_yge25,ec2_isic4_c25,2024,43.93
slv,age_ythadult_yge25,ec2_isic4_c26,2010,42.01
slv,age_ythadult_yge25,ec2_isic4_c26,2011,40.5
slv,age_ythadult_yge25,ec2_isic4_c26,2012,41.85
slv,age_ythadult_yge25,ec2_isic4_c26,2013,50.37
slv,age_ythadult_yge25,ec2_isic4_c26,2014,45.34
slv,age_ythadult_yge25,ec2_isic4_c26,2015,45
slv,age_ythadult_yge25,ec2_isic4_c26,2016,43.8
slv,age_ythadult_yge25,ec2_isic4_c26,2017,43.85
slv,age_ythadult_yge25,ec2_isic4_c26,2018,45.17
slv,age_ythadult_yge25,ec2_isic4_c26,2019,41.69
slv,age_ythadult_yge25,ec2_isic4_c26,2020,45.16
slv,age_ythadult_yge25,ec2_isic4_c26,2021,44.9
slv,age_ythadult_yge25,ec2_isic4_c26,2022,43.46
slv,age_ythadult_yge25,ec2_isic4_c26,2023,48.17
slv,age_ythadult_yge25,ec2_isic4_c26,2024,43.76
slv,age_ythadult_yge25,ec2_isic4_c27,2010,46.21
slv,age_ythadult_yge25,ec2_isic4_c27,2011,48.07
slv,age_ythadult_yge25,ec2_isic4_c27,2013,53.73
slv,age_ythadult_yge25,ec2_isic4_c27,2014,53.36
slv,age_ythadult_yge25,ec2_isic4_c27,2019,45.25
slv,age_ythadult_yge25,ec2_isic4_c27,2020,47.6
slv,age_ythadult_yge25,ec2_isic4_c27,2021,47.65
slv,age_ythadult_yge25,ec2_isic4_c27,2024,45.06
slv,age_ythadult_yge25,ec2_isic4_c28,2010,45.06
slv,age_ythadult_yge25,ec2_isic4_c28,2011,34.66
slv,age_ythadult_yge25,ec2_isic4_c28,2012,42.33
slv,age_ythadult_yge25,ec2_isic4_c28,2013,44.59
slv,age_ythadult_yge25,ec2_isic4_c28,2017,50.46
slv,age_ythadult_yge25,ec2_isic4_c28,2019,44.98
slv,age_ythadult_yge25,ec2_isic4_c28,2024,52.03
slv,age_ythadult_yge25,ec2_isic4_c29,2012,46.44
slv,age_ythadult_yge25,ec2_isic4_c29,2013,50.83
slv,age_ythadult_yge25,ec2_isic4_c29,2015,45.42
slv,age_ythadult_yge25,ec2_isic4_c29,2022,46.92
slv,age_ythadult_yge25,ec2_isic4_c30,2015,53.93
slv,age_ythadult_yge25,ec2_isic4_c31,2010,44.18
slv,age_ythadult_yge25,ec2_isic4_c31,2011,44.09
slv,age_ythadult_yge25,ec2_isic4_c31,2012,45.89
slv,age_ythadult_yge25,ec2_isic4_c31,2013,46.66
slv,age_ythadult_yge25,ec2_isic4_c31,2014,46.65
slv,age_ythadult_yge25,ec2_isic4_c31,2015,45.81
slv,age_ythadult_yge25,ec2_isic4_c31,2016,46.9
slv,age_ythadult_yge25,ec2_isic4_c31,2017,49.45
slv,age_ythadult_yge25,ec2_isic4_c31,2018,48.08
slv,age_ythadult_yge25,ec2_isic4_c31,2019,46.15
slv,age_ythadult_yge25,ec2_isic4_c31,2020,46.2
slv,age_ythadult_yge25,ec2_isic4_c31,2021,45.58
slv,age_ythadult_yge25,ec2_isic4_c31,2022,47.4
slv,age_ythadult_yge25,ec2_isic4_c31,2023,47.26
slv,age_ythadult_yge25,ec2_isic4_c31,2024,43.79
slv,age_ythadult_yge25,ec2_isic4_c32,2010,42.63
slv,age_ythadult_yge25,ec2_isic4_c32,2011,44.22
slv,age_ythadult_yge25,ec2_isic4_c32,2012,40.84
slv,age_ythadult_yge25,ec2_isic4_c32,2013,41.97
slv,age_ythadult_yge25,ec2_isic4_c32,2014,45.25
slv,age_ythadult_yge25,ec2_isic4_c32,2015,49.55
slv,age_ythadult_yge25,ec2_isic4_c32,2016,45.13
slv,age_ythadult_yge25,ec2_isic4_c32,2017,41.47
slv,age_ythadult_yge25,ec2_isic4_c32,2018,42.48
slv,age_ythadult_yge25,ec2_isic4_c32,2019,36.86
slv,age_ythadult_yge25,ec2_isic4_c32,2020,37.92
slv,age_ythadult_yge25,ec2_isic4_c32,2021,47.36
slv,age_ythadult_yge25,ec2_isic4_c32,2022,43.41
slv,age_ythadult_yge25,ec2_isic4_c32,2023,45.53
slv,age_ythadult_yge25,ec2_isic4_c32,2024,45.33
slv,age_ythadult_yge25,ec2_isic4_c33,2010,44.8
slv,age_ythadult_yge25,ec2_isic4_c33,2011,46.88
slv,age_ythadult_yge25,ec2_isic4_c33,2012,49.22
slv,age_ythadult_yge25,ec2_isic4_c33,2013,48.63
slv,age_ythadult_yge25,ec2_isic4_c33,2014,43.68
slv,age_ythadult_yge25,ec2_isic4_c33,2015,50.42
slv,age_ythadult_yge25,ec2_isic4_c33,2016,44.62
slv,age_ythadult_yge25,ec2_isic4_c33,2017,45.43
slv,age_ythadult_yge25,ec2_isic4_c33,2018,49.69
slv,age_ythadult_yge25,ec2_isic4_c33,2019,46.84
slv,age_ythadult_yge25,ec2_isic4_c33,2020,51.2
slv,age_ythadult_yge25,ec2_isic4_c33,2021,41.29
slv,age_ythadult_yge25,ec2_isic4_c33,2022,47.65
slv,age_ythadult_yge25,ec2_isic4_c33,2023,42.94
slv,age_ythadult_yge25,ec2_isic4_c33,2024,44.07
slv,age_ythadult_yge25,ec2_isic4_d35,2010,45.86
slv,age_ythadult_yge25,ec2_isic4_d35,2011,44.28
slv,age_ythadult_yge25,ec2_isic4_d35,2012,42.35
slv,age_ythadult_yge25,ec2_isic4_d35,2013,46.55
slv,age_ythadult_yge25,ec2_isic4_d35,2014,47.48
slv,age_ythadult_yge25,ec2_isic4_d35,2015,44.84
slv,age_ythadult_yge25,ec2_isic4_d35,2016,42.22
slv,age_ythadult_yge25,ec2_isic4_d35,2017,44.98
slv,age_ythadult_yge25,ec2_isic4_d35,2018,43.33
slv,age_ythadult_yge25,ec2_isic4_d35,2019,44.95
slv,age_ythadult_yge25,ec2_isic4_d35,2020,46.12
slv,age_ythadult_yge25,ec2_isic4_d35,2021,43.97
slv,age_ythadult_yge25,ec2_isic4_d35,2022,45.34
slv,age_ythadult_yge25,ec2_isic4_d35,2023,45.6
slv,age_ythadult_yge25,ec2_isic4_d35,2024,44.94
slv,age_ythadult_yge25,ec2_isic4_e36,2010,42.63
slv,age_ythadult_yge25,ec2_isic4_e36,2011,42.63
slv,age_ythadult_yge25,ec2_isic4_e36,2012,42.29
slv,age_ythadult_yge25,ec2_isic4_e36,2013,42.94
slv,age_ythadult_yge25,ec2_isic4_e36,2014,41.47
slv,age_ythadult_yge25,ec2_isic4_e36,2015,44.06
slv,age_ythadult_yge25,ec2_isic4_e36,2016,42.07
slv,age_ythadult_yge25,ec2_isic4_e36,2017,42.16
slv,age_ythadult_yge25,ec2_isic4_e36,2018,45.43
slv,age_ythadult_yge25,ec2_isic4_e36,2019,45.24
slv,age_ythadult_yge25,ec2_isic4_e36,2020,40.52
slv,age_ythadult_yge25,ec2_isic4_e36,2021,44.64
slv,age_ythadult_yge25,ec2_isic4_e36,2022,44.54
slv,age_ythadult_yge25,ec2_isic4_e36,2023,45.1
slv,age_ythadult_yge25,ec2_isic4_e36,2024,47.18
slv,age_ythadult_yge25,ec2_isic4_e37,2010,40.2
slv,age_ythadult_yge25,ec2_isic4_e37,2011,46.36
slv,age_ythadult_yge25,ec2_isic4_e38,2011,41.39
slv,age_ythadult_yge25,ec2_isic4_e38,2012,45.85
slv,age_ythadult_yge25,ec2_isic4_e38,2013,45.69
slv,age_ythadult_yge25,ec2_isic4_e38,2014,46.95
slv,age_ythadult_yge25,ec2_isic4_e38,2015,47.75
slv,age_ythadult_yge25,ec2_isic4_e38,2016,50.6
slv,age_ythadult_yge25,ec2_isic4_e38,2017,43.37
slv,age_ythadult_yge25,ec2_isic4_e38,2018,50.83
slv,age_ythadult_yge25,ec2_isic4_e38,2019,44.53
slv,age_ythadult_yge25,ec2_isic4_e38,2020,49.68
slv,age_ythadult_yge25,ec2_isic4_e38,2021,47.46
slv,age_ythadult_yge25,ec2_isic4_e38,2022,45.43
slv,age_ythadult_yge25,ec2_isic4_e38,2023,47.86
slv,age_ythadult_yge25,ec2_isic4_e38,2024,51.6
slv,age_ythadult_yge25,ec2_isic4_f41,2010,44.12
slv,age_ythadult_yge25,ec2_isic4_f41,2011,43.69
slv,age_ythadult_yge25,ec2_isic4_f41,2012,43.32
slv,age_ythadult_yge25,ec2_isic4_f41,2013,44.45
slv,age_ythadult_yge25,ec2_isic4_f41,2014,43.26
slv,age_ythadult_yge25,ec2_isic4_f41,2015,42.92
slv,age_ythadult_yge25,ec2_isic4_f41,2016,43.14
slv,age_ythadult_yge25,ec2_isic4_f41,2017,43.86
slv,age_ythadult_yge25,ec2_isic4_f41,2018,43.75
slv,age_ythadult_yge25,ec2_isic4_f41,2019,43.88
slv,age_ythadult_yge25,ec2_isic4_f41,2020,43.13
slv,age_ythadult_yge25,ec2_isic4_f41,2021,44.15
slv,age_ythadult_yge25,ec2_isic4_f41,2022,44.33
slv,age_ythadult_yge25,ec2_isic4_f41,2023,44.09
slv,age_ythadult_yge25,ec2_isic4_f41,2024,43.65
slv,age_ythadult_yge25,ec2_isic4_f42,2010,47.35
slv,age_ythadult_yge25,ec2_isic4_f42,2011,48.3
slv,age_ythadult_yge25,ec2_isic4_f42,2012,49.27
slv,age_ythadult_yge25,ec2_isic4_f42,2013,46.05
slv,age_ythadult_yge25,ec2_isic4_f42,2014,43.82
slv,age_ythadult_yge25,ec2_isic4_f42,2015,44.05
slv,age_ythadult_yge25,ec2_isic4_f42,2016,48.9
slv,age_ythadult_yge25,ec2_isic4_f42,2017,43.78
slv,age_ythadult_yge25,ec2_isic4_f42,2018,44.33
slv,age_ythadult_yge25,ec2_isic4_f42,2019,47.29
slv,age_ythadult_yge25,ec2_isic4_f42,2020,47.64
slv,age_ythadult_yge25,ec2_isic4_f42,2021,45.82
slv,age_ythadult_yge25,ec2_isic4_f42,2022,47.06
slv,age_ythadult_yge25,ec2_isic4_f42,2023,45.04
slv,age_ythadult_yge25,ec2_isic4_f42,2024,46.84
slv,age_ythadult_yge25,ec2_isic4_f43,2010,44.94
slv,age_ythadult_yge25,ec2_isic4_f43,2011,41.17
slv,age_ythadult_yge25,ec2_isic4_f43,2012,42.5
slv,age_ythadult_yge25,ec2_isic4_f43,2013,42.08
slv,age_ythadult_yge25,ec2_isic4_f43,2014,46.66
slv,age_ythadult_yge25,ec2_isic4_f43,2015,41.36
slv,age_ythadult_yge25,ec2_isic4_f43,2016,45.94
slv,age_ythadult_yge25,ec2_isic4_f43,2017,45.45
slv,age_ythadult_yge25,ec2_isic4_f43,2018,42.1
slv,age_ythadult_yge25,ec2_isic4_f43,2019,45.11
slv,age_ythadult_yge25,ec2_isic4_f43,2020,43
slv,age_ythadult_yge25,ec2_isic4_f43,2021,45.54
slv,age_ythadult_yge25,ec2_isic4_f43,2022,46.08
slv,age_ythadult_yge25,ec2_isic4_f43,2023,44.63
slv,age_ythadult_yge25,ec2_isic4_f43,2024,44.59
slv,age_ythadult_yge25,ec2_isic4_g45,2010,46.38
slv,age_ythadult_yge25,ec2_isic4_g45,2011,48.81
slv,age_ythadult_yge25,ec2_isic4_g45,2012,46.74
slv,age_ythadult_yge25,ec2_isic4_g45,2013,47.55
slv,age_ythadult_yge25,ec2_isic4_g45,2014,48.38
slv,age_ythadult_yge25,ec2_isic4_g45,2015,47.07
slv,age_ythadult_yge25,ec2_isic4_g45,2016,47.52
slv,age_ythadult_yge25,ec2_isic4_g45,2017,49.52
slv,age_ythadult_yge25,ec2_isic4_g45,2018,48.79
slv,age_ythadult_yge25,ec2_isic4_g45,2019,48.41
slv,age_ythadult_yge25,ec2_isic4_g45,2020,47.88
slv,age_ythadult_yge25,ec2_isic4_g45,2021,48.81
slv,age_ythadult_yge25,ec2_isic4_g45,2022,47.61
slv,age_ythadult_yge25,ec2_isic4_g45,2023,46.9
slv,age_ythadult_yge25,ec2_isic4_g45,2024,48.35
slv,age_ythadult_yge25,ec2_isic4_g46,2010,48.11
slv,age_ythadult_yge25,ec2_isic4_g46,2011,45.83
slv,age_ythadult_yge25,ec2_isic4_g46,2012,46.8
slv,age_ythadult_yge25,ec2_isic4_g46,2013,47.07
slv,age_ythadult_yge25,ec2_isic4_g46,2014,48.01
slv,age_ythadult_yge25,ec2_isic4_g46,2015,47.52
slv,age_ythadult_yge25,ec2_isic4_g46,2016,48.13
slv,age_ythadult_yge25,ec2_isic4_g46,2017,46.98
slv,age_ythadult_yge25,ec2_isic4_g46,2018,45.37
slv,age_ythadult_yge25,ec2_isic4_g46,2019,47.84
slv,age_ythadult_yge25,ec2_isic4_g46,2020,48.8
slv,age_ythadult_yge25,ec2_isic4_g46,2021,45.77
slv,age_ythadult_yge25,ec2_isic4_g46,2022,45.98
slv,age_ythadult_yge25,ec2_isic4_g46,2023,47.39
slv,age_ythadult_yge25,ec2_isic4_g46,2024,46.5
slv,age_ythadult_yge25,ec2_isic4_g47,2010,47.98
slv,age_ythadult_yge25,ec2_isic4_g47,2011,48.6
slv,age_ythadult_yge25,ec2_isic4_g47,2012,46.94
slv,age_ythadult_yge25,ec2_isic4_g47,2013,47.89
slv,age_ythadult_yge25,ec2_isic4_g47,2014,48.2
slv,age_ythadult_yge25,ec2_isic4_g47,2015,48.38
slv,age_ythadult_yge25,ec2_isic4_g47,2016,47.39
slv,age_ythadult_yge25,ec2_isic4_g47,2017,47.89
slv,age_ythadult_yge25,ec2_isic4_g47,2018,47.84
slv,age_ythadult_yge25,ec2_isic4_g47,2019,48.55
slv,age_ythadult_yge25,ec2_isic4_g47,2020,47.51
slv,age_ythadult_yge25,ec2_isic4_g47,2021,48.64
slv,age_ythadult_yge25,ec2_isic4_g47,2022,47.07
slv,age_ythadult_yge25,ec2_isic4_g47,2023,48.08
slv,age_ythadult_yge25,ec2_isic4_g47,2024,46.67
slv,age_ythadult_yge25,ec2_isic4_h49,2010,50.46
slv,age_ythadult_yge25,ec2_isic4_h49,2011,49.84
slv,age_ythadult_yge25,ec2_isic4_h49,2012,49.87
slv,age_ythadult_yge25,ec2_isic4_h49,2013,52.01
slv,age_ythadult_yge25,ec2_isic4_h49,2014,52.07
slv,age_ythadult_yge25,ec2_isic4_h49,2015,52
slv,age_ythadult_yge25,ec2_isic4_h49,2016,51.83
slv,age_ythadult_yge25,ec2_isic4_h49,2017,53.77
slv,age_ythadult_yge25,ec2_isic4_h49,2018,52.21
slv,age_ythadult_yge25,ec2_isic4_h49,2019,53.54
slv,age_ythadult_yge25,ec2_isic4_h49,2020,51.84
slv,age_ythadult_yge25,ec2_isic4_h49,2021,50.52
slv,age_ythadult_yge25,ec2_isic4_h49,2022,51.31
slv,age_ythadult_yge25,ec2_isic4_h49,2023,51.09
slv,age_ythadult_yge25,ec2_isic4_h49,2024,51.92
slv,age_ythadult_yge25,ec2_isic4_h50,2010,47.63
slv,age_ythadult_yge25,ec2_isic4_h50,2014,47.77
slv,age_ythadult_yge25,ec2_isic4_h50,2017,54.34
slv,age_ythadult_yge25,ec2_isic4_h50,2018,53.01
slv,age_ythadult_yge25,ec2_isic4_h50,2019,45.73
slv,age_ythadult_yge25,ec2_isic4_h50,2021,44.76
slv,age_ythadult_yge25,ec2_isic4_h50,2023,57.74
slv,age_ythadult_yge25,ec2_isic4_h50,2024,48.71
slv,age_ythadult_yge25,ec2_isic4_h51,2010,50.14
slv,age_ythadult_yge25,ec2_isic4_h51,2011,45.49
slv,age_ythadult_yge25,ec2_isic4_h51,2012,43.91
slv,age_ythadult_yge25,ec2_isic4_h51,2013,41.56
slv,age_ythadult_yge25,ec2_isic4_h51,2014,38.48
slv,age_ythadult_yge25,ec2_isic4_h51,2015,35.31
slv,age_ythadult_yge25,ec2_isic4_h51,2016,41.39
slv,age_ythadult_yge25,ec2_isic4_h51,2017,50.32
slv,age_ythadult_yge25,ec2_isic4_h51,2018,43.39
slv,age_ythadult_yge25,ec2_isic4_h51,2019,43.06
slv,age_ythadult_yge25,ec2_isic4_h51,2020,39.69
slv,age_ythadult_yge25,ec2_isic4_h51,2021,49.95
slv,age_ythadult_yge25,ec2_isic4_h51,2022,44.54
slv,age_ythadult_yge25,ec2_isic4_h51,2023,45.53
slv,age_ythadult_yge25,ec2_isic4_h51,2024,40.44
slv,age_ythadult_yge25,ec2_isic4_h52,2010,47.49
slv,age_ythadult_yge25,ec2_isic4_h52,2011,48.38
slv,age_ythadult_yge25,ec2_isic4_h52,2012,47.34
slv,age_ythadult_yge25,ec2_isic4_h52,2013,44.83
slv,age_ythadult_yge25,ec2_isic4_h52,2014,46.06
slv,age_ythadult_yge25,ec2_isic4_h52,2015,47.35
slv,age_ythadult_yge25,ec2_isic4_h52,2016,51.1
slv,age_ythadult_yge25,ec2_isic4_h52,2017,43.6
slv,age_ythadult_yge25,ec2_isic4_h52,2018,47.07
slv,age_ythadult_yge25,ec2_isic4_h52,2019,48.48
slv,age_ythadult_yge25,ec2_isic4_h52,2020,50.73
slv,age_ythadult_yge25,ec2_isic4_h52,2021,46
slv,age_ythadult_yge25,ec2_isic4_h52,2022,45.52
slv,age_ythadult_yge25,ec2_isic4_h52,2023,43.27
slv,age_ythadult_yge25,ec2_isic4_h52,2024,48.48
slv,age_ythadult_yge25,ec2_isic4_h53,2010,43.1
slv,age_ythadult_yge25,ec2_isic4_h53,2011,45.61
slv,age_ythadult_yge25,ec2_isic4_h53,2012,44.02
slv,age_ythadult_yge25,ec2_isic4_h53,2013,45.82
slv,age_ythadult_yge25,ec2_isic4_h53,2014,43.66
slv,age_ythadult_yge25,ec2_isic4_h53,2015,45.57
slv,age_ythadult_yge25,ec2_isic4_h53,2016,43.72
slv,age_ythadult_yge25,ec2_isic4_h53,2017,44.62
slv,age_ythadult_yge25,ec2_isic4_h53,2018,41.72
slv,age_ythadult_yge25,ec2_isic4_h53,2019,43.42
slv,age_ythadult_yge25,ec2_isic4_h53,2020,42.07
slv,age_ythadult_yge25,ec2_isic4_h53,2021,46.64
slv,age_ythadult_yge25,ec2_isic4_h53,2022,45.35
slv,age_ythadult_yge25,ec2_isic4_h53,2023,41.99
slv,age_ythadult_yge25,ec2_isic4_h53,2024,47.95
slv,age_ythadult_yge25,ec2_isic4_i55,2010,51.85
slv,age_ythadult_yge25,ec2_isic4_i55,2011,48.49
slv,age_ythadult_yge25,ec2_isic4_i55,2012,49.22
slv,age_ythadult_yge25,ec2_isic4_i55,2013,51.47
slv,age_ythadult_yge25,ec2_isic4_i55,2014,49.32
slv,age_ythadult_yge25,ec2_isic4_i55,2015,47.42
slv,age_ythadult_yge25,ec2_isic4_i55,2016,52.75
slv,age_ythadult_yge25,ec2_isic4_i55,2017,47.98
slv,age_ythadult_yge25,ec2_isic4_i55,2018,43.55
slv,age_ythadult_yge25,ec2_isic4_i55,2019,55.24
slv,age_ythadult_yge25,ec2_isic4_i55,2020,52.36
slv,age_ythadult_yge25,ec2_isic4_i55,2021,51.74
slv,age_ythadult_yge25,ec2_isic4_i55,2022,49.4
slv,age_ythadult_yge25,ec2_isic4_i55,2023,48.57
slv,age_ythadult_yge25,ec2_isic4_i55,2024,48.56
slv,age_ythadult_yge25,ec2_isic4_i56,2010,47.46
slv,age_ythadult_yge25,ec2_isic4_i56,2011,49.33
slv,age_ythadult_yge25,ec2_isic4_i56,2012,48.16
slv,age_ythadult_yge25,ec2_isic4_i56,2013,47.27
slv,age_ythadult_yge25,ec2_isic4_i56,2014,47.59
slv,age_ythadult_yge25,ec2_isic4_i56,2015,46.36
slv,age_ythadult_yge25,ec2_isic4_i56,2016,48.66
slv,age_ythadult_yge25,ec2_isic4_i56,2017,47.4
slv,age_ythadult_yge25,ec2_isic4_i56,2018,46.64
slv,age_ythadult_yge25,ec2_isic4_i56,2019,47.15
slv,age_ythadult_yge25,ec2_isic4_i56,2020,47.33
slv,age_ythadult_yge25,ec2_isic4_i56,2021,48.55
slv,age_ythadult_yge25,ec2_isic4_i56,2022,47.56
slv,age_ythadult_yge25,ec2_isic4_i56,2023,47.63
slv,age_ythadult_yge25,ec2_isic4_i56,2024,46.49
slv,age_ythadult_yge25,ec2_isic4_j58,2011,47.38
slv,age_ythadult_yge25,ec2_isic4_j58,2012,45.97
slv,age_ythadult_yge25,ec2_isic4_j58,2013,47.27
slv,age_ythadult_yge25,ec2_isic4_j58,2014,49.9
slv,age_ythadult_yge25,ec2_isic4_j58,2015,52.96
slv,age_ythadult_yge25,ec2_isic4_j58,2016,48.12
slv,age_ythadult_yge25,ec2_isic4_j58,2017,49
slv,age_ythadult_yge25,ec2_isic4_j58,2018,38.71
slv,age_ythadult_yge25,ec2_isic4_j58,2022,37.1
slv,age_ythadult_yge25,ec2_isic4_j58,2023,39.08
slv,age_ythadult_yge25,ec2_isic4_j58,2024,41.31
slv,age_ythadult_yge25,ec2_isic4_j59,2013,41.55
slv,age_ythadult_yge25,ec2_isic4_j60,2010,42.5
slv,age_ythadult_yge25,ec2_isic4_j60,2011,45.96
slv,age_ythadult_yge25,ec2_isic4_j60,2012,40.31
slv,age_ythadult_yge25,ec2_isic4_j60,2013,45.03
slv,age_ythadult_yge25,ec2_isic4_j60,2014,41.21
slv,age_ythadult_yge25,ec2_isic4_j60,2015,41.5
slv,age_ythadult_yge25,ec2_isic4_j60,2016,40.44
slv,age_ythadult_yge25,ec2_isic4_j60,2017,44.72
slv,age_ythadult_yge25,ec2_isic4_j60,2018,44.95
slv,age_ythadult_yge25,ec2_isic4_j60,2019,44.62
slv,age_ythadult_yge25,ec2_isic4_j60,2020,37.31
slv,age_ythadult_yge25,ec2_isic4_j60,2021,44.76
slv,age_ythadult_yge25,ec2_isic4_j60,2022,42.36
slv,age_ythadult_yge25,ec2_isic4_j60,2023,41.28
slv,age_ythadult_yge25,ec2_isic4_j60,2024,46.27
slv,age_ythadult_yge25,ec2_isic4_j61,2010,46.69
slv,age_ythadult_yge25,ec2_isic4_j61,2011,47.57
slv,age_ythadult_yge25,ec2_isic4_j61,2012,47.36
slv,age_ythadult_yge25,ec2_isic4_j61,2013,46.47
slv,age_ythadult_yge25,ec2_isic4_j61,2014,47.58
slv,age_ythadult_yge25,ec2_isic4_j61,2015,48.22
slv,age_ythadult_yge25,ec2_isic4_j61,2016,47.6
slv,age_ythadult_yge25,ec2_isic4_j61,2017,50.22
slv,age_ythadult_yge25,ec2_isic4_j61,2018,43.27
slv,age_ythadult_yge25,ec2_isic4_j61,2019,46.6
slv,age_ythadult_yge25,ec2_isic4_j61,2020,45.65
slv,age_ythadult_yge25,ec2_isic4_j61,2021,46.73
slv,age_ythadult_yge25,ec2_isic4_j61,2022,47.06
slv,age_ythadult_yge25,ec2_isic4_j61,2023,48.4
slv,age_ythadult_yge25,ec2_isic4_j61,2024,45.97
slv,age_ythadult_yge25,ec2_isic4_j62,2011,45.14
slv,age_ythadult_yge25,ec2_isic4_j62,2012,41.05
slv,age_ythadult_yge25,ec2_isic4_j62,2013,47.87
slv,age_ythadult_yge25,ec2_isic4_j62,2014,44.14
slv,age_ythadult_yge25,ec2_isic4_j62,2015,41.96
slv,age_ythadult_yge25,ec2_isic4_j62,2016,42.08
slv,age_ythadult_yge25,ec2_isic4_j62,2017,42.59
slv,age_ythadult_yge25,ec2_isic4_j62,2018,40.79
slv,age_ythadult_yge25,ec2_isic4_j62,2019,47.07
slv,age_ythadult_yge25,ec2_isic4_j62,2020,40.8
slv,age_ythadult_yge25,ec2_isic4_j62,2021,45.92
slv,age_ythadult_yge25,ec2_isic4_j62,2022,44.49
slv,age_ythadult_yge25,ec2_isic4_j62,2023,39.2
slv,age_ythadult_yge25,ec2_isic4_j62,2024,43.39
slv,age_ythadult_yge25,ec2_isic4_j63,2010,38.2
slv,age_ythadult_yge25,ec2_isic4_j63,2011,42.9
slv,age_ythadult_yge25,ec2_isic4_j63,2012,43.72
slv,age_ythadult_yge25,ec2_isic4_j63,2013,45.86
slv,age_ythadult_yge25,ec2_isic4_j63,2014,43.25
slv,age_ythadult_yge25,ec2_isic4_j63,2015,41.17
slv,age_ythadult_yge25,ec2_isic4_j63,2017,39.03
slv,age_ythadult_yge25,ec2_isic4_j63,2018,43.19
slv,age_ythadult_yge25,ec2_isic4_j63,2019,40.39
slv,age_ythadult_yge25,ec2_isic4_j63,2020,43.55
slv,age_ythadult_yge25,ec2_isic4_j63,2021,38.89
slv,age_ythadult_yge25,ec2_isic4_j63,2023,40.51
slv,age_ythadult_yge25,ec2_isic4_j63,2024,44.13
slv,age_ythadult_yge25,ec2_isic4_k64,2010,45.33
slv,age_ythadult_yge25,ec2_isic4_k64,2011,45.01
slv,age_ythadult_yge25,ec2_isic4_k64,2012,45.57
slv,age_ythadult_yge25,ec2_isic4_k64,2013,46.8
slv,age_ythadult_yge25,ec2_isic4_k64,2014,46.41
slv,age_ythadult_yge25,ec2_isic4_k64,2015,46.37
slv,age_ythadult_yge25,ec2_isic4_k64,2016,43.61
slv,age_ythadult_yge25,ec2_isic4_k64,2017,45.82
slv,age_ythadult_yge25,ec2_isic4_k64,2018,44.4
slv,age_ythadult_yge25,ec2_isic4_k64,2019,45.82
slv,age_ythadult_yge25,ec2_isic4_k64,2020,44.41
slv,age_ythadult_yge25,ec2_isic4_k64,2021,44.97
slv,age_ythadult_yge25,ec2_isic4_k64,2022,45.08
slv,age_ythadult_yge25,ec2_isic4_k64,2023,45.83
slv,age_ythadult_yge25,ec2_isic4_k64,2024,44.31
slv,age_ythadult_yge25,ec2_isic4_k65,2010,42.81
slv,age_ythadult_yge25,ec2_isic4_k65,2011,40.95
slv,age_ythadult_yge25,ec2_isic4_k65,2012,44.83
slv,age_ythadult_yge25,ec2_isic4_k65,2013,38.85
slv,age_ythadult_yge25,ec2_isic4_k65,2014,43.22
slv,age_ythadult_yge25,ec2_isic4_k65,2015,39.62
slv,age_ythadult_yge25,ec2_isic4_k65,2016,41.69
slv,age_ythadult_yge25,ec2_isic4_k65,2017,43.98
slv,age_ythadult_yge25,ec2_isic4_k65,2018,40.29
slv,age_ythadult_yge25,ec2_isic4_k65,2019,41.78
slv,age_ythadult_yge25,ec2_isic4_k65,2020,42.68
slv,age_ythadult_yge25,ec2_isic4_k65,2021,42.74
slv,age_ythadult_yge25,ec2_isic4_k65,2022,43.35
slv,age_ythadult_yge25,ec2_isic4_k65,2023,41.96
slv,age_ythadult_yge25,ec2_isic4_k65,2024,42.32
slv,age_ythadult_yge25,ec2_isic4_k66,2015,43.19
slv,age_ythadult_yge25,ec2_isic4_k66,2017,41.88
slv,age_ythadult_yge25,ec2_isic4_k66,2021,49.19
slv,age_ythadult_yge25,ec2_isic4_k66,2023,43.77
slv,age_ythadult_yge25,ec2_isic4_k66,2024,48.3
slv,age_ythadult_yge25,ec2_isic4_l68,2010,44.05
slv,age_ythadult_yge25,ec2_isic4_l68,2011,50.31
slv,age_ythadult_yge25,ec2_isic4_l68,2012,45.55
slv,age_ythadult_yge25,ec2_isic4_l68,2013,45.53
slv,age_ythadult_yge25,ec2_isic4_l68,2014,45.04
slv,age_ythadult_yge25,ec2_isic4_l68,2015,44.61
slv,age_ythadult_yge25,ec2_isic4_l68,2016,47.78
slv,age_ythadult_yge25,ec2_isic4_l68,2017,40.6
slv,age_ythadult_yge25,ec2_isic4_l68,2018,54.95
slv,age_ythadult_yge25,ec2_isic4_l68,2019,48.91
slv,age_ythadult_yge25,ec2_isic4_l68,2020,45.45
slv,age_ythadult_yge25,ec2_isic4_l68,2021,45.42
slv,age_ythadult_yge25,ec2_isic4_l68,2022,45.97
slv,age_ythadult_yge25,ec2_isic4_l68,2023,42.87
slv,age_ythadult_yge25,ec2_isic4_l68,2024,49.52
slv,age_ythadult_yge25,ec2_isic4_m69,2010,41.06
slv,age_ythadult_yge25,ec2_isic4_m69,2011,42.4
slv,age_ythadult_yge25,ec2_isic4_m69,2012,43.19
slv,age_ythadult_yge25,ec2_isic4_m69,2013,44.54
slv,age_ythadult_yge25,ec2_isic4_m69,2014,41.12
slv,age_ythadult_yge25,ec2_isic4_m69,2015,44.89
slv,age_ythadult_yge25,ec2_isic4_m69,2016,42.92
slv,age_ythadult_yge25,ec2_isic4_m69,2017,42.42
slv,age_ythadult_yge25,ec2_isic4_m69,2018,40.67
slv,age_ythadult_yge25,ec2_isic4_m69,2019,43.54
slv,age_ythadult_yge25,ec2_isic4_m69,2020,41.98
slv,age_ythadult_yge25,ec2_isic4_m69,2021,42.38
slv,age_ythadult_yge25,ec2_isic4_m69,2022,42.83
slv,age_ythadult_yge25,ec2_isic4_m69,2023,42.07
slv,age_ythadult_yge25,ec2_isic4_m69,2024,40.71
slv,age_ythadult_yge25,ec2_isic4_m70,2013,44.69
slv,age_ythadult_yge25,ec2_isic4_m70,2014,39.9
slv,age_ythadult_yge25,ec2_isic4_m70,2015,44.93
slv,age_ythadult_yge25,ec2_isic4_m70,2016,49.22
slv,age_ythadult_yge25,ec2_isic4_m70,2017,37.32
slv,age_ythadult_yge25,ec2_isic4_m70,2018,41.31
slv,age_ythadult_yge25,ec2_isic4_m70,2019,43.12
slv,age_ythadult_yge25,ec2_isic4_m70,2023,40.37
slv,age_ythadult_yge25,ec2_isic4_m70,2024,43.34
slv,age_ythadult_yge25,ec2_isic4_m71,2010,42.8
slv,age_ythadult_yge25,ec2_isic4_m71,2011,41.36
slv,age_ythadult_yge25,ec2_isic4_m71,2012,34.83
slv,age_ythadult_yge25,ec2_isic4_m71,2013,46.21
slv,age_ythadult_yge25,ec2_isic4_m71,2014,46.15
slv,age_ythadult_yge25,ec2_isic4_m71,2015,45.6
slv,age_ythadult_yge25,ec2_isic4_m71,2016,48.82
slv,age_ythadult_yge25,ec2_isic4_m71,2017,38.11
slv,age_ythadult_yge25,ec2_isic4_m71,2018,40.86
slv,age_ythadult_yge25,ec2_isic4_m71,2019,42.44
slv,age_ythadult_yge25,ec2_isic4_m71,2021,40.81
slv,age_ythadult_yge25,ec2_isic4_m71,2022,44.02
slv,age_ythadult_yge25,ec2_isic4_m71,2023,48.32
slv,age_ythadult_yge25,ec2_isic4_m71,2024,42.53
slv,age_ythadult_yge25,ec2_isic4_m72,2021,45.73
slv,age_ythadult_yge25,ec2_isic4_m73,2010,43.79
slv,age_ythadult_yge25,ec2_isic4_m73,2011,52.06
slv,age_ythadult_yge25,ec2_isic4_m73,2012,47.54
slv,age_ythadult_yge25,ec2_isic4_m73,2013,44.22
slv,age_ythadult_yge25,ec2_isic4_m73,2014,46.32
slv,age_ythadult_yge25,ec2_isic4_m73,2015,47.77
slv,age_ythadult_yge25,ec2_isic4_m73,2016,39.36
slv,age_ythadult_yge25,ec2_isic4_m73,2017,43.2
slv,age_ythadult_yge25,ec2_isic4_m73,2018,39.68
slv,age_ythadult_yge25,ec2_isic4_m73,2019,43.1
slv,age_ythadult_yge25,ec2_isic4_m73,2020,44.83
slv,age_ythadult_yge25,ec2_isic4_m73,2021,46.46
slv,age_ythadult_yge25,ec2_isic4_m73,2022,41.56
slv,age_ythadult_yge25,ec2_isic4_m73,2023,41.91
slv,age_ythadult_yge25,ec2_isic4_m73,2024,47.34
slv,age_ythadult_yge25,ec2_isic4_m74,2010,46.8
slv,age_ythadult_yge25,ec2_isic4_m74,2011,43.99
slv,age_ythadult_yge25,ec2_isic4_m74,2012,47.37
slv,age_ythadult_yge25,ec2_isic4_m74,2013,31.41
slv,age_ythadult_yge25,ec2_isic4_m74,2014,44.93
slv,age_ythadult_yge25,ec2_isic4_m74,2015,41.24
slv,age_ythadult_yge25,ec2_isic4_m74,2016,45.35
slv,age_ythadult_yge25,ec2_isic4_m74,2017,45.51
slv,age_ythadult_yge25,ec2_isic4_m74,2018,52.95
slv,age_ythadult_yge25,ec2_isic4_m74,2019,39.55
slv,age_ythadult_yge25,ec2_isic4_m74,2021,43.4
slv,age_ythadult_yge25,ec2_isic4_m74,2022,44.07
slv,age_ythadult_yge25,ec2_isic4_m74,2023,35.87
slv,age_ythadult_yge25,ec2_isic4_m74,2024,41.51
slv,age_ythadult_yge25,ec2_isic4_m75,2016,41.81
slv,age_ythadult_yge25,ec2_isic4_m75,2019,48.26
slv,age_ythadult_yge25,ec2_isic4_m75,2022,51.86
slv,age_ythadult_yge25,ec2_isic4_m75,2023,46.63
slv,age_ythadult_yge25,ec2_isic4_m75,2024,46.54
slv,age_ythadult_yge25,ec2_isic4_n77,2010,40.63
slv,age_ythadult_yge25,ec2_isic4_n77,2011,47.89
slv,age_ythadult_yge25,ec2_isic4_n77,2012,39.77
slv,age_ythadult_yge25,ec2_isic4_n77,2013,43.43
slv,age_ythadult_yge25,ec2_isic4_n77,2014,46.47
slv,age_ythadult_yge25,ec2_isic4_n77,2015,36.76
slv,age_ythadult_yge25,ec2_isic4_n77,2016,46.58
slv,age_ythadult_yge25,ec2_isic4_n77,2017,47.34
slv,age_ythadult_yge25,ec2_isic4_n77,2018,52.49
slv,age_ythadult_yge25,ec2_isic4_n77,2019,53.46
slv,age_ythadult_yge25,ec2_isic4_n77,2020,44.9
slv,age_ythadult_yge25,ec2_isic4_n77,2021,49.31
slv,age_ythadult_yge25,ec2_isic4_n77,2022,43.54
slv,age_ythadult_yge25,ec2_isic4_n77,2023,47.14
slv,age_ythadult_yge25,ec2_isic4_n77,2024,39.78
slv,age_ythadult_yge25,ec2_isic4_n78,2010,45.9
slv,age_ythadult_yge25,ec2_isic4_n78,2011,51.23
slv,age_ythadult_yge25,ec2_isic4_n78,2012,34.96
slv,age_ythadult_yge25,ec2_isic4_n78,2013,41.93
slv,age_ythadult_yge25,ec2_isic4_n78,2014,50.43
slv,age_ythadult_yge25,ec2_isic4_n78,2015,54.38
slv,age_ythadult_yge25,ec2_isic4_n78,2016,51.12
slv,age_ythadult_yge25,ec2_isic4_n78,2017,45.25
slv,age_ythadult_yge25,ec2_isic4_n78,2018,44.83
slv,age_ythadult_yge25,ec2_isic4_n78,2019,46.97
slv,age_ythadult_yge25,ec2_isic4_n78,2021,43.66
slv,age_ythadult_yge25,ec2_isic4_n78,2022,44.44
slv,age_ythadult_yge25,ec2_isic4_n78,2023,45.71
slv,age_ythadult_yge25,ec2_isic4_n78,2024,44.81
slv,age_ythadult_yge25,ec2_isic4_n79,2010,45.46
slv,age_ythadult_yge25,ec2_isic4_n79,2012,47.4
slv,age_ythadult_yge25,ec2_isic4_n79,2013,43.32
slv,age_ythadult_yge25,ec2_isic4_n79,2014,40.97
slv,age_ythadult_yge25,ec2_isic4_n79,2015,40.26
slv,age_ythadult_yge25,ec2_isic4_n79,2016,31.02
slv,age_ythadult_yge25,ec2_isic4_n79,2017,36.43
slv,age_ythadult_yge25,ec2_isic4_n79,2018,45.12
slv,age_ythadult_yge25,ec2_isic4_n79,2019,46.62
slv,age_ythadult_yge25,ec2_isic4_n79,2021,45.82
slv,age_ythadult_yge25,ec2_isic4_n79,2022,46.15
slv,age_ythadult_yge25,ec2_isic4_n79,2023,45.36
slv,age_ythadult_yge25,ec2_isic4_n79,2024,47.62
slv,age_ythadult_yge25,ec2_isic4_n80,2010,53.66
slv,age_ythadult_yge25,ec2_isic4_n80,2011,53.97
slv,age_ythadult_yge25,ec2_isic4_n80,2012,51.53
slv,age_ythadult_yge25,ec2_isic4_n80,2013,52.12
slv,age_ythadult_yge25,ec2_isic4_n80,2014,52.17
slv,age_ythadult_yge25,ec2_isic4_n80,2015,51.96
slv,age_ythadult_yge25,ec2_isic4_n80,2016,50.83
slv,age_ythadult_yge25,ec2_isic4_n80,2017,53.99
slv,age_ythadult_yge25,ec2_isic4_n80,2018,57.22
slv,age_ythadult_yge25,ec2_isic4_n80,2019,60.94
slv,age_ythadult_yge25,ec2_isic4_n80,2020,60.55
slv,age_ythadult_yge25,ec2_isic4_n80,2021,58.22
slv,age_ythadult_yge25,ec2_isic4_n80,2022,58.32
slv,age_ythadult_yge25,ec2_isic4_n80,2023,57.53
slv,age_ythadult_yge25,ec2_isic4_n80,2024,60.86
slv,age_ythadult_yge25,ec2_isic4_n81,2010,48.78
slv,age_ythadult_yge25,ec2_isic4_n81,2011,48.24
slv,age_ythadult_yge25,ec2_isic4_n81,2012,42.97
slv,age_ythadult_yge25,ec2_isic4_n81,2013,43.9
slv,age_ythadult_yge25,ec2_isic4_n81,2014,47.94
slv,age_ythadult_yge25,ec2_isic4_n81,2015,45.69
slv,age_ythadult_yge25,ec2_isic4_n81,2016,48.16
slv,age_ythadult_yge25,ec2_isic4_n81,2017,45.61
slv,age_ythadult_yge25,ec2_isic4_n81,2018,46.92
slv,age_ythadult_yge25,ec2_isic4_n81,2019,44.89
slv,age_ythadult_yge25,ec2_isic4_n81,2020,44.03
slv,age_ythadult_yge25,ec2_isic4_n81,2021,45.34
slv,age_ythadult_yge25,ec2_isic4_n81,2022,46.18
slv,age_ythadult_yge25,ec2_isic4_n81,2023,45.59
slv,age_ythadult_yge25,ec2_isic4_n81,2024,45.99
slv,age_ythadult_yge25,ec2_isic4_n82,2010,46.49
slv,age_ythadult_yge25,ec2_isic4_n82,2011,43.05
slv,age_ythadult_yge25,ec2_isic4_n82,2012,47.58
slv,age_ythadult_yge25,ec2_isic4_n82,2013,45.37
slv,age_ythadult_yge25,ec2_isic4_n82,2014,46.14
slv,age_ythadult_yge25,ec2_isic4_n82,2015,45.92
slv,age_ythadult_yge25,ec2_isic4_n82,2016,45.13
slv,age_ythadult_yge25,ec2_isic4_n82,2017,43.98
slv,age_ythadult_yge25,ec2_isic4_n82,2018,43.99
slv,age_ythadult_yge25,ec2_isic4_n82,2019,44.53
slv,age_ythadult_yge25,ec2_isic4_n82,2020,47.37
slv,age_ythadult_yge25,ec2_isic4_n82,2021,45.65
slv,age_ythadult_yge25,ec2_isic4_n82,2022,44.44
slv,age_ythadult_yge25,ec2_isic4_n82,2023,43.74
slv,age_ythadult_yge25,ec2_isic4_n82,2024,44.9
slv,age_ythadult_yge25,ec2_isic4_o84,2010,43.63
slv,age_ythadult_yge25,ec2_isic4_o84,2011,44.6
slv,age_ythadult_yge25,ec2_isic4_o84,2012,43.24
slv,age_ythadult_yge25,ec2_isic4_o84,2013,43.48
slv,age_ythadult_yge25,ec2_isic4_o84,2014,43.84
slv,age_ythadult_yge25,ec2_isic4_o84,2015,43.47
slv,age_ythadult_yge25,ec2_isic4_o84,2016,43.94
slv,age_ythadult_yge25,ec2_isic4_o84,2017,44.26
slv,age_ythadult_yge25,ec2_isic4_o84,2018,45.15
slv,age_ythadult_yge25,ec2_isic4_o84,2019,44.14
slv,age_ythadult_yge25,ec2_isic4_o84,2020,44.19
slv,age_ythadult_yge25,ec2_isic4_o84,2021,45.7
slv,age_ythadult_yge25,ec2_isic4_o84,2022,46.11
slv,age_ythadult_yge25,ec2_isic4_o84,2023,46.66
slv,age_ythadult_yge25,ec2_isic4_o84,2024,46.8
slv,age_ythadult_yge25,ec2_isic4_p85,2010,36.09
slv,age_ythadult_yge25,ec2_isic4_p85,2011,35.24
slv,age_ythadult_yge25,ec2_isic4_p85,2012,35.39
slv,age_ythadult_yge25,ec2_isic4_p85,2013,36.28
slv,age_ythadult_yge25,ec2_isic4_p85,2014,36.02
slv,age_ythadult_yge25,ec2_isic4_p85,2015,36.55
slv,age_ythadult_yge25,ec2_isic4_p85,2016,35.41
slv,age_ythadult_yge25,ec2_isic4_p85,2017,35.9
slv,age_ythadult_yge25,ec2_isic4_p85,2018,36.15
slv,age_ythadult_yge25,ec2_isic4_p85,2019,35.7
slv,age_ythadult_yge25,ec2_isic4_p85,2020,37.39
slv,age_ythadult_yge25,ec2_isic4_p85,2021,35.77
slv,age_ythadult_yge25,ec2_isic4_p85,2022,36.8
slv,age_ythadult_yge25,ec2_isic4_p85,2023,35.85
slv,age_ythadult_yge25,ec2_isic4_p85,2024,35.48
slv,age_ythadult_yge25,ec2_isic4_q86,2010,42.68
slv,age_ythadult_yge25,ec2_isic4_q86,2011,42.18
slv,age_ythadult_yge25,ec2_isic4_q86,2012,40.91
slv,age_ythadult_yge25,ec2_isic4_q86,2013,41.38
slv,age_ythadult_yge25,ec2_isic4_q86,2014,42.82
slv,age_ythadult_yge25,ec2_isic4_q86,2015,42.19
slv,age_ythadult_yge25,ec2_isic4_q86,2016,42.28
slv,age_ythadult_yge25,ec2_isic4_q86,2017,41.83
slv,age_ythadult_yge25,ec2_isic4_q86,2018,41.91
slv,age_ythadult_yge25,ec2_isic4_q86,2019,42.86
slv,age_ythadult_yge25,ec2_isic4_q86,2020,44.08
slv,age_ythadult_yge25,ec2_isic4_q86,2021,46.23
slv,age_ythadult_yge25,ec2_isic4_q86,2022,44.49
slv,age_ythadult_yge25,ec2_isic4_q86,2023,43.22
slv,age_ythadult_yge25,ec2_isic4_q86,2024,43.73
slv,age_ythadult_yge25,ec2_isic4_q87,2010,39.68
slv,age_ythadult_yge25,ec2_isic4_q87,2011,37.79
slv,age_ythadult_yge25,ec2_isic4_q87,2012,39.62
slv,age_ythadult_yge25,ec2_isic4_q87,2013,43.63
slv,age_ythadult_yge25,ec2_isic4_q87,2014,42.19
slv,age_ythadult_yge25,ec2_isic4_q87,2015,44.65
slv,age_ythadult_yge25,ec2_isic4_q87,2016,42.58
slv,age_ythadult_yge25,ec2_isic4_q87,2017,44.64
slv,age_ythadult_yge25,ec2_isic4_q87,2018,37.77
slv,age_ythadult_yge25,ec2_isic4_q87,2019,34.93
slv,age_ythadult_yge25,ec2_isic4_q87,2020,41.76
slv,age_ythadult_yge25,ec2_isic4_q87,2021,40.77
slv,age_ythadult_yge25,ec2_isic4_q87,2022,45.85
slv,age_ythadult_yge25,ec2_isic4_q87,2023,40.47
slv,age_ythadult_yge25,ec2_isic4_q87,2024,37.28
slv,age_ythadult_yge25,ec2_isic4_q88,2010,42.03
slv,age_ythadult_yge25,ec2_isic4_q88,2011,41.03
slv,age_ythadult_yge25,ec2_isic4_q88,2012,39.33
slv,age_ythadult_yge25,ec2_isic4_q88,2013,41.44
slv,age_ythadult_yge25,ec2_isic4_q88,2014,39.54
slv,age_ythadult_yge25,ec2_isic4_q88,2015,41.7
slv,age_ythadult_yge25,ec2_isic4_q88,2016,44.44
slv,age_ythadult_yge25,ec2_isic4_q88,2017,41.02
slv,age_ythadult_yge25,ec2_isic4_q88,2018,41.52
slv,age_ythadult_yge25,ec2_isic4_q88,2019,38.85
slv,age_ythadult_yge25,ec2_isic4_q88,2020,44.36
slv,age_ythadult_yge25,ec2_isic4_q88,2021,38.79
slv,age_ythadult_yge25,ec2_isic4_q88,2022,41.94
slv,age_ythadult_yge25,ec2_isic4_q88,2023,38.17
slv,age_ythadult_yge25,ec2_isic4_q88,2024,35.93
slv,age_ythadult_yge25,ec2_isic4_r90,2010,27.53
slv,age_ythadult_yge25,ec2_isic4_r90,2011,30.93
slv,age_ythadult_yge25,ec2_isic4_r90,2012,24.16
slv,age_ythadult_yge25,ec2_isic4_r90,2013,26.79
slv,age_ythadult_yge25,ec2_isic4_r90,2014,30.4
slv,age_ythadult_yge25,ec2_isic4_r90,2015,37.63
slv,age_ythadult_yge25,ec2_isic4_r90,2016,29.03
slv,age_ythadult_yge25,ec2_isic4_r90,2017,27.86
slv,age_ythadult_yge25,ec2_isic4_r90,2018,50.3
slv,age_ythadult_yge25,ec2_isic4_r90,2019,38.07
slv,age_ythadult_yge25,ec2_isic4_r90,2020,48.18
slv,age_ythadult_yge25,ec2_isic4_r90,2021,42.18
slv,age_ythadult_yge25,ec2_isic4_r90,2022,39.12
slv,age_ythadult_yge25,ec2_isic4_r90,2023,42.52
slv,age_ythadult_yge25,ec2_isic4_r90,2024,19.04
slv,age_ythadult_yge25,ec2_isic4_r91,2014,45.11
slv,age_ythadult_yge25,ec2_isic4_r91,2015,42.69
slv,age_ythadult_yge25,ec2_isic4_r91,2021,47.58
slv,age_ythadult_yge25,ec2_isic4_r91,2023,40.31
slv,age_ythadult_yge25,ec2_isic4_r91,2024,47.11
slv,age_ythadult_yge25,ec2_isic4_r92,2010,49.51
slv,age_ythadult_yge25,ec2_isic4_r92,2011,47.06
slv,age_ythadult_yge25,ec2_isic4_r92,2012,47.62
slv,age_ythadult_yge25,ec2_isic4_r92,2013,51.68
slv,age_ythadult_yge25,ec2_isic4_r92,2014,52
slv,age_ythadult_yge25,ec2_isic4_r92,2015,48.12
slv,age_ythadult_yge25,ec2_isic4_r92,2016,50.32
slv,age_ythadult_yge25,ec2_isic4_r92,2017,46.26
slv,age_ythadult_yge25,ec2_isic4_r92,2018,51.26
slv,age_ythadult_yge25,ec2_isic4_r92,2019,47.3
slv,age_ythadult_yge25,ec2_isic4_r92,2021,46.76
slv,age_ythadult_yge25,ec2_isic4_r92,2022,43.84
slv,age_ythadult_yge25,ec2_isic4_r92,2023,50.37
slv,age_ythadult_yge25,ec2_isic4_r92,2024,39.06
slv,age_ythadult_yge25,ec2_isic4_r93,2010,37.68
slv,age_ythadult_yge25,ec2_isic4_r93,2011,37.17
slv,age_ythadult_yge25,ec2_isic4_r93,2012,43.23
slv,age_ythadult_yge25,ec2_isic4_r93,2013,45.06
slv,age_ythadult_yge25,ec2_isic4_r93,2014,42.05
slv,age_ythadult_yge25,ec2_isic4_r93,2015,48.26
slv,age_ythadult_yge25,ec2_isic4_r93,2016,40.51
slv,age_ythadult_yge25,ec2_isic4_r93,2017,40.38
slv,age_ythadult_yge25,ec2_isic4_r93,2018,40.01
slv,age_ythadult_yge25,ec2_isic4_r93,2019,34.27
slv,age_ythadult_yge25,ec2_isic4_r93,2020,46.1
slv,age_ythadult_yge25,ec2_isic4_r93,2021,40.65
slv,age_ythadult_yge25,ec2_isic4_r93,2022,41.36
slv,age_ythadult_yge25,ec2_isic4_r93,2023,44.01
slv,age_ythadult_yge25,ec2_isic4_r93,2024,39.07
slv,age_ythadult_yge25,ec2_isic4_s94,2010,44.18
slv,age_ythadult_yge25,ec2_isic4_s94,2011,45.98
slv,age_ythadult_yge25,ec2_isic4_s94,2012,42.64
slv,age_ythadult_yge25,ec2_isic4_s94,2013,46.61
slv,age_ythadult_yge25,ec2_isic4_s94,2014,45.15
slv,age_ythadult_yge25,ec2_isic4_s94,2015,44.53
slv,age_ythadult_yge25,ec2_isic4_s94,2016,44.43
slv,age_ythadult_yge25,ec2_isic4_s94,2017,44.13
slv,age_ythadult_yge25,ec2_isic4_s94,2018,42.85
slv,age_ythadult_yge25,ec2_isic4_s94,2019,43.47
slv,age_ythadult_yge25,ec2_isic4_s94,2020,45.16
slv,age_ythadult_yge25,ec2_isic4_s94,2021,45.74
slv,age_ythadult_yge25,ec2_isic4_s94,2022,44.96
slv,age_ythadult_yge25,ec2_isic4_s94,2023,42.19
slv,age_ythadult_yge25,ec2_isic4_s94,2024,44.65
slv,age_ythadult_yge25,ec2_isic4_s95,2010,46.55
slv,age_ythadult_yge25,ec2_isic4_s95,2011,44.36
slv,age_ythadult_yge25,ec2_isic4_s95,2012,46.11
slv,age_ythadult_yge25,ec2_isic4_s95,2013,43.54
slv,age_ythadult_yge25,ec2_isic4_s95,2014,51.22
slv,age_ythadult_yge25,ec2_isic4_s95,2015,41.13
slv,age_ythadult_yge25,ec2_isic4_s95,2016,47.41
slv,age_ythadult_yge25,ec2_isic4_s95,2017,46.93
slv,age_ythadult_yge25,ec2_isic4_s95,2018,40.4
slv,age_ythadult_yge25,ec2_isic4_s95,2019,43.42
slv,age_ythadult_yge25,ec2_isic4_s95,2020,40.82
slv,age_ythadult_yge25,ec2_isic4_s95,2021,45.19
slv,age_ythadult_yge25,ec2_isic4_s95,2022,47.18
slv,age_ythadult_yge25,ec2_isic4_s95,2023,41.77
slv,age_ythadult_yge25,ec2_isic4_s95,2024,40.76
slv,age_ythadult_yge25,ec2_isic4_s96,2010,45.97
slv,age_ythadult_yge25,ec2_isic4_s96,2011,50.46
slv,age_ythadult_yge25,ec2_isic4_s96,2012,47.22
slv,age_ythadult_yge25,ec2_isic4_s96,2013,46.87
slv,age_ythadult_yge25,ec2_isic4_s96,2014,50.8
slv,age_ythadult_yge25,ec2_isic4_s96,2015,50.19
slv,age_ythadult_yge25,ec2_isic4_s96,2016,49.31
slv,age_ythadult_yge25,ec2_isic4_s96,2017,47.84
slv,age_ythadult_yge25,ec2_isic4_s96,2018,43.15
slv,age_ythadult_yge25,ec2_isic4_s96,2019,44.41
slv,age_ythadult_yge25,ec2_isic4_s96,2020,48.02
slv,age_ythadult_yge25,ec2_isic4_s96,2021,43.48
slv,age_ythadult_yge25,ec2_isic4_s96,2022,42.67
slv,age_ythadult_yge25,ec2_isic4_s96,2023,46.58
slv,age_ythadult_yge25,ec2_isic4_s96,2024,38.4
slv,age_ythadult_yge25,ec2_isic4_t97,2010,51.24
slv,age_ythadult_yge25,ec2_isic4_t97,2011,51.47
slv,age_ythadult_yge25,ec2_isic4_t97,2012,49.79
slv,age_ythadult_yge25,ec2_isic4_t97,2013,48.51
slv,age_ythadult_yge25,ec2_isic4_t97,2014,47.83
slv,age_ythadult_yge25,ec2_isic4_t97,2015,46.56
slv,age_ythadult_yge25,ec2_isic4_t97,2016,46.99
slv,age_ythadult_yge25,ec2_isic4_t97,2017,46.77
slv,age_ythadult_yge25,ec2_isic4_t97,2018,46.31
slv,age_ythadult_yge25,ec2_isic4_t97,2019,47.69
slv,age_ythadult_yge25,ec2_isic4_t97,2020,46.64
slv,age_ythadult_yge25,ec2_isic4_t97,2021,46.59
slv,age_ythadult_yge25,ec2_isic4_t97,2022,45.04
slv,age_ythadult_yge25,ec2_isic4_t97,2023,43.22
slv,age_ythadult_yge25,ec2_isic4_t97,2024,41.24
slv,age_ythadult_yge25,ec2_isic4_total,2010,44.62
slv,age_ythadult_yge25,ec2_isic4_total,2011,44.8
slv,age_ythadult_yge25,ec2_isic4_total,2012,44.07
slv,age_ythadult_yge25,ec2_isic4_total,2013,44.64
slv,age_ythadult_yge25,ec2_isic4_total,2014,44.8
slv,age_ythadult_yge25,ec2_isic4_total,2015,44.52
slv,age_ythadult_yge25,ec2_isic4_total,2016,44.54
slv,age_ythadult_yge25,ec2_isic4_total,2017,44.78
slv,age_ythadult_yge25,ec2_isic4_total,2018,44.48
slv,age_ythadult_yge25,ec2_isic4_total,2019,44.87
slv,age_ythadult_yge25,ec2_isic4_total,2020,45.09
slv,age_ythadult_yge25,ec2_isic4_total,2021,45.27
slv,age_ythadult_yge25,ec2_isic4_total,2022,44.94
slv,age_ythadult_yge25,ec2_isic4_total,2023,44.74
slv,age_ythadult_yge25,ec2_isic4_total,2024,44.3
slv,age_ythadult_yge25,ec2_isic4_u99,2010,42.07
slv,age_ythadult_yge25,ec2_isic4_u99,2011,38.06
slv,age_ythadult_yge25,ec2_isic4_u99,2013,45.1
slv,age_ythadult_yge25,ec2_isic4_u99,2014,40.68
slv,age_ythadult_yge25,ec2_isic4_u99,2016,40.32
slv,age_ythadult_yge25,ec2_isic4_u99,2017,35.52
slv,age_ythadult_yge25,ec2_isic4_u99,2018,41.26
slv,age_ythadult_yge25,ec2_isic4_u99,2023,29.71
slv,age_ythadult_yge25,ec2_isic4_u99,2024,42.26
