ref_area,sex,classif1,classif2,time,emp_nifl_sex_eco_mts_rt
zmb,sex_f,eco_aggregate_agr,mts_aggregate_1,2017,99.056
zmb,sex_f,eco_aggregate_agr,mts_aggregate_1,2018,98.433
zmb,sex_f,eco_aggregate_agr,mts_aggregate_1,2019,97.837
zmb,sex_f,eco_aggregate_agr,mts_aggregate_1,2020,98.451
zmb,sex_f,eco_aggregate_agr,mts_aggregate_1,2021,98.023
zmb,sex_f,eco_aggregate_agr,mts_aggregate_1,2022,98.776
zmb,sex_f,eco_aggregate_agr,mts_aggregate_1,2023,98.565
zmb,sex_f,eco_aggregate_agr,mts_aggregate_1,2024,99.043
zmb,sex_f,eco_aggregate_agr,mts_aggregate_2,2017,98.897
zmb,sex_f,eco_aggregate_agr,mts_aggregate_2,2018,98.815
zmb,sex_f,eco_aggregate_agr,mts_aggregate_2,2019,98.461
zmb,sex_f,eco_aggregate_agr,mts_aggregate_2,2020,98.578
zmb,sex_f,eco_aggregate_agr,mts_aggregate_2,2021,98.716
zmb,sex_f,eco_aggregate_agr,mts_aggregate_2,2022,99.488
zmb,sex_f,eco_aggregate_agr,mts_aggregate_2,2023,99.238
zmb,sex_f,eco_aggregate_agr,mts_aggregate_2,2024,99.138
zmb,sex_f,eco_aggregate_agr,mts_aggregate_total,2017,98.956
zmb,sex_f,eco_aggregate_agr,mts_aggregate_total,2018,98.667
zmb,sex_f,eco_aggregate_agr,mts_aggregate_total,2019,98.214
zmb,sex_f,eco_aggregate_agr,mts_aggregate_total,2020,98.53
zmb,sex_f,eco_aggregate_agr,mts_aggregate_total,2021,98.457
zmb,sex_f,eco_aggregate_agr,mts_aggregate_total,2022,99.216
zmb,sex_f,eco_aggregate_agr,mts_aggregate_total,2023,98.986
zmb,sex_f,eco_aggregate_agr,mts_aggregate_total,2024,99.102
zmb,sex_f,eco_aggregate_agr,mts_details_mrd,2017,98.941
zmb,sex_f,eco_aggregate_agr,mts_details_mrd,2018,98.812
zmb,sex_f,eco_aggregate_agr,mts_details_mrd,2019,98.459
zmb,sex_f,eco_aggregate_agr,mts_details_mrd,2020,98.577
zmb,sex_f,eco_aggregate_agr,mts_details_mrd,2021,98.713
zmb,sex_f,eco_aggregate_agr,mts_details_mrd,2022,99.537
zmb,sex_f,eco_aggregate_agr,mts_details_mrd,2023,99.237
zmb,sex_f,eco_aggregate_agr,mts_details_mrd,2024,99.137
zmb,sex_f,eco_aggregate_agr,mts_details_sep,2017,99.052
zmb,sex_f,eco_aggregate_agr,mts_details_sep,2018,97.423
zmb,sex_f,eco_aggregate_agr,mts_details_sep,2019,97.127
zmb,sex_f,eco_aggregate_agr,mts_details_sep,2020,97.384
zmb,sex_f,eco_aggregate_agr,mts_details_sep,2021,98.294
zmb,sex_f,eco_aggregate_agr,mts_details_sep,2022,98.664
zmb,sex_f,eco_aggregate_agr,mts_details_sep,2023,97.696
zmb,sex_f,eco_aggregate_agr,mts_details_sep,2024,98.38
zmb,sex_f,eco_aggregate_agr,mts_details_sgle,2017,98.92
zmb,sex_f,eco_aggregate_agr,mts_details_sgle,2018,99.083
zmb,sex_f,eco_aggregate_agr,mts_details_sgle,2019,97.623
zmb,sex_f,eco_aggregate_agr,mts_details_sgle,2020,98.645
zmb,sex_f,eco_aggregate_agr,mts_details_sgle,2021,98.254
zmb,sex_f,eco_aggregate_agr,mts_details_sgle,2022,98.515
zmb,sex_f,eco_aggregate_agr,mts_details_sgle,2023,98.869
zmb,sex_f,eco_aggregate_agr,mts_details_sgle,2024,99.408
zmb,sex_f,eco_aggregate_agr,mts_details_total,2017,98.956
zmb,sex_f,eco_aggregate_agr,mts_details_total,2018,98.667
zmb,sex_f,eco_aggregate_agr,mts_details_total,2019,98.214
zmb,sex_f,eco_aggregate_agr,mts_details_total,2020,98.53
zmb,sex_f,eco_aggregate_agr,mts_details_total,2021,98.457
zmb,sex_f,eco_aggregate_agr,mts_details_total,2022,99.216
zmb,sex_f,eco_aggregate_agr,mts_details_total,2023,98.986
zmb,sex_f,eco_aggregate_agr,mts_details_total,2024,99.102
zmb,sex_f,eco_aggregate_agr,mts_details_union,2017,79.098
zmb,sex_f,eco_aggregate_agr,mts_details_union,2018,100
zmb,sex_f,eco_aggregate_agr,mts_details_union,2021,100
zmb,sex_f,eco_aggregate_agr,mts_details_union,2022,70.369
zmb,sex_f,eco_aggregate_agr,mts_details_wid,2017,99.244
zmb,sex_f,eco_aggregate_agr,mts_details_wid,2018,98.538
zmb,sex_f,eco_aggregate_agr,mts_details_wid,2019,99.123
zmb,sex_f,eco_aggregate_agr,mts_details_wid,2020,99.141
zmb,sex_f,eco_aggregate_agr,mts_details_wid,2021,97.412
zmb,sex_f,eco_aggregate_agr,mts_details_wid,2022,99.244
zmb,sex_f,eco_aggregate_agr,mts_details_wid,2023,99.021
zmb,sex_f,eco_aggregate_agr,mts_details_wid,2024,99.236
zmb,sex_f,eco_aggregate_con,mts_aggregate_1,2017,62.126
zmb,sex_f,eco_aggregate_con,mts_aggregate_1,2020,64.971
zmb,sex_f,eco_aggregate_con,mts_aggregate_1,2021,47.087
zmb,sex_f,eco_aggregate_con,mts_aggregate_total,2017,54.35
zmb,sex_f,eco_aggregate_con,mts_aggregate_total,2020,36.661
zmb,sex_f,eco_aggregate_con,mts_aggregate_total,2021,47.343
zmb,sex_f,eco_aggregate_con,mts_aggregate_total,2023,84.536
zmb,sex_f,eco_aggregate_con,mts_aggregate_total,2024,54.062
zmb,sex_f,eco_aggregate_con,mts_details_sgle,2020,64.971
zmb,sex_f,eco_aggregate_con,mts_details_total,2017,54.35
zmb,sex_f,eco_aggregate_con,mts_details_total,2020,36.661
zmb,sex_f,eco_aggregate_con,mts_details_total,2021,47.343
zmb,sex_f,eco_aggregate_con,mts_details_total,2023,84.536
zmb,sex_f,eco_aggregate_con,mts_details_total,2024,54.062
zmb,sex_f,eco_aggregate_man,mts_aggregate_1,2017,80.768
zmb,sex_f,eco_aggregate_man,mts_aggregate_1,2018,84.258
zmb,sex_f,eco_aggregate_man,mts_aggregate_1,2019,70.897
zmb,sex_f,eco_aggregate_man,mts_aggregate_1,2020,82.007
zmb,sex_f,eco_aggregate_man,mts_aggregate_1,2021,80.485
zmb,sex_f,eco_aggregate_man,mts_aggregate_1,2022,76.74
zmb,sex_f,eco_aggregate_man,mts_aggregate_1,2023,75.713
zmb,sex_f,eco_aggregate_man,mts_aggregate_1,2024,78.653
zmb,sex_f,eco_aggregate_man,mts_aggregate_2,2017,89.482
zmb,sex_f,eco_aggregate_man,mts_aggregate_2,2018,78.221
zmb,sex_f,eco_aggregate_man,mts_aggregate_2,2019,87.503
zmb,sex_f,eco_aggregate_man,mts_aggregate_2,2020,85.691
zmb,sex_f,eco_aggregate_man,mts_aggregate_2,2021,86.57
zmb,sex_f,eco_aggregate_man,mts_aggregate_2,2022,78.874
zmb,sex_f,eco_aggregate_man,mts_aggregate_2,2023,65.708
zmb,sex_f,eco_aggregate_man,mts_aggregate_2,2024,85.213
zmb,sex_f,eco_aggregate_man,mts_aggregate_total,2017,85.058
zmb,sex_f,eco_aggregate_man,mts_aggregate_total,2018,81.77
zmb,sex_f,eco_aggregate_man,mts_aggregate_total,2019,79.203
zmb,sex_f,eco_aggregate_man,mts_aggregate_total,2020,83.746
zmb,sex_f,eco_aggregate_man,mts_aggregate_total,2021,83.694
zmb,sex_f,eco_aggregate_man,mts_aggregate_total,2022,77.707
zmb,sex_f,eco_aggregate_man,mts_aggregate_total,2023,70.769
zmb,sex_f,eco_aggregate_man,mts_aggregate_total,2024,81.929
zmb,sex_f,eco_aggregate_man,mts_details_mrd,2017,89.482
zmb,sex_f,eco_aggregate_man,mts_details_mrd,2018,78.221
zmb,sex_f,eco_aggregate_man,mts_details_mrd,2019,87.503
zmb,sex_f,eco_aggregate_man,mts_details_mrd,2020,85.691
zmb,sex_f,eco_aggregate_man,mts_details_mrd,2021,86.57
zmb,sex_f,eco_aggregate_man,mts_details_mrd,2022,79.872
zmb,sex_f,eco_aggregate_man,mts_details_mrd,2023,65.708
zmb,sex_f,eco_aggregate_man,mts_details_mrd,2024,85.213
zmb,sex_f,eco_aggregate_man,mts_details_sep,2017,90.436
zmb,sex_f,eco_aggregate_man,mts_details_sep,2018,93.538
zmb,sex_f,eco_aggregate_man,mts_details_sep,2019,77.137
zmb,sex_f,eco_aggregate_man,mts_details_sep,2020,88.48
zmb,sex_f,eco_aggregate_man,mts_details_sep,2021,81.602
zmb,sex_f,eco_aggregate_man,mts_details_sep,2022,80.458
zmb,sex_f,eco_aggregate_man,mts_details_sep,2023,69.599
zmb,sex_f,eco_aggregate_man,mts_details_sep,2024,84.6
zmb,sex_f,eco_aggregate_man,mts_details_sgle,2017,62.806
zmb,sex_f,eco_aggregate_man,mts_details_sgle,2018,79.819
zmb,sex_f,eco_aggregate_man,mts_details_sgle,2019,50.876
zmb,sex_f,eco_aggregate_man,mts_details_sgle,2020,73.045
zmb,sex_f,eco_aggregate_man,mts_details_sgle,2021,69.753
zmb,sex_f,eco_aggregate_man,mts_details_sgle,2022,76.294
zmb,sex_f,eco_aggregate_man,mts_details_sgle,2023,73.124
zmb,sex_f,eco_aggregate_man,mts_details_sgle,2024,57.549
zmb,sex_f,eco_aggregate_man,mts_details_total,2017,85.058
zmb,sex_f,eco_aggregate_man,mts_details_total,2018,81.77
zmb,sex_f,eco_aggregate_man,mts_details_total,2019,79.203
zmb,sex_f,eco_aggregate_man,mts_details_total,2020,83.746
zmb,sex_f,eco_aggregate_man,mts_details_total,2021,83.694
zmb,sex_f,eco_aggregate_man,mts_details_total,2022,77.707
zmb,sex_f,eco_aggregate_man,mts_details_total,2023,70.769
zmb,sex_f,eco_aggregate_man,mts_details_total,2024,81.929
zmb,sex_f,eco_aggregate_man,mts_details_wid,2017,86.666
zmb,sex_f,eco_aggregate_man,mts_details_wid,2018,80.319
zmb,sex_f,eco_aggregate_man,mts_details_wid,2019,87.131
zmb,sex_f,eco_aggregate_man,mts_details_wid,2020,81.755
zmb,sex_f,eco_aggregate_man,mts_details_wid,2021,93.143
zmb,sex_f,eco_aggregate_man,mts_details_wid,2022,72.784
zmb,sex_f,eco_aggregate_man,mts_details_wid,2023,88.714
zmb,sex_f,eco_aggregate_man,mts_details_wid,2024,100
zmb,sex_f,eco_aggregate_mel,mts_aggregate_1,2017,43.375
zmb,sex_f,eco_aggregate_mel,mts_aggregate_1,2019,60.95
zmb,sex_f,eco_aggregate_mel,mts_aggregate_1,2022,62.721
zmb,sex_f,eco_aggregate_mel,mts_aggregate_1,2023,69.095
zmb,sex_f,eco_aggregate_mel,mts_aggregate_1,2024,38.014
zmb,sex_f,eco_aggregate_mel,mts_aggregate_2,2018,37.601
zmb,sex_f,eco_aggregate_mel,mts_aggregate_2,2019,45.429
zmb,sex_f,eco_aggregate_mel,mts_aggregate_2,2022,70.951
zmb,sex_f,eco_aggregate_mel,mts_aggregate_2,2023,46.956
zmb,sex_f,eco_aggregate_mel,mts_aggregate_2,2024,47.842
zmb,sex_f,eco_aggregate_mel,mts_aggregate_total,2017,26.276
zmb,sex_f,eco_aggregate_mel,mts_aggregate_total,2018,38.252
zmb,sex_f,eco_aggregate_mel,mts_aggregate_total,2019,53.516
zmb,sex_f,eco_aggregate_mel,mts_aggregate_total,2020,22.978
zmb,sex_f,eco_aggregate_mel,mts_aggregate_total,2021,18.138
zmb,sex_f,eco_aggregate_mel,mts_aggregate_total,2022,66.646
zmb,sex_f,eco_aggregate_mel,mts_aggregate_total,2023,57.056
zmb,sex_f,eco_aggregate_mel,mts_aggregate_total,2024,42.684
zmb,sex_f,eco_aggregate_mel,mts_details_mrd,2018,37.601
zmb,sex_f,eco_aggregate_mel,mts_details_mrd,2019,45.429
zmb,sex_f,eco_aggregate_mel,mts_details_mrd,2022,70.951
zmb,sex_f,eco_aggregate_mel,mts_details_mrd,2023,46.956
zmb,sex_f,eco_aggregate_mel,mts_details_mrd,2024,47.842
zmb,sex_f,eco_aggregate_mel,mts_details_total,2017,26.276
zmb,sex_f,eco_aggregate_mel,mts_details_total,2018,38.252
zmb,sex_f,eco_aggregate_mel,mts_details_total,2019,53.516
zmb,sex_f,eco_aggregate_mel,mts_details_total,2020,22.978
zmb,sex_f,eco_aggregate_mel,mts_details_total,2021,18.138
zmb,sex_f,eco_aggregate_mel,mts_details_total,2022,66.646
zmb,sex_f,eco_aggregate_mel,mts_details_total,2023,57.056
zmb,sex_f,eco_aggregate_mel,mts_details_total,2024,42.684
zmb,sex_f,eco_aggregate_mkt,mts_aggregate_1,2017,83.001
zmb,sex_f,eco_aggregate_mkt,mts_aggregate_1,2018,80.19
zmb,sex_f,eco_aggregate_mkt,mts_aggregate_1,2019,83.169
zmb,sex_f,eco_aggregate_mkt,mts_aggregate_1,2020,81.096
zmb,sex_f,eco_aggregate_mkt,mts_aggregate_1,2021,82.14
zmb,sex_f,eco_aggregate_mkt,mts_aggregate_1,2022,82.31
zmb,sex_f,eco_aggregate_mkt,mts_aggregate_1,2023,78.33
zmb,sex_f,eco_aggregate_mkt,mts_aggregate_1,2024,77.165
zmb,sex_f,eco_aggregate_mkt,mts_aggregate_2,2017,86.152
zmb,sex_f,eco_aggregate_mkt,mts_aggregate_2,2018,84.279
zmb,sex_f,eco_aggregate_mkt,mts_aggregate_2,2019,84.355
zmb,sex_f,eco_aggregate_mkt,mts_aggregate_2,2020,85.118
zmb,sex_f,eco_aggregate_mkt,mts_aggregate_2,2021,81.484
zmb,sex_f,eco_aggregate_mkt,mts_aggregate_2,2022,84.324
zmb,sex_f,eco_aggregate_mkt,mts_aggregate_2,2023,79.322
zmb,sex_f,eco_aggregate_mkt,mts_aggregate_2,2024,84.415
zmb,sex_f,eco_aggregate_mkt,mts_aggregate_total,2017,84.727
zmb,sex_f,eco_aggregate_mkt,mts_aggregate_total,2018,82.114
zmb,sex_f,eco_aggregate_mkt,mts_aggregate_total,2019,83.773
zmb,sex_f,eco_aggregate_mkt,mts_aggregate_total,2020,83.119
zmb,sex_f,eco_aggregate_mkt,mts_aggregate_total,2021,81.821
zmb,sex_f,eco_aggregate_mkt,mts_aggregate_total,2022,83.268
zmb,sex_f,eco_aggregate_mkt,mts_aggregate_total,2023,78.795
zmb,sex_f,eco_aggregate_mkt,mts_aggregate_total,2024,80.568
zmb,sex_f,eco_aggregate_mkt,mts_details_mrd,2017,86.101
zmb,sex_f,eco_aggregate_mkt,mts_details_mrd,2018,84.313
zmb,sex_f,eco_aggregate_mkt,mts_details_mrd,2019,84.635
zmb,sex_f,eco_aggregate_mkt,mts_details_mrd,2020,85.042
zmb,sex_f,eco_aggregate_mkt,mts_details_mrd,2021,81.37
zmb,sex_f,eco_aggregate_mkt,mts_details_mrd,2022,84.485
zmb,sex_f,eco_aggregate_mkt,mts_details_mrd,2023,79.526
zmb,sex_f,eco_aggregate_mkt,mts_details_mrd,2024,84.506
zmb,sex_f,eco_aggregate_mkt,mts_details_sep,2017,88.265
zmb,sex_f,eco_aggregate_mkt,mts_details_sep,2018,84.12
zmb,sex_f,eco_aggregate_mkt,mts_details_sep,2019,86.446
zmb,sex_f,eco_aggregate_mkt,mts_details_sep,2020,85.812
zmb,sex_f,eco_aggregate_mkt,mts_details_sep,2021,82.693
zmb,sex_f,eco_aggregate_mkt,mts_details_sep,2022,83.089
zmb,sex_f,eco_aggregate_mkt,mts_details_sep,2023,79.482
zmb,sex_f,eco_aggregate_mkt,mts_details_sep,2024,82.609
zmb,sex_f,eco_aggregate_mkt,mts_details_sgle,2017,74.276
zmb,sex_f,eco_aggregate_mkt,mts_details_sgle,2018,73.187
zmb,sex_f,eco_aggregate_mkt,mts_details_sgle,2019,76.477
zmb,sex_f,eco_aggregate_mkt,mts_details_sgle,2020,73.81
zmb,sex_f,eco_aggregate_mkt,mts_details_sgle,2021,75.843
zmb,sex_f,eco_aggregate_mkt,mts_details_sgle,2022,79.183
zmb,sex_f,eco_aggregate_mkt,mts_details_sgle,2023,74.032
zmb,sex_f,eco_aggregate_mkt,mts_details_sgle,2024,67.268
zmb,sex_f,eco_aggregate_mkt,mts_details_total,2017,84.727
zmb,sex_f,eco_aggregate_mkt,mts_details_total,2018,82.114
zmb,sex_f,eco_aggregate_mkt,mts_details_total,2019,83.773
zmb,sex_f,eco_aggregate_mkt,mts_details_total,2020,83.119
zmb,sex_f,eco_aggregate_mkt,mts_details_total,2021,81.821
zmb,sex_f,eco_aggregate_mkt,mts_details_total,2022,83.268
zmb,sex_f,eco_aggregate_mkt,mts_details_total,2023,78.795
zmb,sex_f,eco_aggregate_mkt,mts_details_total,2024,80.568
zmb,sex_f,eco_aggregate_mkt,mts_details_union,2021,100
zmb,sex_f,eco_aggregate_mkt,mts_details_wid,2017,86.26
zmb,sex_f,eco_aggregate_mkt,mts_details_wid,2018,81.755
zmb,sex_f,eco_aggregate_mkt,mts_details_wid,2019,85.548
zmb,sex_f,eco_aggregate_mkt,mts_details_wid,2020,85.673
zmb,sex_f,eco_aggregate_mkt,mts_details_wid,2021,88.453
zmb,sex_f,eco_aggregate_mkt,mts_details_wid,2022,85.053
zmb,sex_f,eco_aggregate_mkt,mts_details_wid,2023,83.766
zmb,sex_f,eco_aggregate_mkt,mts_details_wid,2024,84.658
zmb,sex_f,eco_aggregate_pub,mts_aggregate_1,2017,63.875
zmb,sex_f,eco_aggregate_pub,mts_aggregate_1,2018,61.282
zmb,sex_f,eco_aggregate_pub,mts_aggregate_1,2019,65.848
zmb,sex_f,eco_aggregate_pub,mts_aggregate_1,2020,55.826
zmb,sex_f,eco_aggregate_pub,mts_aggregate_1,2021,68.31
zmb,sex_f,eco_aggregate_pub,mts_aggregate_1,2022,63.234
zmb,sex_f,eco_aggregate_pub,mts_aggregate_1,2023,61.122
zmb,sex_f,eco_aggregate_pub,mts_aggregate_1,2024,51.978
zmb,sex_f,eco_aggregate_pub,mts_aggregate_2,2017,48.58
zmb,sex_f,eco_aggregate_pub,mts_aggregate_2,2018,47.173
zmb,sex_f,eco_aggregate_pub,mts_aggregate_2,2019,48.884
zmb,sex_f,eco_aggregate_pub,mts_aggregate_2,2020,45.015
zmb,sex_f,eco_aggregate_pub,mts_aggregate_2,2021,47.534
zmb,sex_f,eco_aggregate_pub,mts_aggregate_2,2022,51.266
zmb,sex_f,eco_aggregate_pub,mts_aggregate_2,2023,44.148
zmb,sex_f,eco_aggregate_pub,mts_aggregate_2,2024,40.054
zmb,sex_f,eco_aggregate_pub,mts_aggregate_total,2017,56.002
zmb,sex_f,eco_aggregate_pub,mts_aggregate_total,2018,54.049
zmb,sex_f,eco_aggregate_pub,mts_aggregate_total,2019,57.569
zmb,sex_f,eco_aggregate_pub,mts_aggregate_total,2020,50.448
zmb,sex_f,eco_aggregate_pub,mts_aggregate_total,2021,58.881
zmb,sex_f,eco_aggregate_pub,mts_aggregate_total,2022,57.569
zmb,sex_f,eco_aggregate_pub,mts_aggregate_total,2023,52.383
zmb,sex_f,eco_aggregate_pub,mts_aggregate_total,2024,46.628
zmb,sex_f,eco_aggregate_pub,mts_details_mrd,2017,48.722
zmb,sex_f,eco_aggregate_pub,mts_details_mrd,2018,47.025
zmb,sex_f,eco_aggregate_pub,mts_details_mrd,2019,48.884
zmb,sex_f,eco_aggregate_pub,mts_details_mrd,2020,44.858
zmb,sex_f,eco_aggregate_pub,mts_details_mrd,2021,47.363
zmb,sex_f,eco_aggregate_pub,mts_details_mrd,2022,51.266
zmb,sex_f,eco_aggregate_pub,mts_details_mrd,2023,43.99
zmb,sex_f,eco_aggregate_pub,mts_details_mrd,2024,39.761
zmb,sex_f,eco_aggregate_pub,mts_details_sep,2017,71.676
zmb,sex_f,eco_aggregate_pub,mts_details_sep,2018,72.165
zmb,sex_f,eco_aggregate_pub,mts_details_sep,2019,74.292
zmb,sex_f,eco_aggregate_pub,mts_details_sep,2020,59.033
zmb,sex_f,eco_aggregate_pub,mts_details_sep,2021,71.919
zmb,sex_f,eco_aggregate_pub,mts_details_sep,2022,66.685
zmb,sex_f,eco_aggregate_pub,mts_details_sep,2023,58.955
zmb,sex_f,eco_aggregate_pub,mts_details_sep,2024,52.572
zmb,sex_f,eco_aggregate_pub,mts_details_sgle,2017,59.537
zmb,sex_f,eco_aggregate_pub,mts_details_sgle,2018,55.791
zmb,sex_f,eco_aggregate_pub,mts_details_sgle,2019,63.024
zmb,sex_f,eco_aggregate_pub,mts_details_sgle,2020,56.156
zmb,sex_f,eco_aggregate_pub,mts_details_sgle,2021,64.566
zmb,sex_f,eco_aggregate_pub,mts_details_sgle,2022,59.227
zmb,sex_f,eco_aggregate_pub,mts_details_sgle,2023,57.65
zmb,sex_f,eco_aggregate_pub,mts_details_sgle,2024,50.152
zmb,sex_f,eco_aggregate_pub,mts_details_total,2017,56.002
zmb,sex_f,eco_aggregate_pub,mts_details_total,2018,54.049
zmb,sex_f,eco_aggregate_pub,mts_details_total,2019,57.569
zmb,sex_f,eco_aggregate_pub,mts_details_total,2020,50.448
zmb,sex_f,eco_aggregate_pub,mts_details_total,2021,58.881
zmb,sex_f,eco_aggregate_pub,mts_details_total,2022,57.569
zmb,sex_f,eco_aggregate_pub,mts_details_total,2023,52.383
zmb,sex_f,eco_aggregate_pub,mts_details_total,2024,46.628
zmb,sex_f,eco_aggregate_pub,mts_details_wid,2017,63.597
zmb,sex_f,eco_aggregate_pub,mts_details_wid,2018,60.433
zmb,sex_f,eco_aggregate_pub,mts_details_wid,2019,60.011
zmb,sex_f,eco_aggregate_pub,mts_details_wid,2020,47.423
zmb,sex_f,eco_aggregate_pub,mts_details_wid,2021,69.263
zmb,sex_f,eco_aggregate_pub,mts_details_wid,2022,67.903
zmb,sex_f,eco_aggregate_pub,mts_details_wid,2023,76.661
zmb,sex_f,eco_aggregate_pub,mts_details_wid,2024,56.913
zmb,sex_f,eco_aggregate_total,mts_aggregate_1,2017,89.454
zmb,sex_f,eco_aggregate_total,mts_aggregate_1,2018,88.658
zmb,sex_f,eco_aggregate_total,mts_aggregate_1,2019,88.664
zmb,sex_f,eco_aggregate_total,mts_aggregate_1,2020,87.448
zmb,sex_f,eco_aggregate_total,mts_aggregate_1,2021,88.518
zmb,sex_f,eco_aggregate_total,mts_aggregate_1,2022,87.903
zmb,sex_f,eco_aggregate_total,mts_aggregate_1,2023,86.226
zmb,sex_f,eco_aggregate_total,mts_aggregate_1,2024,84.285
zmb,sex_f,eco_aggregate_total,mts_aggregate_2,2017,90.798
zmb,sex_f,eco_aggregate_total,mts_aggregate_2,2018,90.776
zmb,sex_f,eco_aggregate_total,mts_aggregate_2,2019,90.125
zmb,sex_f,eco_aggregate_total,mts_aggregate_2,2020,90.295
zmb,sex_f,eco_aggregate_total,mts_aggregate_2,2021,90.474
zmb,sex_f,eco_aggregate_total,mts_aggregate_2,2022,90.973
zmb,sex_f,eco_aggregate_total,mts_aggregate_2,2023,87.899
zmb,sex_f,eco_aggregate_total,mts_aggregate_2,2024,89.51
zmb,sex_f,eco_aggregate_total,mts_aggregate_total,2017,90.254
zmb,sex_f,eco_aggregate_total,mts_aggregate_total,2018,89.864
zmb,sex_f,eco_aggregate_total,mts_aggregate_total,2019,89.491
zmb,sex_f,eco_aggregate_total,mts_aggregate_total,2020,89.09
zmb,sex_f,eco_aggregate_total,mts_aggregate_total,2021,89.636
zmb,sex_f,eco_aggregate_total,mts_aggregate_total,2022,89.622
zmb,sex_f,eco_aggregate_total,mts_aggregate_total,2023,87.178
zmb,sex_f,eco_aggregate_total,mts_aggregate_total,2024,87.227
zmb,sex_f,eco_aggregate_total,mts_details_mrd,2017,90.837
zmb,sex_f,eco_aggregate_total,mts_details_mrd,2018,90.77
zmb,sex_f,eco_aggregate_total,mts_details_mrd,2019,90.178
zmb,sex_f,eco_aggregate_total,mts_details_mrd,2020,90.279
zmb,sex_f,eco_aggregate_total,mts_details_mrd,2021,90.469
zmb,sex_f,eco_aggregate_total,mts_details_mrd,2022,91.071
zmb,sex_f,eco_aggregate_total,mts_details_mrd,2023,87.958
zmb,sex_f,eco_aggregate_total,mts_details_mrd,2024,89.561
zmb,sex_f,eco_aggregate_total,mts_details_sep,2017,92.167
zmb,sex_f,eco_aggregate_total,mts_details_sep,2018,90.215
zmb,sex_f,eco_aggregate_total,mts_details_sep,2019,90.281
zmb,sex_f,eco_aggregate_total,mts_details_sep,2020,87.064
zmb,sex_f,eco_aggregate_total,mts_details_sep,2021,88.279
zmb,sex_f,eco_aggregate_total,mts_details_sep,2022,87.564
zmb,sex_f,eco_aggregate_total,mts_details_sep,2023,84.91
zmb,sex_f,eco_aggregate_total,mts_details_sep,2024,85.006
zmb,sex_f,eco_aggregate_total,mts_details_sgle,2017,85.149
zmb,sex_f,eco_aggregate_total,mts_details_sgle,2018,85.785
zmb,sex_f,eco_aggregate_total,mts_details_sgle,2019,86.63
zmb,sex_f,eco_aggregate_total,mts_details_sgle,2020,86.104
zmb,sex_f,eco_aggregate_total,mts_details_sgle,2021,86.656
zmb,sex_f,eco_aggregate_total,mts_details_sgle,2022,85.859
zmb,sex_f,eco_aggregate_total,mts_details_sgle,2023,83.734
zmb,sex_f,eco_aggregate_total,mts_details_sgle,2024,80.185
zmb,sex_f,eco_aggregate_total,mts_details_total,2017,90.254
zmb,sex_f,eco_aggregate_total,mts_details_total,2018,89.864
zmb,sex_f,eco_aggregate_total,mts_details_total,2019,89.491
zmb,sex_f,eco_aggregate_total,mts_details_total,2020,89.09
zmb,sex_f,eco_aggregate_total,mts_details_total,2021,89.636
zmb,sex_f,eco_aggregate_total,mts_details_total,2022,89.622
zmb,sex_f,eco_aggregate_total,mts_details_total,2023,87.178
zmb,sex_f,eco_aggregate_total,mts_details_total,2024,87.227
zmb,sex_f,eco_aggregate_total,mts_details_union,2017,75.103
zmb,sex_f,eco_aggregate_total,mts_details_union,2018,92.835
zmb,sex_f,eco_aggregate_total,mts_details_union,2020,100
zmb,sex_f,eco_aggregate_total,mts_details_union,2021,91.925
zmb,sex_f,eco_aggregate_total,mts_details_union,2022,56.61
zmb,sex_f,eco_aggregate_total,mts_details_union,2023,60.459
zmb,sex_f,eco_aggregate_total,mts_details_union,2024,69.313
zmb,sex_f,eco_aggregate_total,mts_details_wid,2017,92.648
zmb,sex_f,eco_aggregate_total,mts_details_wid,2018,90.889
zmb,sex_f,eco_aggregate_total,mts_details_wid,2019,89.675
zmb,sex_f,eco_aggregate_total,mts_details_wid,2020,90.396
zmb,sex_f,eco_aggregate_total,mts_details_wid,2021,91.401
zmb,sex_f,eco_aggregate_total,mts_details_wid,2022,91.396
zmb,sex_f,eco_aggregate_total,mts_details_wid,2023,92.195
zmb,sex_f,eco_aggregate_total,mts_details_wid,2024,90.636
zmb,sex_f,eco_sector_agr,mts_aggregate_1,2017,99.056
zmb,sex_f,eco_sector_agr,mts_aggregate_1,2018,98.433
zmb,sex_f,eco_sector_agr,mts_aggregate_1,2019,97.837
zmb,sex_f,eco_sector_agr,mts_aggregate_1,2020,98.451
zmb,sex_f,eco_sector_agr,mts_aggregate_1,2021,98.023
zmb,sex_f,eco_sector_agr,mts_aggregate_1,2022,98.776
zmb,sex_f,eco_sector_agr,mts_aggregate_1,2023,98.565
zmb,sex_f,eco_sector_agr,mts_aggregate_1,2024,99.043
zmb,sex_f,eco_sector_agr,mts_aggregate_2,2017,98.897
zmb,sex_f,eco_sector_agr,mts_aggregate_2,2018,98.815
zmb,sex_f,eco_sector_agr,mts_aggregate_2,2019,98.461
zmb,sex_f,eco_sector_agr,mts_aggregate_2,2020,98.578
zmb,sex_f,eco_sector_agr,mts_aggregate_2,2021,98.716
zmb,sex_f,eco_sector_agr,mts_aggregate_2,2022,99.488
zmb,sex_f,eco_sector_agr,mts_aggregate_2,2023,99.238
zmb,sex_f,eco_sector_agr,mts_aggregate_2,2024,99.138
zmb,sex_f,eco_sector_agr,mts_aggregate_total,2017,98.956
zmb,sex_f,eco_sector_agr,mts_aggregate_total,2018,98.667
zmb,sex_f,eco_sector_agr,mts_aggregate_total,2019,98.214
zmb,sex_f,eco_sector_agr,mts_aggregate_total,2020,98.53
zmb,sex_f,eco_sector_agr,mts_aggregate_total,2021,98.457
zmb,sex_f,eco_sector_agr,mts_aggregate_total,2022,99.216
zmb,sex_f,eco_sector_agr,mts_aggregate_total,2023,98.986
zmb,sex_f,eco_sector_agr,mts_aggregate_total,2024,99.102
zmb,sex_f,eco_sector_agr,mts_details_mrd,2017,98.941
zmb,sex_f,eco_sector_agr,mts_details_mrd,2018,98.812
zmb,sex_f,eco_sector_agr,mts_details_mrd,2019,98.459
zmb,sex_f,eco_sector_agr,mts_details_mrd,2020,98.577
zmb,sex_f,eco_sector_agr,mts_details_mrd,2021,98.713
zmb,sex_f,eco_sector_agr,mts_details_mrd,2022,99.537
zmb,sex_f,eco_sector_agr,mts_details_mrd,2023,99.237
zmb,sex_f,eco_sector_agr,mts_details_mrd,2024,99.137
zmb,sex_f,eco_sector_agr,mts_details_sep,2017,99.052
zmb,sex_f,eco_sector_agr,mts_details_sep,2018,97.423
zmb,sex_f,eco_sector_agr,mts_details_sep,2019,97.127
zmb,sex_f,eco_sector_agr,mts_details_sep,2020,97.384
zmb,sex_f,eco_sector_agr,mts_details_sep,2021,98.294
zmb,sex_f,eco_sector_agr,mts_details_sep,2022,98.664
zmb,sex_f,eco_sector_agr,mts_details_sep,2023,97.696
zmb,sex_f,eco_sector_agr,mts_details_sep,2024,98.38
zmb,sex_f,eco_sector_agr,mts_details_sgle,2017,98.92
zmb,sex_f,eco_sector_agr,mts_details_sgle,2018,99.083
zmb,sex_f,eco_sector_agr,mts_details_sgle,2019,97.623
zmb,sex_f,eco_sector_agr,mts_details_sgle,2020,98.645
zmb,sex_f,eco_sector_agr,mts_details_sgle,2021,98.254
zmb,sex_f,eco_sector_agr,mts_details_sgle,2022,98.515
zmb,sex_f,eco_sector_agr,mts_details_sgle,2023,98.869
zmb,sex_f,eco_sector_agr,mts_details_sgle,2024,99.408
zmb,sex_f,eco_sector_agr,mts_details_total,2017,98.956
zmb,sex_f,eco_sector_agr,mts_details_total,2018,98.667
zmb,sex_f,eco_sector_agr,mts_details_total,2019,98.214
zmb,sex_f,eco_sector_agr,mts_details_total,2020,98.53
zmb,sex_f,eco_sector_agr,mts_details_total,2021,98.457
zmb,sex_f,eco_sector_agr,mts_details_total,2022,99.216
zmb,sex_f,eco_sector_agr,mts_details_total,2023,98.986
zmb,sex_f,eco_sector_agr,mts_details_total,2024,99.102
zmb,sex_f,eco_sector_agr,mts_details_union,2017,79.098
zmb,sex_f,eco_sector_agr,mts_details_union,2018,100
zmb,sex_f,eco_sector_agr,mts_details_union,2021,100
zmb,sex_f,eco_sector_agr,mts_details_union,2022,70.369
zmb,sex_f,eco_sector_agr,mts_details_wid,2017,99.244
zmb,sex_f,eco_sector_agr,mts_details_wid,2018,98.538
zmb,sex_f,eco_sector_agr,mts_details_wid,2019,99.123
zmb,sex_f,eco_sector_agr,mts_details_wid,2020,99.141
zmb,sex_f,eco_sector_agr,mts_details_wid,2021,97.412
zmb,sex_f,eco_sector_agr,mts_details_wid,2022,99.244
zmb,sex_f,eco_sector_agr,mts_details_wid,2023,99.021
zmb,sex_f,eco_sector_agr,mts_details_wid,2024,99.236
zmb,sex_f,eco_sector_ind,mts_aggregate_1,2017,74.342
zmb,sex_f,eco_sector_ind,mts_aggregate_1,2018,76.969
zmb,sex_f,eco_sector_ind,mts_aggregate_1,2019,68.575
zmb,sex_f,eco_sector_ind,mts_aggregate_1,2020,72.774
zmb,sex_f,eco_sector_ind,mts_aggregate_1,2021,70.987
zmb,sex_f,eco_sector_ind,mts_aggregate_1,2022,74.796
zmb,sex_f,eco_sector_ind,mts_aggregate_1,2023,75.215
zmb,sex_f,eco_sector_ind,mts_aggregate_1,2024,71.969
zmb,sex_f,eco_sector_ind,mts_aggregate_2,2017,76.727
zmb,sex_f,eco_sector_ind,mts_aggregate_2,2018,70.536
zmb,sex_f,eco_sector_ind,mts_aggregate_2,2019,79.444
zmb,sex_f,eco_sector_ind,mts_aggregate_2,2020,74.51
zmb,sex_f,eco_sector_ind,mts_aggregate_2,2021,80.355
zmb,sex_f,eco_sector_ind,mts_aggregate_2,2022,77.421
zmb,sex_f,eco_sector_ind,mts_aggregate_2,2023,62.926
zmb,sex_f,eco_sector_ind,mts_aggregate_2,2024,79.474
zmb,sex_f,eco_sector_ind,mts_aggregate_total,2017,75.465
zmb,sex_f,eco_sector_ind,mts_aggregate_total,2018,74.257
zmb,sex_f,eco_sector_ind,mts_aggregate_total,2019,73.943
zmb,sex_f,eco_sector_ind,mts_aggregate_total,2020,73.599
zmb,sex_f,eco_sector_ind,mts_aggregate_total,2021,75.751
zmb,sex_f,eco_sector_ind,mts_aggregate_total,2022,75.976
zmb,sex_f,eco_sector_ind,mts_aggregate_total,2023,69.177
zmb,sex_f,eco_sector_ind,mts_aggregate_total,2024,75.655
zmb,sex_f,eco_sector_ind,mts_details_mrd,2017,76.727
zmb,sex_f,eco_sector_ind,mts_details_mrd,2018,70.536
zmb,sex_f,eco_sector_ind,mts_details_mrd,2019,79.444
zmb,sex_f,eco_sector_ind,mts_details_mrd,2020,74.51
zmb,sex_f,eco_sector_ind,mts_details_mrd,2021,80.355
zmb,sex_f,eco_sector_ind,mts_details_mrd,2022,78.316
zmb,sex_f,eco_sector_ind,mts_details_mrd,2023,62.926
zmb,sex_f,eco_sector_ind,mts_details_mrd,2024,79.474
zmb,sex_f,eco_sector_ind,mts_details_sep,2017,91.128
zmb,sex_f,eco_sector_ind,mts_details_sep,2018,85.483
zmb,sex_f,eco_sector_ind,mts_details_sep,2019,77.491
zmb,sex_f,eco_sector_ind,mts_details_sep,2020,80.589
zmb,sex_f,eco_sector_ind,mts_details_sep,2021,74.211
zmb,sex_f,eco_sector_ind,mts_details_sep,2022,80.757
zmb,sex_f,eco_sector_ind,mts_details_sep,2023,67.116
zmb,sex_f,eco_sector_ind,mts_details_sep,2024,75.83
zmb,sex_f,eco_sector_ind,mts_details_sgle,2017,55.562
zmb,sex_f,eco_sector_ind,mts_details_sgle,2018,70.183
zmb,sex_f,eco_sector_ind,mts_details_sgle,2019,48.112
zmb,sex_f,eco_sector_ind,mts_details_sgle,2020,63.119
zmb,sex_f,eco_sector_ind,mts_details_sgle,2021,58.479
zmb,sex_f,eco_sector_ind,mts_details_sgle,2022,73.133
zmb,sex_f,eco_sector_ind,mts_details_sgle,2023,72.137
zmb,sex_f,eco_sector_ind,mts_details_sgle,2024,51.902
zmb,sex_f,eco_sector_ind,mts_details_total,2017,75.465
zmb,sex_f,eco_sector_ind,mts_details_total,2018,74.257
zmb,sex_f,eco_sector_ind,mts_details_total,2019,73.943
zmb,sex_f,eco_sector_ind,mts_details_total,2020,73.599
zmb,sex_f,eco_sector_ind,mts_details_total,2021,75.751
zmb,sex_f,eco_sector_ind,mts_details_total,2022,75.976
zmb,sex_f,eco_sector_ind,mts_details_total,2023,69.177
zmb,sex_f,eco_sector_ind,mts_details_total,2024,75.655
zmb,sex_f,eco_sector_ind,mts_details_wid,2017,81.73
zmb,sex_f,eco_sector_ind,mts_details_wid,2018,80.142
zmb,sex_f,eco_sector_ind,mts_details_wid,2019,86.602
zmb,sex_f,eco_sector_ind,mts_details_wid,2020,74.79
zmb,sex_f,eco_sector_ind,mts_details_wid,2021,86.564
zmb,sex_f,eco_sector_ind,mts_details_wid,2022,70.249
zmb,sex_f,eco_sector_ind,mts_details_wid,2023,90.871
zmb,sex_f,eco_sector_ind,mts_details_wid,2024,100
zmb,sex_f,eco_sector_nag,mts_aggregate_1,2017,75.364
zmb,sex_f,eco_sector_nag,mts_aggregate_1,2018,73.978
zmb,sex_f,eco_sector_nag,mts_aggregate_1,2019,76.493
zmb,sex_f,eco_sector_nag,mts_aggregate_1,2020,72.366
zmb,sex_f,eco_sector_nag,mts_aggregate_1,2021,77.029
zmb,sex_f,eco_sector_nag,mts_aggregate_1,2022,76.253
zmb,sex_f,eco_sector_nag,mts_aggregate_1,2023,73.073
zmb,sex_f,eco_sector_nag,mts_aggregate_1,2024,67.237
zmb,sex_f,eco_sector_nag,mts_aggregate_2,2017,72.824
zmb,sex_f,eco_sector_nag,mts_aggregate_2,2018,70.006
zmb,sex_f,eco_sector_nag,mts_aggregate_2,2019,73.318
zmb,sex_f,eco_sector_nag,mts_aggregate_2,2020,71.675
zmb,sex_f,eco_sector_nag,mts_aggregate_2,2021,72.412
zmb,sex_f,eco_sector_nag,mts_aggregate_2,2022,74.452
zmb,sex_f,eco_sector_nag,mts_aggregate_2,2023,66.371
zmb,sex_f,eco_sector_nag,mts_aggregate_2,2024,68.211
zmb,sex_f,eco_sector_nag,mts_aggregate_total,2017,74.018
zmb,sex_f,eco_sector_nag,mts_aggregate_total,2018,72.071
zmb,sex_f,eco_sector_nag,mts_aggregate_total,2019,74.9
zmb,sex_f,eco_sector_nag,mts_aggregate_total,2020,72.022
zmb,sex_f,eco_sector_nag,mts_aggregate_total,2021,74.813
zmb,sex_f,eco_sector_nag,mts_aggregate_total,2022,75.402
zmb,sex_f,eco_sector_nag,mts_aggregate_total,2023,69.825
zmb,sex_f,eco_sector_nag,mts_aggregate_total,2024,67.689
zmb,sex_f,eco_sector_nag,mts_details_mrd,2017,72.837
zmb,sex_f,eco_sector_nag,mts_details_mrd,2018,69.944
zmb,sex_f,eco_sector_nag,mts_details_mrd,2019,73.469
zmb,sex_f,eco_sector_nag,mts_details_mrd,2020,71.563
zmb,sex_f,eco_sector_nag,mts_details_mrd,2021,72.328
zmb,sex_f,eco_sector_nag,mts_details_mrd,2022,74.589
zmb,sex_f,eco_sector_nag,mts_details_mrd,2023,66.478
zmb,sex_f,eco_sector_nag,mts_details_mrd,2024,68.244
zmb,sex_f,eco_sector_nag,mts_details_sep,2017,82.854
zmb,sex_f,eco_sector_nag,mts_details_sep,2018,81.177
zmb,sex_f,eco_sector_nag,mts_details_sep,2019,82.452
zmb,sex_f,eco_sector_nag,mts_details_sep,2020,76.689
zmb,sex_f,eco_sector_nag,mts_details_sep,2021,78.894
zmb,sex_f,eco_sector_nag,mts_details_sep,2022,78.498
zmb,sex_f,eco_sector_nag,mts_details_sep,2023,72.923
zmb,sex_f,eco_sector_nag,mts_details_sep,2024,71.078
zmb,sex_f,eco_sector_nag,mts_details_sgle,2017,65.621
zmb,sex_f,eco_sector_nag,mts_details_sgle,2018,65.234
zmb,sex_f,eco_sector_nag,mts_details_sgle,2019,68.629
zmb,sex_f,eco_sector_nag,mts_details_sgle,2020,66.387
zmb,sex_f,eco_sector_nag,mts_details_sgle,2021,70.206
zmb,sex_f,eco_sector_nag,mts_details_sgle,2022,71.484
zmb,sex_f,eco_sector_nag,mts_details_sgle,2023,68.327
zmb,sex_f,eco_sector_nag,mts_details_sgle,2024,58.518
zmb,sex_f,eco_sector_nag,mts_details_total,2017,74.018
zmb,sex_f,eco_sector_nag,mts_details_total,2018,72.071
zmb,sex_f,eco_sector_nag,mts_details_total,2019,74.9
zmb,sex_f,eco_sector_nag,mts_details_total,2020,72.022
zmb,sex_f,eco_sector_nag,mts_details_total,2021,74.813
zmb,sex_f,eco_sector_nag,mts_details_total,2022,75.402
zmb,sex_f,eco_sector_nag,mts_details_total,2023,69.825
zmb,sex_f,eco_sector_nag,mts_details_total,2024,67.689
zmb,sex_f,eco_sector_nag,mts_details_union,2021,85.249
zmb,sex_f,eco_sector_nag,mts_details_union,2024,63.428
zmb,sex_f,eco_sector_nag,mts_details_wid,2017,81.504
zmb,sex_f,eco_sector_nag,mts_details_wid,2018,77.397
zmb,sex_f,eco_sector_nag,mts_details_wid,2019,78.562
zmb,sex_f,eco_sector_nag,mts_details_wid,2020,76.776
zmb,sex_f,eco_sector_nag,mts_details_wid,2021,83.463
zmb,sex_f,eco_sector_nag,mts_details_wid,2022,80.486
zmb,sex_f,eco_sector_nag,mts_details_wid,2023,82.91
zmb,sex_f,eco_sector_nag,mts_details_wid,2024,78.674
zmb,sex_f,eco_sector_ser,mts_aggregate_1,2017,75.466
zmb,sex_f,eco_sector_ser,mts_aggregate_1,2018,73.631
zmb,sex_f,eco_sector_ser,mts_aggregate_1,2019,77.192
zmb,sex_f,eco_sector_ser,mts_aggregate_1,2020,72.321
zmb,sex_f,eco_sector_ser,mts_aggregate_1,2021,77.664
zmb,sex_f,eco_sector_ser,mts_aggregate_1,2022,76.408
zmb,sex_f,eco_sector_ser,mts_aggregate_1,2023,72.873
zmb,sex_f,eco_sector_ser,mts_aggregate_1,2024,66.809
zmb,sex_f,eco_sector_ser,mts_aggregate_2,2017,72.523
zmb,sex_f,eco_sector_ser,mts_aggregate_2,2018,69.959
zmb,sex_f,eco_sector_ser,mts_aggregate_2,2019,72.795
zmb,sex_f,eco_sector_ser,mts_aggregate_2,2020,71.392
zmb,sex_f,eco_sector_ser,mts_aggregate_2,2021,71.464
zmb,sex_f,eco_sector_ser,mts_aggregate_2,2022,74.167
zmb,sex_f,eco_sector_ser,mts_aggregate_2,2023,66.702
zmb,sex_f,eco_sector_ser,mts_aggregate_2,2024,67.062
zmb,sex_f,eco_sector_ser,mts_aggregate_total,2017,73.89
zmb,sex_f,eco_sector_ser,mts_aggregate_total,2018,71.847
zmb,sex_f,eco_sector_ser,mts_aggregate_total,2019,74.983
zmb,sex_f,eco_sector_ser,mts_aggregate_total,2020,71.856
zmb,sex_f,eco_sector_ser,mts_aggregate_total,2021,74.708
zmb,sex_f,eco_sector_ser,mts_aggregate_total,2022,75.344
zmb,sex_f,eco_sector_ser,mts_aggregate_total,2023,69.886
zmb,sex_f,eco_sector_ser,mts_aggregate_total,2024,66.926
zmb,sex_f,eco_sector_ser,mts_details_mrd,2017,72.536
zmb,sex_f,eco_sector_ser,mts_details_mrd,2018,69.89
zmb,sex_f,eco_sector_ser,mts_details_mrd,2019,72.957
zmb,sex_f,eco_sector_ser,mts_details_mrd,2020,71.268
zmb,sex_f,eco_sector_ser,mts_details_mrd,2021,71.363
zmb,sex_f,eco_sector_ser,mts_details_mrd,2022,74.233
zmb,sex_f,eco_sector_ser,mts_details_mrd,2023,66.821
zmb,sex_f,eco_sector_ser,mts_details_mrd,2024,67.089
zmb,sex_f,eco_sector_ser,mts_details_sep,2017,82.03
zmb,sex_f,eco_sector_ser,mts_details_sep,2018,80.711
zmb,sex_f,eco_sector_ser,mts_details_sep,2019,82.864
zmb,sex_f,eco_sector_ser,mts_details_sep,2020,76.138
zmb,sex_f,eco_sector_ser,mts_details_sep,2021,79.376
zmb,sex_f,eco_sector_ser,mts_details_sep,2022,78.305
zmb,sex_f,eco_sector_ser,mts_details_sep,2023,73.345
zmb,sex_f,eco_sector_ser,mts_details_sep,2024,70.581
zmb,sex_f,eco_sector_ser,mts_details_sgle,2017,66.586
zmb,sex_f,eco_sector_ser,mts_details_sgle,2018,64.483
zmb,sex_f,eco_sector_ser,mts_details_sgle,2019,70.631
zmb,sex_f,eco_sector_ser,mts_details_sgle,2020,66.717
zmb,sex_f,eco_sector_ser,mts_details_sgle,2021,71.58
zmb,sex_f,eco_sector_ser,mts_details_sgle,2022,71.284
zmb,sex_f,eco_sector_ser,mts_details_sgle,2023,67.925
zmb,sex_f,eco_sector_ser,mts_details_sgle,2024,59.039
zmb,sex_f,eco_sector_ser,mts_details_total,2017,73.89
zmb,sex_f,eco_sector_ser,mts_details_total,2018,71.847
zmb,sex_f,eco_sector_ser,mts_details_total,2019,74.983
zmb,sex_f,eco_sector_ser,mts_details_total,2020,71.856
zmb,sex_f,eco_sector_ser,mts_details_total,2021,74.708
zmb,sex_f,eco_sector_ser,mts_details_total,2022,75.344
zmb,sex_f,eco_sector_ser,mts_details_total,2023,69.886
zmb,sex_f,eco_sector_ser,mts_details_total,2024,66.926
zmb,sex_f,eco_sector_ser,mts_details_union,2021,85.249
zmb,sex_f,eco_sector_ser,mts_details_union,2024,63.428
zmb,sex_f,eco_sector_ser,mts_details_wid,2017,81.48
zmb,sex_f,eco_sector_ser,mts_details_wid,2018,77.189
zmb,sex_f,eco_sector_ser,mts_details_wid,2019,77.889
zmb,sex_f,eco_sector_ser,mts_details_wid,2020,76.941
zmb,sex_f,eco_sector_ser,mts_details_wid,2021,83.175
zmb,sex_f,eco_sector_ser,mts_details_wid,2022,81.697
zmb,sex_f,eco_sector_ser,mts_details_wid,2023,82.107
zmb,sex_f,eco_sector_ser,mts_details_wid,2024,76.71
zmb,sex_f,eco_sector_total,mts_aggregate_1,2017,89.454
zmb,sex_f,eco_sector_total,mts_aggregate_1,2018,88.658
zmb,sex_f,eco_sector_total,mts_aggregate_1,2019,88.664
zmb,sex_f,eco_sector_total,mts_aggregate_1,2020,87.448
zmb,sex_f,eco_sector_total,mts_aggregate_1,2021,88.518
zmb,sex_f,eco_sector_total,mts_aggregate_1,2022,87.903
zmb,sex_f,eco_sector_total,mts_aggregate_1,2023,86.226
zmb,sex_f,eco_sector_total,mts_aggregate_1,2024,84.285
zmb,sex_f,eco_sector_total,mts_aggregate_2,2017,90.798
zmb,sex_f,eco_sector_total,mts_aggregate_2,2018,90.776
zmb,sex_f,eco_sector_total,mts_aggregate_2,2019,90.125
zmb,sex_f,eco_sector_total,mts_aggregate_2,2020,90.295
zmb,sex_f,eco_sector_total,mts_aggregate_2,2021,90.474
zmb,sex_f,eco_sector_total,mts_aggregate_2,2022,90.973
zmb,sex_f,eco_sector_total,mts_aggregate_2,2023,87.899
zmb,sex_f,eco_sector_total,mts_aggregate_2,2024,89.51
zmb,sex_f,eco_sector_total,mts_aggregate_total,2017,90.254
zmb,sex_f,eco_sector_total,mts_aggregate_total,2018,89.864
zmb,sex_f,eco_sector_total,mts_aggregate_total,2019,89.491
zmb,sex_f,eco_sector_total,mts_aggregate_total,2020,89.09
zmb,sex_f,eco_sector_total,mts_aggregate_total,2021,89.636
zmb,sex_f,eco_sector_total,mts_aggregate_total,2022,89.622
zmb,sex_f,eco_sector_total,mts_aggregate_total,2023,87.178
zmb,sex_f,eco_sector_total,mts_aggregate_total,2024,87.227
zmb,sex_f,eco_sector_total,mts_details_mrd,2017,90.837
zmb,sex_f,eco_sector_total,mts_details_mrd,2018,90.77
zmb,sex_f,eco_sector_total,mts_details_mrd,2019,90.178
zmb,sex_f,eco_sector_total,mts_details_mrd,2020,90.279
zmb,sex_f,eco_sector_total,mts_details_mrd,2021,90.469
zmb,sex_f,eco_sector_total,mts_details_mrd,2022,91.071
zmb,sex_f,eco_sector_total,mts_details_mrd,2023,87.958
zmb,sex_f,eco_sector_total,mts_details_mrd,2024,89.561
zmb,sex_f,eco_sector_total,mts_details_sep,2017,92.167
zmb,sex_f,eco_sector_total,mts_details_sep,2018,90.215
zmb,sex_f,eco_sector_total,mts_details_sep,2019,90.281
zmb,sex_f,eco_sector_total,mts_details_sep,2020,87.064
zmb,sex_f,eco_sector_total,mts_details_sep,2021,88.279
zmb,sex_f,eco_sector_total,mts_details_sep,2022,87.564
zmb,sex_f,eco_sector_total,mts_details_sep,2023,84.91
zmb,sex_f,eco_sector_total,mts_details_sep,2024,85.006
zmb,sex_f,eco_sector_total,mts_details_sgle,2017,85.149
zmb,sex_f,eco_sector_total,mts_details_sgle,2018,85.785
zmb,sex_f,eco_sector_total,mts_details_sgle,2019,86.63
zmb,sex_f,eco_sector_total,mts_details_sgle,2020,86.104
zmb,sex_f,eco_sector_total,mts_details_sgle,2021,86.656
zmb,sex_f,eco_sector_total,mts_details_sgle,2022,85.859
zmb,sex_f,eco_sector_total,mts_details_sgle,2023,83.734
zmb,sex_f,eco_sector_total,mts_details_sgle,2024,80.185
zmb,sex_f,eco_sector_total,mts_details_total,2017,90.254
zmb,sex_f,eco_sector_total,mts_details_total,2018,89.864
zmb,sex_f,eco_sector_total,mts_details_total,2019,89.491
zmb,sex_f,eco_sector_total,mts_details_total,2020,89.09
zmb,sex_f,eco_sector_total,mts_details_total,2021,89.636
zmb,sex_f,eco_sector_total,mts_details_total,2022,89.622
zmb,sex_f,eco_sector_total,mts_details_total,2023,87.178
zmb,sex_f,eco_sector_total,mts_details_total,2024,87.227
zmb,sex_f,eco_sector_total,mts_details_union,2017,75.103
zmb,sex_f,eco_sector_total,mts_details_union,2018,92.835
zmb,sex_f,eco_sector_total,mts_details_union,2020,100
zmb,sex_f,eco_sector_total,mts_details_union,2021,91.925
zmb,sex_f,eco_sector_total,mts_details_union,2022,56.61
zmb,sex_f,eco_sector_total,mts_details_union,2023,60.459
zmb,sex_f,eco_sector_total,mts_details_union,2024,69.313
zmb,sex_f,eco_sector_total,mts_details_wid,2017,92.648
zmb,sex_f,eco_sector_total,mts_details_wid,2018,90.889
zmb,sex_f,eco_sector_total,mts_details_wid,2019,89.675
zmb,sex_f,eco_sector_total,mts_details_wid,2020,90.396
zmb,sex_f,eco_sector_total,mts_details_wid,2021,91.401
zmb,sex_f,eco_sector_total,mts_details_wid,2022,91.396
zmb,sex_f,eco_sector_total,mts_details_wid,2023,92.195
zmb,sex_f,eco_sector_total,mts_details_wid,2024,90.636
zmb,sex_m,eco_aggregate_agr,mts_aggregate_1,2017,97.897
zmb,sex_m,eco_aggregate_agr,mts_aggregate_1,2018,97.683
zmb,sex_m,eco_aggregate_agr,mts_aggregate_1,2019,97.129
zmb,sex_m,eco_aggregate_agr,mts_aggregate_1,2020,97.834
zmb,sex_m,eco_aggregate_agr,mts_aggregate_1,2021,97.829
zmb,sex_m,eco_aggregate_agr,mts_aggregate_1,2022,97.448
zmb,sex_m,eco_aggregate_agr,mts_aggregate_1,2023,97.457
zmb,sex_m,eco_aggregate_agr,mts_aggregate_1,2024,98.751
zmb,sex_m,eco_aggregate_agr,mts_aggregate_2,2017,94.125
zmb,sex_m,eco_aggregate_agr,mts_aggregate_2,2018,92.614
zmb,sex_m,eco_aggregate_agr,mts_aggregate_2,2019,91.603
zmb,sex_m,eco_aggregate_agr,mts_aggregate_2,2020,94.296
zmb,sex_m,eco_aggregate_agr,mts_aggregate_2,2021,95.188
zmb,sex_m,eco_aggregate_agr,mts_aggregate_2,2022,95.684
zmb,sex_m,eco_aggregate_agr,mts_aggregate_2,2023,95.338
zmb,sex_m,eco_aggregate_agr,mts_aggregate_2,2024,96.137
zmb,sex_m,eco_aggregate_agr,mts_aggregate_total,2017,95.338
zmb,sex_m,eco_aggregate_agr,mts_aggregate_total,2018,94.202
zmb,sex_m,eco_aggregate_agr,mts_aggregate_total,2019,93.447
zmb,sex_m,eco_aggregate_agr,mts_aggregate_total,2020,95.444
zmb,sex_m,eco_aggregate_agr,mts_aggregate_total,2021,96.073
zmb,sex_m,eco_aggregate_agr,mts_aggregate_total,2022,96.285
zmb,sex_m,eco_aggregate_agr,mts_aggregate_total,2023,96.018
zmb,sex_m,eco_aggregate_agr,mts_aggregate_total,2024,97.017
zmb,sex_m,eco_aggregate_agr,mts_details_mrd,2017,94.119
zmb,sex_m,eco_aggregate_agr,mts_details_mrd,2018,92.599
zmb,sex_m,eco_aggregate_agr,mts_details_mrd,2019,91.76
zmb,sex_m,eco_aggregate_agr,mts_details_mrd,2020,94.291
zmb,sex_m,eco_aggregate_agr,mts_details_mrd,2021,95.179
zmb,sex_m,eco_aggregate_agr,mts_details_mrd,2022,95.679
zmb,sex_m,eco_aggregate_agr,mts_details_mrd,2023,95.335
zmb,sex_m,eco_aggregate_agr,mts_details_mrd,2024,96.129
zmb,sex_m,eco_aggregate_agr,mts_details_sep,2017,94.507
zmb,sex_m,eco_aggregate_agr,mts_details_sep,2018,96.963
zmb,sex_m,eco_aggregate_agr,mts_details_sep,2019,93.2
zmb,sex_m,eco_aggregate_agr,mts_details_sep,2020,97.178
zmb,sex_m,eco_aggregate_agr,mts_details_sep,2021,98.62
zmb,sex_m,eco_aggregate_agr,mts_details_sep,2022,93.82
zmb,sex_m,eco_aggregate_agr,mts_details_sep,2023,98.147
zmb,sex_m,eco_aggregate_agr,mts_details_sep,2024,99.352
zmb,sex_m,eco_aggregate_agr,mts_details_sgle,2017,98.42
zmb,sex_m,eco_aggregate_agr,mts_details_sgle,2018,97.884
zmb,sex_m,eco_aggregate_agr,mts_details_sgle,2019,97.967
zmb,sex_m,eco_aggregate_agr,mts_details_sgle,2020,97.799
zmb,sex_m,eco_aggregate_agr,mts_details_sgle,2021,97.678
zmb,sex_m,eco_aggregate_agr,mts_details_sgle,2022,98.066
zmb,sex_m,eco_aggregate_agr,mts_details_sgle,2023,97.354
zmb,sex_m,eco_aggregate_agr,mts_details_sgle,2024,98.661
zmb,sex_m,eco_aggregate_agr,mts_details_total,2017,95.338
zmb,sex_m,eco_aggregate_agr,mts_details_total,2018,94.202
zmb,sex_m,eco_aggregate_agr,mts_details_total,2019,93.447
zmb,sex_m,eco_aggregate_agr,mts_details_total,2020,95.444
zmb,sex_m,eco_aggregate_agr,mts_details_total,2021,96.073
zmb,sex_m,eco_aggregate_agr,mts_details_total,2022,96.285
zmb,sex_m,eco_aggregate_agr,mts_details_total,2023,96.018
zmb,sex_m,eco_aggregate_agr,mts_details_total,2024,97.017
zmb,sex_m,eco_aggregate_agr,mts_details_union,2018,100
zmb,sex_m,eco_aggregate_agr,mts_details_union,2021,100
zmb,sex_m,eco_aggregate_agr,mts_details_union,2024,100
zmb,sex_m,eco_aggregate_agr,mts_details_wid,2017,97.058
zmb,sex_m,eco_aggregate_agr,mts_details_wid,2018,96.339
zmb,sex_m,eco_aggregate_agr,mts_details_wid,2019,93.005
zmb,sex_m,eco_aggregate_agr,mts_details_wid,2020,100
zmb,sex_m,eco_aggregate_agr,mts_details_wid,2021,98.602
zmb,sex_m,eco_aggregate_agr,mts_details_wid,2022,96.629
zmb,sex_m,eco_aggregate_agr,mts_details_wid,2023,97.487
zmb,sex_m,eco_aggregate_agr,mts_details_wid,2024,98.657
zmb,sex_m,eco_aggregate_con,mts_aggregate_1,2017,85.582
zmb,sex_m,eco_aggregate_con,mts_aggregate_1,2018,85.081
zmb,sex_m,eco_aggregate_con,mts_aggregate_1,2019,91.542
zmb,sex_m,eco_aggregate_con,mts_aggregate_1,2020,92.897
zmb,sex_m,eco_aggregate_con,mts_aggregate_1,2021,91.796
zmb,sex_m,eco_aggregate_con,mts_aggregate_1,2022,86.704
zmb,sex_m,eco_aggregate_con,mts_aggregate_1,2023,91.48
zmb,sex_m,eco_aggregate_con,mts_aggregate_1,2024,91.823
zmb,sex_m,eco_aggregate_con,mts_aggregate_2,2017,75.583
zmb,sex_m,eco_aggregate_con,mts_aggregate_2,2018,73.161
zmb,sex_m,eco_aggregate_con,mts_aggregate_2,2019,83.065
zmb,sex_m,eco_aggregate_con,mts_aggregate_2,2020,82.537
zmb,sex_m,eco_aggregate_con,mts_aggregate_2,2021,85.688
zmb,sex_m,eco_aggregate_con,mts_aggregate_2,2022,86.64
zmb,sex_m,eco_aggregate_con,mts_aggregate_2,2023,89.534
zmb,sex_m,eco_aggregate_con,mts_aggregate_2,2024,83.587
zmb,sex_m,eco_aggregate_con,mts_aggregate_total,2017,77.786
zmb,sex_m,eco_aggregate_con,mts_aggregate_total,2018,75.859
zmb,sex_m,eco_aggregate_con,mts_aggregate_total,2019,84.948
zmb,sex_m,eco_aggregate_con,mts_aggregate_total,2020,85.269
zmb,sex_m,eco_aggregate_con,mts_aggregate_total,2021,87.266
zmb,sex_m,eco_aggregate_con,mts_aggregate_total,2022,86.653
zmb,sex_m,eco_aggregate_con,mts_aggregate_total,2023,90.116
zmb,sex_m,eco_aggregate_con,mts_aggregate_total,2024,85.998
zmb,sex_m,eco_aggregate_con,mts_details_mrd,2017,75.473
zmb,sex_m,eco_aggregate_con,mts_details_mrd,2018,73.046
zmb,sex_m,eco_aggregate_con,mts_details_mrd,2019,83.065
zmb,sex_m,eco_aggregate_con,mts_details_mrd,2020,82.537
zmb,sex_m,eco_aggregate_con,mts_details_mrd,2021,85.639
zmb,sex_m,eco_aggregate_con,mts_details_mrd,2022,86.64
zmb,sex_m,eco_aggregate_con,mts_details_mrd,2023,89.478
zmb,sex_m,eco_aggregate_con,mts_details_mrd,2024,83.518
zmb,sex_m,eco_aggregate_con,mts_details_sep,2017,100
zmb,sex_m,eco_aggregate_con,mts_details_sep,2018,88.451
zmb,sex_m,eco_aggregate_con,mts_details_sep,2019,87.757
zmb,sex_m,eco_aggregate_con,mts_details_sep,2020,85.534
zmb,sex_m,eco_aggregate_con,mts_details_sep,2021,93.255
zmb,sex_m,eco_aggregate_con,mts_details_sep,2022,100
zmb,sex_m,eco_aggregate_con,mts_details_sep,2023,78
zmb,sex_m,eco_aggregate_con,mts_details_sep,2024,95.03
zmb,sex_m,eco_aggregate_con,mts_details_sgle,2017,83.873
zmb,sex_m,eco_aggregate_con,mts_details_sgle,2018,85.998
zmb,sex_m,eco_aggregate_con,mts_details_sgle,2019,92.646
zmb,sex_m,eco_aggregate_con,mts_details_sgle,2020,95.06
zmb,sex_m,eco_aggregate_con,mts_details_sgle,2021,91.225
zmb,sex_m,eco_aggregate_con,mts_details_sgle,2022,83.172
zmb,sex_m,eco_aggregate_con,mts_details_sgle,2023,94.47
zmb,sex_m,eco_aggregate_con,mts_details_sgle,2024,91.959
zmb,sex_m,eco_aggregate_con,mts_details_total,2017,77.786
zmb,sex_m,eco_aggregate_con,mts_details_total,2018,75.859
zmb,sex_m,eco_aggregate_con,mts_details_total,2019,84.948
zmb,sex_m,eco_aggregate_con,mts_details_total,2020,85.269
zmb,sex_m,eco_aggregate_con,mts_details_total,2021,87.266
zmb,sex_m,eco_aggregate_con,mts_details_total,2022,86.653
zmb,sex_m,eco_aggregate_con,mts_details_total,2023,90.116
zmb,sex_m,eco_aggregate_con,mts_details_total,2024,85.998
zmb,sex_m,eco_aggregate_man,mts_aggregate_1,2017,79.714
zmb,sex_m,eco_aggregate_man,mts_aggregate_1,2018,73.317
zmb,sex_m,eco_aggregate_man,mts_aggregate_1,2019,78.332
zmb,sex_m,eco_aggregate_man,mts_aggregate_1,2020,78.859
zmb,sex_m,eco_aggregate_man,mts_aggregate_1,2021,77.863
zmb,sex_m,eco_aggregate_man,mts_aggregate_1,2022,72.295
zmb,sex_m,eco_aggregate_man,mts_aggregate_1,2023,64.695
zmb,sex_m,eco_aggregate_man,mts_aggregate_1,2024,67.048
zmb,sex_m,eco_aggregate_man,mts_aggregate_2,2017,55.112
zmb,sex_m,eco_aggregate_man,mts_aggregate_2,2018,58.362
zmb,sex_m,eco_aggregate_man,mts_aggregate_2,2019,60.595
zmb,sex_m,eco_aggregate_man,mts_aggregate_2,2020,67.665
zmb,sex_m,eco_aggregate_man,mts_aggregate_2,2021,69.285
zmb,sex_m,eco_aggregate_man,mts_aggregate_2,2022,65.844
zmb,sex_m,eco_aggregate_man,mts_aggregate_2,2023,53.383
zmb,sex_m,eco_aggregate_man,mts_aggregate_2,2024,58.739
zmb,sex_m,eco_aggregate_man,mts_aggregate_total,2017,60.585
zmb,sex_m,eco_aggregate_man,mts_aggregate_total,2018,62.427
zmb,sex_m,eco_aggregate_man,mts_aggregate_total,2019,64.289
zmb,sex_m,eco_aggregate_man,mts_aggregate_total,2020,70.723
zmb,sex_m,eco_aggregate_man,mts_aggregate_total,2021,71.996
zmb,sex_m,eco_aggregate_man,mts_aggregate_total,2022,67.348
zmb,sex_m,eco_aggregate_man,mts_aggregate_total,2023,56.956
zmb,sex_m,eco_aggregate_man,mts_aggregate_total,2024,61.076
zmb,sex_m,eco_aggregate_man,mts_details_mrd,2017,55.112
zmb,sex_m,eco_aggregate_man,mts_details_mrd,2018,58.362
zmb,sex_m,eco_aggregate_man,mts_details_mrd,2019,60.595
zmb,sex_m,eco_aggregate_man,mts_details_mrd,2020,67.958
zmb,sex_m,eco_aggregate_man,mts_details_mrd,2021,69.194
zmb,sex_m,eco_aggregate_man,mts_details_mrd,2022,65.775
zmb,sex_m,eco_aggregate_man,mts_details_mrd,2023,53.253
zmb,sex_m,eco_aggregate_man,mts_details_mrd,2024,58.739
zmb,sex_m,eco_aggregate_man,mts_details_sep,2017,82.098
zmb,sex_m,eco_aggregate_man,mts_details_sep,2018,75.432
zmb,sex_m,eco_aggregate_man,mts_details_sep,2019,92.16
zmb,sex_m,eco_aggregate_man,mts_details_sep,2020,80.586
zmb,sex_m,eco_aggregate_man,mts_details_sep,2021,52.58
zmb,sex_m,eco_aggregate_man,mts_details_sep,2022,61.554
zmb,sex_m,eco_aggregate_man,mts_details_sep,2023,63.248
zmb,sex_m,eco_aggregate_man,mts_details_sep,2024,80.686
zmb,sex_m,eco_aggregate_man,mts_details_sgle,2017,76.992
zmb,sex_m,eco_aggregate_man,mts_details_sgle,2018,70.621
zmb,sex_m,eco_aggregate_man,mts_details_sgle,2019,77.433
zmb,sex_m,eco_aggregate_man,mts_details_sgle,2020,76.94
zmb,sex_m,eco_aggregate_man,mts_details_sgle,2021,83.719
zmb,sex_m,eco_aggregate_man,mts_details_sgle,2022,73.466
zmb,sex_m,eco_aggregate_man,mts_details_sgle,2023,63.202
zmb,sex_m,eco_aggregate_man,mts_details_sgle,2024,62.333
zmb,sex_m,eco_aggregate_man,mts_details_total,2017,60.585
zmb,sex_m,eco_aggregate_man,mts_details_total,2018,62.427
zmb,sex_m,eco_aggregate_man,mts_details_total,2019,64.289
zmb,sex_m,eco_aggregate_man,mts_details_total,2020,70.723
zmb,sex_m,eco_aggregate_man,mts_details_total,2021,71.996
zmb,sex_m,eco_aggregate_man,mts_details_total,2022,67.348
zmb,sex_m,eco_aggregate_man,mts_details_total,2023,56.956
zmb,sex_m,eco_aggregate_man,mts_details_total,2024,61.076
zmb,sex_m,eco_aggregate_man,mts_details_wid,2017,100
zmb,sex_m,eco_aggregate_man,mts_details_wid,2018,100
zmb,sex_m,eco_aggregate_man,mts_details_wid,2020,100
zmb,sex_m,eco_aggregate_man,mts_details_wid,2021,70.481
zmb,sex_m,eco_aggregate_man,mts_details_wid,2023,100
zmb,sex_m,eco_aggregate_man,mts_details_wid,2024,100
zmb,sex_m,eco_aggregate_mel,mts_aggregate_1,2017,29.376
zmb,sex_m,eco_aggregate_mel,mts_aggregate_1,2018,28.087
zmb,sex_m,eco_aggregate_mel,mts_aggregate_1,2019,39.492
zmb,sex_m,eco_aggregate_mel,mts_aggregate_1,2020,52.649
zmb,sex_m,eco_aggregate_mel,mts_aggregate_1,2021,49.553
zmb,sex_m,eco_aggregate_mel,mts_aggregate_1,2022,50.428
zmb,sex_m,eco_aggregate_mel,mts_aggregate_1,2023,48.123
zmb,sex_m,eco_aggregate_mel,mts_aggregate_1,2024,35.37
zmb,sex_m,eco_aggregate_mel,mts_aggregate_2,2017,9.516
zmb,sex_m,eco_aggregate_mel,mts_aggregate_2,2018,18.95
zmb,sex_m,eco_aggregate_mel,mts_aggregate_2,2019,24.301
zmb,sex_m,eco_aggregate_mel,mts_aggregate_2,2020,23.36
zmb,sex_m,eco_aggregate_mel,mts_aggregate_2,2021,23.678
zmb,sex_m,eco_aggregate_mel,mts_aggregate_2,2022,28.568
zmb,sex_m,eco_aggregate_mel,mts_aggregate_2,2023,28.836
zmb,sex_m,eco_aggregate_mel,mts_aggregate_2,2024,21.682
zmb,sex_m,eco_aggregate_mel,mts_aggregate_total,2017,13.439
zmb,sex_m,eco_aggregate_mel,mts_aggregate_total,2018,20.655
zmb,sex_m,eco_aggregate_mel,mts_aggregate_total,2019,27.221
zmb,sex_m,eco_aggregate_mel,mts_aggregate_total,2020,28.922
zmb,sex_m,eco_aggregate_mel,mts_aggregate_total,2021,27.49
zmb,sex_m,eco_aggregate_mel,mts_aggregate_total,2022,32.798
zmb,sex_m,eco_aggregate_mel,mts_aggregate_total,2023,32.252
zmb,sex_m,eco_aggregate_mel,mts_aggregate_total,2024,24.85
zmb,sex_m,eco_aggregate_mel,mts_details_mrd,2017,9.564
zmb,sex_m,eco_aggregate_mel,mts_details_mrd,2018,18.95
zmb,sex_m,eco_aggregate_mel,mts_details_mrd,2019,24.301
zmb,sex_m,eco_aggregate_mel,mts_details_mrd,2020,23.36
zmb,sex_m,eco_aggregate_mel,mts_details_mrd,2021,23.678
zmb,sex_m,eco_aggregate_mel,mts_details_mrd,2022,28.568
zmb,sex_m,eco_aggregate_mel,mts_details_mrd,2023,29.058
zmb,sex_m,eco_aggregate_mel,mts_details_mrd,2024,21.861
zmb,sex_m,eco_aggregate_mel,mts_details_sgle,2017,28.801
zmb,sex_m,eco_aggregate_mel,mts_details_sgle,2018,31.314
zmb,sex_m,eco_aggregate_mel,mts_details_sgle,2019,39.857
zmb,sex_m,eco_aggregate_mel,mts_details_sgle,2020,57.337
zmb,sex_m,eco_aggregate_mel,mts_details_sgle,2021,54.042
zmb,sex_m,eco_aggregate_mel,mts_details_sgle,2022,59.613
zmb,sex_m,eco_aggregate_mel,mts_details_sgle,2023,59.553
zmb,sex_m,eco_aggregate_mel,mts_details_sgle,2024,37.333
zmb,sex_m,eco_aggregate_mel,mts_details_total,2017,13.439
zmb,sex_m,eco_aggregate_mel,mts_details_total,2018,20.655
zmb,sex_m,eco_aggregate_mel,mts_details_total,2019,27.221
zmb,sex_m,eco_aggregate_mel,mts_details_total,2020,28.922
zmb,sex_m,eco_aggregate_mel,mts_details_total,2021,27.49
zmb,sex_m,eco_aggregate_mel,mts_details_total,2022,32.798
zmb,sex_m,eco_aggregate_mel,mts_details_total,2023,32.252
zmb,sex_m,eco_aggregate_mel,mts_details_total,2024,24.85
zmb,sex_m,eco_aggregate_mkt,mts_aggregate_1,2017,71.342
zmb,sex_m,eco_aggregate_mkt,mts_aggregate_1,2018,65.845
zmb,sex_m,eco_aggregate_mkt,mts_aggregate_1,2019,79.118
zmb,sex_m,eco_aggregate_mkt,mts_aggregate_1,2020,79.548
zmb,sex_m,eco_aggregate_mkt,mts_aggregate_1,2021,78.153
zmb,sex_m,eco_aggregate_mkt,mts_aggregate_1,2022,75.361
zmb,sex_m,eco_aggregate_mkt,mts_aggregate_1,2023,67.521
zmb,sex_m,eco_aggregate_mkt,mts_aggregate_1,2024,71.846
zmb,sex_m,eco_aggregate_mkt,mts_aggregate_2,2017,64.867
zmb,sex_m,eco_aggregate_mkt,mts_aggregate_2,2018,61.079
zmb,sex_m,eco_aggregate_mkt,mts_aggregate_2,2019,64.682
zmb,sex_m,eco_aggregate_mkt,mts_aggregate_2,2020,61.408
zmb,sex_m,eco_aggregate_mkt,mts_aggregate_2,2021,66.23
zmb,sex_m,eco_aggregate_mkt,mts_aggregate_2,2022,66.671
zmb,sex_m,eco_aggregate_mkt,mts_aggregate_2,2023,61.112
zmb,sex_m,eco_aggregate_mkt,mts_aggregate_2,2024,60.704
zmb,sex_m,eco_aggregate_mkt,mts_aggregate_total,2017,66.551
zmb,sex_m,eco_aggregate_mkt,mts_aggregate_total,2018,62.208
zmb,sex_m,eco_aggregate_mkt,mts_aggregate_total,2019,68.405
zmb,sex_m,eco_aggregate_mkt,mts_aggregate_total,2020,66.445
zmb,sex_m,eco_aggregate_mkt,mts_aggregate_total,2021,69.831
zmb,sex_m,eco_aggregate_mkt,mts_aggregate_total,2022,68.999
zmb,sex_m,eco_aggregate_mkt,mts_aggregate_total,2023,62.995
zmb,sex_m,eco_aggregate_mkt,mts_aggregate_total,2024,63.787
zmb,sex_m,eco_aggregate_mkt,mts_details_mrd,2017,64.846
zmb,sex_m,eco_aggregate_mkt,mts_details_mrd,2018,61.202
zmb,sex_m,eco_aggregate_mkt,mts_details_mrd,2019,64.682
zmb,sex_m,eco_aggregate_mkt,mts_details_mrd,2020,61.312
zmb,sex_m,eco_aggregate_mkt,mts_details_mrd,2021,66.168
zmb,sex_m,eco_aggregate_mkt,mts_details_mrd,2022,66.695
zmb,sex_m,eco_aggregate_mkt,mts_details_mrd,2023,61.167
zmb,sex_m,eco_aggregate_mkt,mts_details_mrd,2024,60.695
zmb,sex_m,eco_aggregate_mkt,mts_details_sep,2017,73.298
zmb,sex_m,eco_aggregate_mkt,mts_details_sep,2018,65.46
zmb,sex_m,eco_aggregate_mkt,mts_details_sep,2019,82.05
zmb,sex_m,eco_aggregate_mkt,mts_details_sep,2020,82.303
zmb,sex_m,eco_aggregate_mkt,mts_details_sep,2021,84.372
zmb,sex_m,eco_aggregate_mkt,mts_details_sep,2022,77.812
zmb,sex_m,eco_aggregate_mkt,mts_details_sep,2023,63.695
zmb,sex_m,eco_aggregate_mkt,mts_details_sep,2024,65.688
zmb,sex_m,eco_aggregate_mkt,mts_details_sgle,2017,69.65
zmb,sex_m,eco_aggregate_mkt,mts_details_sgle,2018,65.919
zmb,sex_m,eco_aggregate_mkt,mts_details_sgle,2019,80.171
zmb,sex_m,eco_aggregate_mkt,mts_details_sgle,2020,79.121
zmb,sex_m,eco_aggregate_mkt,mts_details_sgle,2021,77.26
zmb,sex_m,eco_aggregate_mkt,mts_details_sgle,2022,75.326
zmb,sex_m,eco_aggregate_mkt,mts_details_sgle,2023,69.519
zmb,sex_m,eco_aggregate_mkt,mts_details_sgle,2024,74.068
zmb,sex_m,eco_aggregate_mkt,mts_details_total,2017,66.551
zmb,sex_m,eco_aggregate_mkt,mts_details_total,2018,62.208
zmb,sex_m,eco_aggregate_mkt,mts_details_total,2019,68.405
zmb,sex_m,eco_aggregate_mkt,mts_details_total,2020,66.445
zmb,sex_m,eco_aggregate_mkt,mts_details_total,2021,69.831
zmb,sex_m,eco_aggregate_mkt,mts_details_total,2022,68.999
zmb,sex_m,eco_aggregate_mkt,mts_details_total,2023,62.995
zmb,sex_m,eco_aggregate_mkt,mts_details_total,2024,63.787
zmb,sex_m,eco_aggregate_mkt,mts_details_wid,2017,83.397
zmb,sex_m,eco_aggregate_mkt,mts_details_wid,2018,65.95
zmb,sex_m,eco_aggregate_mkt,mts_details_wid,2019,65.796
zmb,sex_m,eco_aggregate_mkt,mts_details_wid,2020,77.272
zmb,sex_m,eco_aggregate_mkt,mts_details_wid,2021,75.437
zmb,sex_m,eco_aggregate_mkt,mts_details_wid,2022,69.872
zmb,sex_m,eco_aggregate_mkt,mts_details_wid,2023,41.788
zmb,sex_m,eco_aggregate_mkt,mts_details_wid,2024,64.556
zmb,sex_m,eco_aggregate_pub,mts_aggregate_1,2017,65.385
zmb,sex_m,eco_aggregate_pub,mts_aggregate_1,2018,57.974
zmb,sex_m,eco_aggregate_pub,mts_aggregate_1,2019,64.88
zmb,sex_m,eco_aggregate_pub,mts_aggregate_1,2020,55.834
zmb,sex_m,eco_aggregate_pub,mts_aggregate_1,2021,67.016
zmb,sex_m,eco_aggregate_pub,mts_aggregate_1,2022,60.965
zmb,sex_m,eco_aggregate_pub,mts_aggregate_1,2023,60.545
zmb,sex_m,eco_aggregate_pub,mts_aggregate_1,2024,55.819
zmb,sex_m,eco_aggregate_pub,mts_aggregate_2,2017,37.628
zmb,sex_m,eco_aggregate_pub,mts_aggregate_2,2018,37.65
zmb,sex_m,eco_aggregate_pub,mts_aggregate_2,2019,41.377
zmb,sex_m,eco_aggregate_pub,mts_aggregate_2,2020,34.389
zmb,sex_m,eco_aggregate_pub,mts_aggregate_2,2021,37.522
zmb,sex_m,eco_aggregate_pub,mts_aggregate_2,2022,32.892
zmb,sex_m,eco_aggregate_pub,mts_aggregate_2,2023,37.605
zmb,sex_m,eco_aggregate_pub,mts_aggregate_2,2024,21.677
zmb,sex_m,eco_aggregate_pub,mts_aggregate_total,2017,44.568
zmb,sex_m,eco_aggregate_pub,mts_aggregate_total,2018,42.777
zmb,sex_m,eco_aggregate_pub,mts_aggregate_total,2019,46.74
zmb,sex_m,eco_aggregate_pub,mts_aggregate_total,2020,39.595
zmb,sex_m,eco_aggregate_pub,mts_aggregate_total,2021,46.267
zmb,sex_m,eco_aggregate_pub,mts_aggregate_total,2022,41.587
zmb,sex_m,eco_aggregate_pub,mts_aggregate_total,2023,43.923
zmb,sex_m,eco_aggregate_pub,mts_aggregate_total,2024,30.77
zmb,sex_m,eco_aggregate_pub,mts_details_mrd,2017,37.628
zmb,sex_m,eco_aggregate_pub,mts_details_mrd,2018,37.468
zmb,sex_m,eco_aggregate_pub,mts_details_mrd,2019,41.377
zmb,sex_m,eco_aggregate_pub,mts_details_mrd,2020,34.389
zmb,sex_m,eco_aggregate_pub,mts_details_mrd,2021,37.207
zmb,sex_m,eco_aggregate_pub,mts_details_mrd,2022,32.772
zmb,sex_m,eco_aggregate_pub,mts_details_mrd,2023,37.857
zmb,sex_m,eco_aggregate_pub,mts_details_mrd,2024,21.638
zmb,sex_m,eco_aggregate_pub,mts_details_sep,2017,60.1
zmb,sex_m,eco_aggregate_pub,mts_details_sep,2018,50.91
zmb,sex_m,eco_aggregate_pub,mts_details_sep,2019,59.995
zmb,sex_m,eco_aggregate_pub,mts_details_sep,2020,48.059
zmb,sex_m,eco_aggregate_pub,mts_details_sep,2021,79.747
zmb,sex_m,eco_aggregate_pub,mts_details_sep,2022,43.692
zmb,sex_m,eco_aggregate_pub,mts_details_sep,2023,61.443
zmb,sex_m,eco_aggregate_pub,mts_details_sep,2024,38.933
zmb,sex_m,eco_aggregate_pub,mts_details_sgle,2017,67.889
zmb,sex_m,eco_aggregate_pub,mts_details_sgle,2018,59.785
zmb,sex_m,eco_aggregate_pub,mts_details_sgle,2019,68.066
zmb,sex_m,eco_aggregate_pub,mts_details_sgle,2020,55.683
zmb,sex_m,eco_aggregate_pub,mts_details_sgle,2021,65.357
zmb,sex_m,eco_aggregate_pub,mts_details_sgle,2022,66.035
zmb,sex_m,eco_aggregate_pub,mts_details_sgle,2023,60.984
zmb,sex_m,eco_aggregate_pub,mts_details_sgle,2024,60.154
zmb,sex_m,eco_aggregate_pub,mts_details_total,2017,44.568
zmb,sex_m,eco_aggregate_pub,mts_details_total,2018,42.777
zmb,sex_m,eco_aggregate_pub,mts_details_total,2019,46.74
zmb,sex_m,eco_aggregate_pub,mts_details_total,2020,39.595
zmb,sex_m,eco_aggregate_pub,mts_details_total,2021,46.267
zmb,sex_m,eco_aggregate_pub,mts_details_total,2022,41.587
zmb,sex_m,eco_aggregate_pub,mts_details_total,2023,43.923
zmb,sex_m,eco_aggregate_pub,mts_details_total,2024,30.77
zmb,sex_m,eco_aggregate_pub,mts_details_wid,2018,56.959
zmb,sex_m,eco_aggregate_pub,mts_details_wid,2019,48.88
zmb,sex_m,eco_aggregate_pub,mts_details_wid,2020,85.394
zmb,sex_m,eco_aggregate_pub,mts_details_wid,2022,47.549
zmb,sex_m,eco_aggregate_pub,mts_details_wid,2024,46.109
zmb,sex_m,eco_aggregate_total,mts_aggregate_1,2017,86.884
zmb,sex_m,eco_aggregate_total,mts_aggregate_1,2018,84.85
zmb,sex_m,eco_aggregate_total,mts_aggregate_1,2019,88.678
zmb,sex_m,eco_aggregate_total,mts_aggregate_1,2020,88.727
zmb,sex_m,eco_aggregate_total,mts_aggregate_1,2021,88.746
zmb,sex_m,eco_aggregate_total,mts_aggregate_1,2022,87.176
zmb,sex_m,eco_aggregate_total,mts_aggregate_1,2023,84.493
zmb,sex_m,eco_aggregate_total,mts_aggregate_1,2024,87.138
zmb,sex_m,eco_aggregate_total,mts_aggregate_2,2017,74.863
zmb,sex_m,eco_aggregate_total,mts_aggregate_2,2018,73.818
zmb,sex_m,eco_aggregate_total,mts_aggregate_2,2019,74.808
zmb,sex_m,eco_aggregate_total,mts_aggregate_2,2020,76.304
zmb,sex_m,eco_aggregate_total,mts_aggregate_2,2021,78.815
zmb,sex_m,eco_aggregate_total,mts_aggregate_2,2022,78.528
zmb,sex_m,eco_aggregate_total,mts_aggregate_2,2023,76.574
zmb,sex_m,eco_aggregate_total,mts_aggregate_2,2024,75.309
zmb,sex_m,eco_aggregate_total,mts_aggregate_total,2017,78.298
zmb,sex_m,eco_aggregate_total,mts_aggregate_total,2018,76.898
zmb,sex_m,eco_aggregate_total,mts_aggregate_total,2019,78.801
zmb,sex_m,eco_aggregate_total,mts_aggregate_total,2020,79.991
zmb,sex_m,eco_aggregate_total,mts_aggregate_total,2021,81.937
zmb,sex_m,eco_aggregate_total,mts_aggregate_total,2022,81.144
zmb,sex_m,eco_aggregate_total,mts_aggregate_total,2023,78.988
zmb,sex_m,eco_aggregate_total,mts_aggregate_total,2024,78.977
zmb,sex_m,eco_aggregate_total,mts_details_mrd,2017,74.852
zmb,sex_m,eco_aggregate_total,mts_details_mrd,2018,73.808
zmb,sex_m,eco_aggregate_total,mts_details_mrd,2019,74.867
zmb,sex_m,eco_aggregate_total,mts_details_mrd,2020,76.3
zmb,sex_m,eco_aggregate_total,mts_details_mrd,2021,78.79
zmb,sex_m,eco_aggregate_total,mts_details_mrd,2022,78.526
zmb,sex_m,eco_aggregate_total,mts_details_mrd,2023,76.65
zmb,sex_m,eco_aggregate_total,mts_details_mrd,2024,75.302
zmb,sex_m,eco_aggregate_total,mts_details_sep,2017,83.199
zmb,sex_m,eco_aggregate_total,mts_details_sep,2018,82.033
zmb,sex_m,eco_aggregate_total,mts_details_sep,2019,86.644
zmb,sex_m,eco_aggregate_total,mts_details_sep,2020,84.08
zmb,sex_m,eco_aggregate_total,mts_details_sep,2021,88.091
zmb,sex_m,eco_aggregate_total,mts_details_sep,2022,82.719
zmb,sex_m,eco_aggregate_total,mts_details_sep,2023,80.536
zmb,sex_m,eco_aggregate_total,mts_details_sep,2024,81.984
zmb,sex_m,eco_aggregate_total,mts_details_sgle,2017,87.519
zmb,sex_m,eco_aggregate_total,mts_details_sgle,2018,85.532
zmb,sex_m,eco_aggregate_total,mts_details_sgle,2019,89.986
zmb,sex_m,eco_aggregate_total,mts_details_sgle,2020,89.342
zmb,sex_m,eco_aggregate_total,mts_details_sgle,2021,89.03
zmb,sex_m,eco_aggregate_total,mts_details_sgle,2022,88.158
zmb,sex_m,eco_aggregate_total,mts_details_sgle,2023,85.533
zmb,sex_m,eco_aggregate_total,mts_details_sgle,2024,88.262
zmb,sex_m,eco_aggregate_total,mts_details_total,2017,78.298
zmb,sex_m,eco_aggregate_total,mts_details_total,2018,76.898
zmb,sex_m,eco_aggregate_total,mts_details_total,2019,78.801
zmb,sex_m,eco_aggregate_total,mts_details_total,2020,79.991
zmb,sex_m,eco_aggregate_total,mts_details_total,2021,81.937
zmb,sex_m,eco_aggregate_total,mts_details_total,2022,81.144
zmb,sex_m,eco_aggregate_total,mts_details_total,2023,78.988
zmb,sex_m,eco_aggregate_total,mts_details_total,2024,78.977
zmb,sex_m,eco_aggregate_total,mts_details_union,2017,86.036
zmb,sex_m,eco_aggregate_total,mts_details_union,2018,78.769
zmb,sex_m,eco_aggregate_total,mts_details_union,2021,87.576
zmb,sex_m,eco_aggregate_total,mts_details_union,2022,79.55
zmb,sex_m,eco_aggregate_total,mts_details_union,2023,48.334
zmb,sex_m,eco_aggregate_total,mts_details_union,2024,78.561
zmb,sex_m,eco_aggregate_total,mts_details_wid,2017,87.455
zmb,sex_m,eco_aggregate_total,mts_details_wid,2018,82.546
zmb,sex_m,eco_aggregate_total,mts_details_wid,2019,75.794
zmb,sex_m,eco_aggregate_total,mts_details_wid,2020,91.796
zmb,sex_m,eco_aggregate_total,mts_details_wid,2021,85.926
zmb,sex_m,eco_aggregate_total,mts_details_wid,2022,83.588
zmb,sex_m,eco_aggregate_total,mts_details_wid,2023,75.806
zmb,sex_m,eco_aggregate_total,mts_details_wid,2024,84.38
zmb,sex_m,eco_sector_agr,mts_aggregate_1,2017,97.897
zmb,sex_m,eco_sector_agr,mts_aggregate_1,2018,97.683
zmb,sex_m,eco_sector_agr,mts_aggregate_1,2019,97.129
zmb,sex_m,eco_sector_agr,mts_aggregate_1,2020,97.834
zmb,sex_m,eco_sector_agr,mts_aggregate_1,2021,97.829
zmb,sex_m,eco_sector_agr,mts_aggregate_1,2022,97.448
zmb,sex_m,eco_sector_agr,mts_aggregate_1,2023,97.457
zmb,sex_m,eco_sector_agr,mts_aggregate_1,2024,98.751
zmb,sex_m,eco_sector_agr,mts_aggregate_2,2017,94.125
zmb,sex_m,eco_sector_agr,mts_aggregate_2,2018,92.614
zmb,sex_m,eco_sector_agr,mts_aggregate_2,2019,91.603
zmb,sex_m,eco_sector_agr,mts_aggregate_2,2020,94.296
zmb,sex_m,eco_sector_agr,mts_aggregate_2,2021,95.188
zmb,sex_m,eco_sector_agr,mts_aggregate_2,2022,95.684
zmb,sex_m,eco_sector_agr,mts_aggregate_2,2023,95.338
zmb,sex_m,eco_sector_agr,mts_aggregate_2,2024,96.137
zmb,sex_m,eco_sector_agr,mts_aggregate_total,2017,95.338
zmb,sex_m,eco_sector_agr,mts_aggregate_total,2018,94.202
zmb,sex_m,eco_sector_agr,mts_aggregate_total,2019,93.447
zmb,sex_m,eco_sector_agr,mts_aggregate_total,2020,95.444
zmb,sex_m,eco_sector_agr,mts_aggregate_total,2021,96.073
zmb,sex_m,eco_sector_agr,mts_aggregate_total,2022,96.285
zmb,sex_m,eco_sector_agr,mts_aggregate_total,2023,96.018
zmb,sex_m,eco_sector_agr,mts_aggregate_total,2024,97.017
zmb,sex_m,eco_sector_agr,mts_details_mrd,2017,94.119
zmb,sex_m,eco_sector_agr,mts_details_mrd,2018,92.599
zmb,sex_m,eco_sector_agr,mts_details_mrd,2019,91.76
zmb,sex_m,eco_sector_agr,mts_details_mrd,2020,94.291
zmb,sex_m,eco_sector_agr,mts_details_mrd,2021,95.179
zmb,sex_m,eco_sector_agr,mts_details_mrd,2022,95.679
zmb,sex_m,eco_sector_agr,mts_details_mrd,2023,95.335
zmb,sex_m,eco_sector_agr,mts_details_mrd,2024,96.129
zmb,sex_m,eco_sector_agr,mts_details_sep,2017,94.507
zmb,sex_m,eco_sector_agr,mts_details_sep,2018,96.963
zmb,sex_m,eco_sector_agr,mts_details_sep,2019,93.2
zmb,sex_m,eco_sector_agr,mts_details_sep,2020,97.178
zmb,sex_m,eco_sector_agr,mts_details_sep,2021,98.62
zmb,sex_m,eco_sector_agr,mts_details_sep,2022,93.82
zmb,sex_m,eco_sector_agr,mts_details_sep,2023,98.147
zmb,sex_m,eco_sector_agr,mts_details_sep,2024,99.352
zmb,sex_m,eco_sector_agr,mts_details_sgle,2017,98.42
zmb,sex_m,eco_sector_agr,mts_details_sgle,2018,97.884
zmb,sex_m,eco_sector_agr,mts_details_sgle,2019,97.967
zmb,sex_m,eco_sector_agr,mts_details_sgle,2020,97.799
zmb,sex_m,eco_sector_agr,mts_details_sgle,2021,97.678
zmb,sex_m,eco_sector_agr,mts_details_sgle,2022,98.066
zmb,sex_m,eco_sector_agr,mts_details_sgle,2023,97.354
zmb,sex_m,eco_sector_agr,mts_details_sgle,2024,98.661
zmb,sex_m,eco_sector_agr,mts_details_total,2017,95.338
zmb,sex_m,eco_sector_agr,mts_details_total,2018,94.202
zmb,sex_m,eco_sector_agr,mts_details_total,2019,93.447
zmb,sex_m,eco_sector_agr,mts_details_total,2020,95.444
zmb,sex_m,eco_sector_agr,mts_details_total,2021,96.073
zmb,sex_m,eco_sector_agr,mts_details_total,2022,96.285
zmb,sex_m,eco_sector_agr,mts_details_total,2023,96.018
zmb,sex_m,eco_sector_agr,mts_details_total,2024,97.017
zmb,sex_m,eco_sector_agr,mts_details_union,2018,100
zmb,sex_m,eco_sector_agr,mts_details_union,2021,100
zmb,sex_m,eco_sector_agr,mts_details_union,2024,100
zmb,sex_m,eco_sector_agr,mts_details_wid,2017,97.058
zmb,sex_m,eco_sector_agr,mts_details_wid,2018,96.339
zmb,sex_m,eco_sector_agr,mts_details_wid,2019,93.005
zmb,sex_m,eco_sector_agr,mts_details_wid,2020,100
zmb,sex_m,eco_sector_agr,mts_details_wid,2021,98.602
zmb,sex_m,eco_sector_agr,mts_details_wid,2022,96.629
zmb,sex_m,eco_sector_agr,mts_details_wid,2023,97.487
zmb,sex_m,eco_sector_agr,mts_details_wid,2024,98.657
zmb,sex_m,eco_sector_ind,mts_aggregate_1,2017,73.472
zmb,sex_m,eco_sector_ind,mts_aggregate_1,2018,70.129
zmb,sex_m,eco_sector_ind,mts_aggregate_1,2019,76.517
zmb,sex_m,eco_sector_ind,mts_aggregate_1,2020,81.17
zmb,sex_m,eco_sector_ind,mts_aggregate_1,2021,79.819
zmb,sex_m,eco_sector_ind,mts_aggregate_1,2022,73.971
zmb,sex_m,eco_sector_ind,mts_aggregate_1,2023,73.917
zmb,sex_m,eco_sector_ind,mts_aggregate_1,2024,71.794
zmb,sex_m,eco_sector_ind,mts_aggregate_2,2017,53.832
zmb,sex_m,eco_sector_ind,mts_aggregate_2,2018,55.286
zmb,sex_m,eco_sector_ind,mts_aggregate_2,2019,61.485
zmb,sex_m,eco_sector_ind,mts_aggregate_2,2020,65.201
zmb,sex_m,eco_sector_ind,mts_aggregate_2,2021,66.3
zmb,sex_m,eco_sector_ind,mts_aggregate_2,2022,66.833
zmb,sex_m,eco_sector_ind,mts_aggregate_2,2023,62.328
zmb,sex_m,eco_sector_ind,mts_aggregate_2,2024,59.898
zmb,sex_m,eco_sector_ind,mts_aggregate_total,2017,58.097
zmb,sex_m,eco_sector_ind,mts_aggregate_total,2018,58.795
zmb,sex_m,eco_sector_ind,mts_aggregate_total,2019,64.645
zmb,sex_m,eco_sector_ind,mts_aggregate_total,2020,69.28
zmb,sex_m,eco_sector_ind,mts_aggregate_total,2021,69.95
zmb,sex_m,eco_sector_ind,mts_aggregate_total,2022,68.406
zmb,sex_m,eco_sector_ind,mts_aggregate_total,2023,65.628
zmb,sex_m,eco_sector_ind,mts_aggregate_total,2024,63.17
zmb,sex_m,eco_sector_ind,mts_details_mrd,2017,53.809
zmb,sex_m,eco_sector_ind,mts_details_mrd,2018,55.212
zmb,sex_m,eco_sector_ind,mts_details_mrd,2019,61.485
zmb,sex_m,eco_sector_ind,mts_details_mrd,2020,65.323
zmb,sex_m,eco_sector_ind,mts_details_mrd,2021,66.214
zmb,sex_m,eco_sector_ind,mts_details_mrd,2022,66.8
zmb,sex_m,eco_sector_ind,mts_details_mrd,2023,62.303
zmb,sex_m,eco_sector_ind,mts_details_mrd,2024,59.946
zmb,sex_m,eco_sector_ind,mts_details_sep,2017,80.552
zmb,sex_m,eco_sector_ind,mts_details_sep,2018,71.784
zmb,sex_m,eco_sector_ind,mts_details_sep,2019,80.597
zmb,sex_m,eco_sector_ind,mts_details_sep,2020,77.198
zmb,sex_m,eco_sector_ind,mts_details_sep,2021,67.515
zmb,sex_m,eco_sector_ind,mts_details_sep,2022,74.051
zmb,sex_m,eco_sector_ind,mts_details_sep,2023,64.626
zmb,sex_m,eco_sector_ind,mts_details_sep,2024,75.091
zmb,sex_m,eco_sector_ind,mts_details_sgle,2017,70.546
zmb,sex_m,eco_sector_ind,mts_details_sgle,2018,69.458
zmb,sex_m,eco_sector_ind,mts_details_sgle,2019,75.388
zmb,sex_m,eco_sector_ind,mts_details_sgle,2020,81.654
zmb,sex_m,eco_sector_ind,mts_details_sgle,2021,83
zmb,sex_m,eco_sector_ind,mts_details_sgle,2022,74.366
zmb,sex_m,eco_sector_ind,mts_details_sgle,2023,76.045
zmb,sex_m,eco_sector_ind,mts_details_sgle,2024,70.274
zmb,sex_m,eco_sector_ind,mts_details_total,2017,58.097
zmb,sex_m,eco_sector_ind,mts_details_total,2018,58.795
zmb,sex_m,eco_sector_ind,mts_details_total,2019,64.645
zmb,sex_m,eco_sector_ind,mts_details_total,2020,69.28
zmb,sex_m,eco_sector_ind,mts_details_total,2021,69.95
zmb,sex_m,eco_sector_ind,mts_details_total,2022,68.406
zmb,sex_m,eco_sector_ind,mts_details_total,2023,65.628
zmb,sex_m,eco_sector_ind,mts_details_total,2024,63.17
zmb,sex_m,eco_sector_ind,mts_details_wid,2017,84.208
zmb,sex_m,eco_sector_ind,mts_details_wid,2018,74.136
zmb,sex_m,eco_sector_ind,mts_details_wid,2019,77.217
zmb,sex_m,eco_sector_ind,mts_details_wid,2020,100
zmb,sex_m,eco_sector_ind,mts_details_wid,2021,72.723
zmb,sex_m,eco_sector_ind,mts_details_wid,2022,67.414
zmb,sex_m,eco_sector_ind,mts_details_wid,2023,74.326
zmb,sex_m,eco_sector_ind,mts_details_wid,2024,87.67
zmb,sex_m,eco_sector_nag,mts_aggregate_1,2017,70.482
zmb,sex_m,eco_sector_nag,mts_aggregate_1,2018,65.565
zmb,sex_m,eco_sector_nag,mts_aggregate_1,2019,75.33
zmb,sex_m,eco_sector_nag,mts_aggregate_1,2020,75.353
zmb,sex_m,eco_sector_nag,mts_aggregate_1,2021,76.592
zmb,sex_m,eco_sector_nag,mts_aggregate_1,2022,72.055
zmb,sex_m,eco_sector_nag,mts_aggregate_1,2023,68.194
zmb,sex_m,eco_sector_nag,mts_aggregate_1,2024,67.218
zmb,sex_m,eco_sector_nag,mts_aggregate_2,2017,55.214
zmb,sex_m,eco_sector_nag,mts_aggregate_2,2018,54.26
zmb,sex_m,eco_sector_nag,mts_aggregate_2,2019,58.38
zmb,sex_m,eco_sector_nag,mts_aggregate_2,2020,56.607
zmb,sex_m,eco_sector_nag,mts_aggregate_2,2021,61.045
zmb,sex_m,eco_sector_nag,mts_aggregate_2,2022,61.336
zmb,sex_m,eco_sector_nag,mts_aggregate_2,2023,56.48
zmb,sex_m,eco_sector_nag,mts_aggregate_2,2024,48.846
zmb,sex_m,eco_sector_nag,mts_aggregate_total,2017,58.956
zmb,sex_m,eco_sector_nag,mts_aggregate_total,2018,56.973
zmb,sex_m,eco_sector_nag,mts_aggregate_total,2019,62.392
zmb,sex_m,eco_sector_nag,mts_aggregate_total,2020,61.55
zmb,sex_m,eco_sector_nag,mts_aggregate_total,2021,65.557
zmb,sex_m,eco_sector_nag,mts_aggregate_total,2022,64.123
zmb,sex_m,eco_sector_nag,mts_aggregate_total,2023,59.841
zmb,sex_m,eco_sector_nag,mts_aggregate_total,2024,53.864
zmb,sex_m,eco_sector_nag,mts_details_mrd,2017,55.195
zmb,sex_m,eco_sector_nag,mts_details_mrd,2018,54.256
zmb,sex_m,eco_sector_nag,mts_details_mrd,2019,58.38
zmb,sex_m,eco_sector_nag,mts_details_mrd,2020,56.586
zmb,sex_m,eco_sector_nag,mts_details_mrd,2021,60.956
zmb,sex_m,eco_sector_nag,mts_details_mrd,2022,61.314
zmb,sex_m,eco_sector_nag,mts_details_mrd,2023,56.56
zmb,sex_m,eco_sector_nag,mts_details_mrd,2024,48.837
zmb,sex_m,eco_sector_nag,mts_details_sep,2017,72.668
zmb,sex_m,eco_sector_nag,mts_details_sep,2018,64.487
zmb,sex_m,eco_sector_nag,mts_details_sep,2019,77.803
zmb,sex_m,eco_sector_nag,mts_details_sep,2020,73.635
zmb,sex_m,eco_sector_nag,mts_details_sep,2021,77.648
zmb,sex_m,eco_sector_nag,mts_details_sep,2022,68.47
zmb,sex_m,eco_sector_nag,mts_details_sep,2023,63.538
zmb,sex_m,eco_sector_nag,mts_details_sep,2024,61.285
zmb,sex_m,eco_sector_nag,mts_details_sgle,2017,69.428
zmb,sex_m,eco_sector_nag,mts_details_sgle,2018,65.837
zmb,sex_m,eco_sector_nag,mts_details_sgle,2019,76.251
zmb,sex_m,eco_sector_nag,mts_details_sgle,2020,75.303
zmb,sex_m,eco_sector_nag,mts_details_sgle,2021,76.734
zmb,sex_m,eco_sector_nag,mts_details_sgle,2022,73.269
zmb,sex_m,eco_sector_nag,mts_details_sgle,2023,69.908
zmb,sex_m,eco_sector_nag,mts_details_sgle,2024,68.876
zmb,sex_m,eco_sector_nag,mts_details_total,2017,58.956
zmb,sex_m,eco_sector_nag,mts_details_total,2018,56.973
zmb,sex_m,eco_sector_nag,mts_details_total,2019,62.392
zmb,sex_m,eco_sector_nag,mts_details_total,2020,61.55
zmb,sex_m,eco_sector_nag,mts_details_total,2021,65.557
zmb,sex_m,eco_sector_nag,mts_details_total,2022,64.123
zmb,sex_m,eco_sector_nag,mts_details_total,2023,59.841
zmb,sex_m,eco_sector_nag,mts_details_total,2024,53.864
zmb,sex_m,eco_sector_nag,mts_details_union,2021,82.056
zmb,sex_m,eco_sector_nag,mts_details_wid,2017,76.727
zmb,sex_m,eco_sector_nag,mts_details_wid,2018,65.146
zmb,sex_m,eco_sector_nag,mts_details_wid,2019,62.797
zmb,sex_m,eco_sector_nag,mts_details_wid,2020,81.959
zmb,sex_m,eco_sector_nag,mts_details_wid,2021,71.878
zmb,sex_m,eco_sector_nag,mts_details_wid,2022,63.742
zmb,sex_m,eco_sector_nag,mts_details_wid,2023,51.232
zmb,sex_m,eco_sector_nag,mts_details_wid,2024,64.241
zmb,sex_m,eco_sector_ser,mts_aggregate_1,2017,69.432
zmb,sex_m,eco_sector_ser,mts_aggregate_1,2018,63.23
zmb,sex_m,eco_sector_ser,mts_aggregate_1,2019,74.889
zmb,sex_m,eco_sector_ser,mts_aggregate_1,2020,73.042
zmb,sex_m,eco_sector_ser,mts_aggregate_1,2021,75.119
zmb,sex_m,eco_sector_ser,mts_aggregate_1,2022,71.353
zmb,sex_m,eco_sector_ser,mts_aggregate_1,2023,65.43
zmb,sex_m,eco_sector_ser,mts_aggregate_1,2024,65.402
zmb,sex_m,eco_sector_ser,mts_aggregate_2,2017,55.818
zmb,sex_m,eco_sector_ser,mts_aggregate_2,2018,53.72
zmb,sex_m,eco_sector_ser,mts_aggregate_2,2019,56.949
zmb,sex_m,eco_sector_ser,mts_aggregate_2,2020,52.98
zmb,sex_m,eco_sector_ser,mts_aggregate_2,2021,58.257
zmb,sex_m,eco_sector_ser,mts_aggregate_2,2022,58.586
zmb,sex_m,eco_sector_ser,mts_aggregate_2,2023,53.61
zmb,sex_m,eco_sector_ser,mts_aggregate_2,2024,44.517
zmb,sex_m,eco_sector_ser,mts_aggregate_total,2017,59.312
zmb,sex_m,eco_sector_ser,mts_aggregate_total,2018,56.02
zmb,sex_m,eco_sector_ser,mts_aggregate_total,2019,61.404
zmb,sex_m,eco_sector_ser,mts_aggregate_total,2020,58.339
zmb,sex_m,eco_sector_ser,mts_aggregate_total,2021,63.324
zmb,sex_m,eco_sector_ser,mts_aggregate_total,2022,62.139
zmb,sex_m,eco_sector_ser,mts_aggregate_total,2023,57.014
zmb,sex_m,eco_sector_ser,mts_aggregate_total,2024,50.208
zmb,sex_m,eco_sector_ser,mts_details_mrd,2017,55.799
zmb,sex_m,eco_sector_ser,mts_details_mrd,2018,53.752
zmb,sex_m,eco_sector_ser,mts_details_mrd,2019,56.949
zmb,sex_m,eco_sector_ser,mts_details_mrd,2020,52.9
zmb,sex_m,eco_sector_ser,mts_details_mrd,2021,58.159
zmb,sex_m,eco_sector_ser,mts_details_mrd,2022,58.563
zmb,sex_m,eco_sector_ser,mts_details_mrd,2023,53.741
zmb,sex_m,eco_sector_ser,mts_details_mrd,2024,44.496
zmb,sex_m,eco_sector_ser,mts_details_sep,2017,69.579
zmb,sex_m,eco_sector_ser,mts_details_sep,2018,60.489
zmb,sex_m,eco_sector_ser,mts_details_sep,2019,76.327
zmb,sex_m,eco_sector_ser,mts_details_sep,2020,71.951
zmb,sex_m,eco_sector_ser,mts_details_sep,2021,83.069
zmb,sex_m,eco_sector_ser,mts_details_sep,2022,66.209
zmb,sex_m,eco_sector_ser,mts_details_sep,2023,62.911
zmb,sex_m,eco_sector_ser,mts_details_sep,2024,55.709
zmb,sex_m,eco_sector_ser,mts_details_sgle,2017,69.049
zmb,sex_m,eco_sector_ser,mts_details_sgle,2018,63.995
zmb,sex_m,eco_sector_ser,mts_details_sgle,2019,76.567
zmb,sex_m,eco_sector_ser,mts_details_sgle,2020,72.76
zmb,sex_m,eco_sector_ser,mts_details_sgle,2021,73.939
zmb,sex_m,eco_sector_ser,mts_details_sgle,2022,72.871
zmb,sex_m,eco_sector_ser,mts_details_sgle,2023,67.018
zmb,sex_m,eco_sector_ser,mts_details_sgle,2024,68.309
zmb,sex_m,eco_sector_ser,mts_details_total,2017,59.312
zmb,sex_m,eco_sector_ser,mts_details_total,2018,56.02
zmb,sex_m,eco_sector_ser,mts_details_total,2019,61.404
zmb,sex_m,eco_sector_ser,mts_details_total,2020,58.339
zmb,sex_m,eco_sector_ser,mts_details_total,2021,63.324
zmb,sex_m,eco_sector_ser,mts_details_total,2022,62.139
zmb,sex_m,eco_sector_ser,mts_details_total,2023,57.014
zmb,sex_m,eco_sector_ser,mts_details_total,2024,50.208
zmb,sex_m,eco_sector_ser,mts_details_wid,2017,73.86
zmb,sex_m,eco_sector_ser,mts_details_wid,2018,61.132
zmb,sex_m,eco_sector_ser,mts_details_wid,2019,59.98
zmb,sex_m,eco_sector_ser,mts_details_wid,2020,79.15
zmb,sex_m,eco_sector_ser,mts_details_wid,2021,71.534
zmb,sex_m,eco_sector_ser,mts_details_wid,2022,62.547
zmb,sex_m,eco_sector_ser,mts_details_wid,2023,42.696
zmb,sex_m,eco_sector_ser,mts_details_wid,2024,58.343
zmb,sex_m,eco_sector_total,mts_aggregate_1,2017,86.884
zmb,sex_m,eco_sector_total,mts_aggregate_1,2018,84.85
zmb,sex_m,eco_sector_total,mts_aggregate_1,2019,88.678
zmb,sex_m,eco_sector_total,mts_aggregate_1,2020,88.727
zmb,sex_m,eco_sector_total,mts_aggregate_1,2021,88.746
zmb,sex_m,eco_sector_total,mts_aggregate_1,2022,87.176
zmb,sex_m,eco_sector_total,mts_aggregate_1,2023,84.493
zmb,sex_m,eco_sector_total,mts_aggregate_1,2024,87.138
zmb,sex_m,eco_sector_total,mts_aggregate_2,2017,74.863
zmb,sex_m,eco_sector_total,mts_aggregate_2,2018,73.818
zmb,sex_m,eco_sector_total,mts_aggregate_2,2019,74.808
zmb,sex_m,eco_sector_total,mts_aggregate_2,2020,76.304
zmb,sex_m,eco_sector_total,mts_aggregate_2,2021,78.815
zmb,sex_m,eco_sector_total,mts_aggregate_2,2022,78.528
zmb,sex_m,eco_sector_total,mts_aggregate_2,2023,76.574
zmb,sex_m,eco_sector_total,mts_aggregate_2,2024,75.309
zmb,sex_m,eco_sector_total,mts_aggregate_total,2017,78.298
zmb,sex_m,eco_sector_total,mts_aggregate_total,2018,76.898
zmb,sex_m,eco_sector_total,mts_aggregate_total,2019,78.801
zmb,sex_m,eco_sector_total,mts_aggregate_total,2020,79.991
zmb,sex_m,eco_sector_total,mts_aggregate_total,2021,81.937
zmb,sex_m,eco_sector_total,mts_aggregate_total,2022,81.144
zmb,sex_m,eco_sector_total,mts_aggregate_total,2023,78.988
zmb,sex_m,eco_sector_total,mts_aggregate_total,2024,78.977
zmb,sex_m,eco_sector_total,mts_details_mrd,2017,74.852
zmb,sex_m,eco_sector_total,mts_details_mrd,2018,73.808
zmb,sex_m,eco_sector_total,mts_details_mrd,2019,74.867
zmb,sex_m,eco_sector_total,mts_details_mrd,2020,76.3
zmb,sex_m,eco_sector_total,mts_details_mrd,2021,78.79
zmb,sex_m,eco_sector_total,mts_details_mrd,2022,78.526
zmb,sex_m,eco_sector_total,mts_details_mrd,2023,76.65
zmb,sex_m,eco_sector_total,mts_details_mrd,2024,75.302
zmb,sex_m,eco_sector_total,mts_details_sep,2017,83.199
zmb,sex_m,eco_sector_total,mts_details_sep,2018,82.033
zmb,sex_m,eco_sector_total,mts_details_sep,2019,86.644
zmb,sex_m,eco_sector_total,mts_details_sep,2020,84.08
zmb,sex_m,eco_sector_total,mts_details_sep,2021,88.091
zmb,sex_m,eco_sector_total,mts_details_sep,2022,82.719
zmb,sex_m,eco_sector_total,mts_details_sep,2023,80.536
zmb,sex_m,eco_sector_total,mts_details_sep,2024,81.984
zmb,sex_m,eco_sector_total,mts_details_sgle,2017,87.519
zmb,sex_m,eco_sector_total,mts_details_sgle,2018,85.532
zmb,sex_m,eco_sector_total,mts_details_sgle,2019,89.986
zmb,sex_m,eco_sector_total,mts_details_sgle,2020,89.342
zmb,sex_m,eco_sector_total,mts_details_sgle,2021,89.03
zmb,sex_m,eco_sector_total,mts_details_sgle,2022,88.158
zmb,sex_m,eco_sector_total,mts_details_sgle,2023,85.533
zmb,sex_m,eco_sector_total,mts_details_sgle,2024,88.262
zmb,sex_m,eco_sector_total,mts_details_total,2017,78.298
zmb,sex_m,eco_sector_total,mts_details_total,2018,76.898
zmb,sex_m,eco_sector_total,mts_details_total,2019,78.801
zmb,sex_m,eco_sector_total,mts_details_total,2020,79.991
zmb,sex_m,eco_sector_total,mts_details_total,2021,81.937
zmb,sex_m,eco_sector_total,mts_details_total,2022,81.144
zmb,sex_m,eco_sector_total,mts_details_total,2023,78.988
zmb,sex_m,eco_sector_total,mts_details_total,2024,78.977
zmb,sex_m,eco_sector_total,mts_details_union,2017,86.036
zmb,sex_m,eco_sector_total,mts_details_union,2018,78.769
zmb,sex_m,eco_sector_total,mts_details_union,2021,87.576
zmb,sex_m,eco_sector_total,mts_details_union,2022,79.55
zmb,sex_m,eco_sector_total,mts_details_union,2023,48.334
zmb,sex_m,eco_sector_total,mts_details_union,2024,78.561
zmb,sex_m,eco_sector_total,mts_details_wid,2017,87.455
zmb,sex_m,eco_sector_total,mts_details_wid,2018,82.546
zmb,sex_m,eco_sector_total,mts_details_wid,2019,75.794
zmb,sex_m,eco_sector_total,mts_details_wid,2020,91.796
zmb,sex_m,eco_sector_total,mts_details_wid,2021,85.926
zmb,sex_m,eco_sector_total,mts_details_wid,2022,83.588
zmb,sex_m,eco_sector_total,mts_details_wid,2023,75.806
zmb,sex_m,eco_sector_total,mts_details_wid,2024,84.38
zmb,sex_t,eco_aggregate_agr,mts_aggregate_1,2017,98.541
zmb,sex_t,eco_aggregate_agr,mts_aggregate_1,2018,98.114
zmb,sex_t,eco_aggregate_agr,mts_aggregate_1,2019,97.518
zmb,sex_t,eco_aggregate_agr,mts_aggregate_1,2020,98.175
zmb,sex_t,eco_aggregate_agr,mts_aggregate_1,2021,97.931
zmb,sex_t,eco_aggregate_agr,mts_aggregate_1,2022,98.14
zmb,sex_t,eco_aggregate_agr,mts_aggregate_1,2023,98.044
zmb,sex_t,eco_aggregate_agr,mts_aggregate_1,2024,98.897
zmb,sex_t,eco_aggregate_agr,mts_aggregate_2,2017,96.525
zmb,sex_t,eco_aggregate_agr,mts_aggregate_2,2018,95.683
zmb,sex_t,eco_aggregate_agr,mts_aggregate_2,2019,94.912
zmb,sex_t,eco_aggregate_agr,mts_aggregate_2,2020,96.403
zmb,sex_t,eco_aggregate_agr,mts_aggregate_2,2021,96.889
zmb,sex_t,eco_aggregate_agr,mts_aggregate_2,2022,97.497
zmb,sex_t,eco_aggregate_agr,mts_aggregate_2,2023,97.176
zmb,sex_t,eco_aggregate_agr,mts_aggregate_2,2024,97.506
zmb,sex_t,eco_aggregate_agr,mts_aggregate_total,2017,97.224
zmb,sex_t,eco_aggregate_agr,mts_aggregate_total,2018,96.538
zmb,sex_t,eco_aggregate_agr,mts_aggregate_total,2019,95.863
zmb,sex_t,eco_aggregate_agr,mts_aggregate_total,2020,97.028
zmb,sex_t,eco_aggregate_agr,mts_aggregate_total,2021,97.258
zmb,sex_t,eco_aggregate_agr,mts_aggregate_total,2022,97.729
zmb,sex_t,eco_aggregate_agr,mts_aggregate_total,2023,97.477
zmb,sex_t,eco_aggregate_agr,mts_aggregate_total,2024,98.001
zmb,sex_t,eco_aggregate_agr,mts_details_mrd,2017,96.543
zmb,sex_t,eco_aggregate_agr,mts_details_mrd,2018,95.674
zmb,sex_t,eco_aggregate_agr,mts_details_mrd,2019,94.994
zmb,sex_t,eco_aggregate_agr,mts_details_mrd,2020,96.4
zmb,sex_t,eco_aggregate_agr,mts_details_mrd,2021,96.882
zmb,sex_t,eco_aggregate_agr,mts_details_mrd,2022,97.518
zmb,sex_t,eco_aggregate_agr,mts_details_mrd,2023,97.173
zmb,sex_t,eco_aggregate_agr,mts_details_mrd,2024,97.503
zmb,sex_t,eco_aggregate_agr,mts_details_sep,2017,97.967
zmb,sex_t,eco_aggregate_agr,mts_details_sep,2018,97.306
zmb,sex_t,eco_aggregate_agr,mts_details_sep,2019,96.122
zmb,sex_t,eco_aggregate_agr,mts_details_sep,2020,97.333
zmb,sex_t,eco_aggregate_agr,mts_details_sep,2021,98.378
zmb,sex_t,eco_aggregate_agr,mts_details_sep,2022,97.29
zmb,sex_t,eco_aggregate_agr,mts_details_sep,2023,97.818
zmb,sex_t,eco_aggregate_agr,mts_details_sep,2024,98.669
zmb,sex_t,eco_aggregate_agr,mts_details_sgle,2017,98.608
zmb,sex_t,eco_aggregate_agr,mts_details_sgle,2018,98.362
zmb,sex_t,eco_aggregate_agr,mts_details_sgle,2019,97.833
zmb,sex_t,eco_aggregate_agr,mts_details_sgle,2020,98.148
zmb,sex_t,eco_aggregate_agr,mts_details_sgle,2021,97.881
zmb,sex_t,eco_aggregate_agr,mts_details_sgle,2022,98.224
zmb,sex_t,eco_aggregate_agr,mts_details_sgle,2023,97.902
zmb,sex_t,eco_aggregate_agr,mts_details_sgle,2024,98.914
zmb,sex_t,eco_aggregate_agr,mts_details_total,2017,97.224
zmb,sex_t,eco_aggregate_agr,mts_details_total,2018,96.538
zmb,sex_t,eco_aggregate_agr,mts_details_total,2019,95.863
zmb,sex_t,eco_aggregate_agr,mts_details_total,2020,97.028
zmb,sex_t,eco_aggregate_agr,mts_details_total,2021,97.258
zmb,sex_t,eco_aggregate_agr,mts_details_total,2022,97.729
zmb,sex_t,eco_aggregate_agr,mts_details_total,2023,97.477
zmb,sex_t,eco_aggregate_agr,mts_details_total,2024,98.001
zmb,sex_t,eco_aggregate_agr,mts_details_union,2017,85.325
zmb,sex_t,eco_aggregate_agr,mts_details_union,2018,100
zmb,sex_t,eco_aggregate_agr,mts_details_union,2019,48.411
zmb,sex_t,eco_aggregate_agr,mts_details_union,2021,100
zmb,sex_t,eco_aggregate_agr,mts_details_union,2022,83.199
zmb,sex_t,eco_aggregate_agr,mts_details_union,2023,100
zmb,sex_t,eco_aggregate_agr,mts_details_union,2024,100
zmb,sex_t,eco_aggregate_agr,mts_details_wid,2017,99.006
zmb,sex_t,eco_aggregate_agr,mts_details_wid,2018,98.304
zmb,sex_t,eco_aggregate_agr,mts_details_wid,2019,98.387
zmb,sex_t,eco_aggregate_agr,mts_details_wid,2020,99.247
zmb,sex_t,eco_aggregate_agr,mts_details_wid,2021,97.568
zmb,sex_t,eco_aggregate_agr,mts_details_wid,2022,98.857
zmb,sex_t,eco_aggregate_agr,mts_details_wid,2023,98.876
zmb,sex_t,eco_aggregate_agr,mts_details_wid,2024,99.159
zmb,sex_t,eco_aggregate_con,mts_aggregate_1,2017,82.32
zmb,sex_t,eco_aggregate_con,mts_aggregate_1,2018,84.343
zmb,sex_t,eco_aggregate_con,mts_aggregate_1,2019,90.767
zmb,sex_t,eco_aggregate_con,mts_aggregate_1,2020,91.055
zmb,sex_t,eco_aggregate_con,mts_aggregate_1,2021,88.84
zmb,sex_t,eco_aggregate_con,mts_aggregate_1,2022,84.635
zmb,sex_t,eco_aggregate_con,mts_aggregate_1,2023,91.213
zmb,sex_t,eco_aggregate_con,mts_aggregate_1,2024,89.89
zmb,sex_t,eco_aggregate_con,mts_aggregate_2,2017,74.967
zmb,sex_t,eco_aggregate_con,mts_aggregate_2,2018,73.251
zmb,sex_t,eco_aggregate_con,mts_aggregate_2,2019,83.143
zmb,sex_t,eco_aggregate_con,mts_aggregate_2,2020,80.719
zmb,sex_t,eco_aggregate_con,mts_aggregate_2,2021,84.823
zmb,sex_t,eco_aggregate_con,mts_aggregate_2,2022,86.297
zmb,sex_t,eco_aggregate_con,mts_aggregate_2,2023,89.544
zmb,sex_t,eco_aggregate_con,mts_aggregate_2,2024,83.171
zmb,sex_t,eco_aggregate_con,mts_aggregate_total,2017,76.767
zmb,sex_t,eco_aggregate_con,mts_aggregate_total,2018,75.828
zmb,sex_t,eco_aggregate_con,mts_aggregate_total,2019,84.863
zmb,sex_t,eco_aggregate_con,mts_aggregate_total,2020,83.533
zmb,sex_t,eco_aggregate_con,mts_aggregate_total,2021,85.897
zmb,sex_t,eco_aggregate_con,mts_aggregate_total,2022,85.929
zmb,sex_t,eco_aggregate_con,mts_aggregate_total,2023,90.055
zmb,sex_t,eco_aggregate_con,mts_aggregate_total,2024,85.193
zmb,sex_t,eco_aggregate_con,mts_details_mrd,2017,74.856
zmb,sex_t,eco_aggregate_con,mts_details_mrd,2018,73.137
zmb,sex_t,eco_aggregate_con,mts_details_mrd,2019,83.143
zmb,sex_t,eco_aggregate_con,mts_details_mrd,2020,80.719
zmb,sex_t,eco_aggregate_con,mts_details_mrd,2021,84.773
zmb,sex_t,eco_aggregate_con,mts_details_mrd,2022,86.297
zmb,sex_t,eco_aggregate_con,mts_details_mrd,2023,89.488
zmb,sex_t,eco_aggregate_con,mts_details_mrd,2024,83.101
zmb,sex_t,eco_aggregate_con,mts_details_sep,2017,100
zmb,sex_t,eco_aggregate_con,mts_details_sep,2018,88.451
zmb,sex_t,eco_aggregate_con,mts_details_sep,2019,87.757
zmb,sex_t,eco_aggregate_con,mts_details_sep,2020,85.534
zmb,sex_t,eco_aggregate_con,mts_details_sep,2021,93.499
zmb,sex_t,eco_aggregate_con,mts_details_sep,2022,100
zmb,sex_t,eco_aggregate_con,mts_details_sep,2023,78
zmb,sex_t,eco_aggregate_con,mts_details_sep,2024,92.847
zmb,sex_t,eco_aggregate_con,mts_details_sgle,2017,81.489
zmb,sex_t,eco_aggregate_con,mts_details_sgle,2018,85.662
zmb,sex_t,eco_aggregate_con,mts_details_sgle,2019,92.806
zmb,sex_t,eco_aggregate_con,mts_details_sgle,2020,92.512
zmb,sex_t,eco_aggregate_con,mts_details_sgle,2021,87.34
zmb,sex_t,eco_aggregate_con,mts_details_sgle,2022,81.632
zmb,sex_t,eco_aggregate_con,mts_details_sgle,2023,94.02
zmb,sex_t,eco_aggregate_con,mts_details_sgle,2024,89.937
zmb,sex_t,eco_aggregate_con,mts_details_total,2017,76.767
zmb,sex_t,eco_aggregate_con,mts_details_total,2018,75.828
zmb,sex_t,eco_aggregate_con,mts_details_total,2019,84.863
zmb,sex_t,eco_aggregate_con,mts_details_total,2020,83.533
zmb,sex_t,eco_aggregate_con,mts_details_total,2021,85.897
zmb,sex_t,eco_aggregate_con,mts_details_total,2022,85.929
zmb,sex_t,eco_aggregate_con,mts_details_total,2023,90.055
zmb,sex_t,eco_aggregate_con,mts_details_total,2024,85.193
zmb,sex_t,eco_aggregate_man,mts_aggregate_1,2017,80.154
zmb,sex_t,eco_aggregate_man,mts_aggregate_1,2018,77.937
zmb,sex_t,eco_aggregate_man,mts_aggregate_1,2019,75.081
zmb,sex_t,eco_aggregate_man,mts_aggregate_1,2020,80.263
zmb,sex_t,eco_aggregate_man,mts_aggregate_1,2021,78.75
zmb,sex_t,eco_aggregate_man,mts_aggregate_1,2022,74.402
zmb,sex_t,eco_aggregate_man,mts_aggregate_1,2023,68.853
zmb,sex_t,eco_aggregate_man,mts_aggregate_1,2024,72.535
zmb,sex_t,eco_aggregate_man,mts_aggregate_2,2017,60.804
zmb,sex_t,eco_aggregate_man,mts_aggregate_2,2018,61.551
zmb,sex_t,eco_aggregate_man,mts_aggregate_2,2019,65.165
zmb,sex_t,eco_aggregate_man,mts_aggregate_2,2020,71.501
zmb,sex_t,eco_aggregate_man,mts_aggregate_2,2021,72.89
zmb,sex_t,eco_aggregate_man,mts_aggregate_2,2022,68.257
zmb,sex_t,eco_aggregate_man,mts_aggregate_2,2023,56.029
zmb,sex_t,eco_aggregate_man,mts_aggregate_2,2024,65.604
zmb,sex_t,eco_aggregate_man,mts_aggregate_total,2017,66.425
zmb,sex_t,eco_aggregate_man,mts_aggregate_total,2018,67.313
zmb,sex_t,eco_aggregate_man,mts_aggregate_total,2019,67.937
zmb,sex_t,eco_aggregate_man,mts_aggregate_total,2020,74.551
zmb,sex_t,eco_aggregate_man,mts_aggregate_total,2021,74.976
zmb,sex_t,eco_aggregate_man,mts_aggregate_total,2022,70.224
zmb,sex_t,eco_aggregate_man,mts_aggregate_total,2023,60.749
zmb,sex_t,eco_aggregate_man,mts_aggregate_total,2024,68.062
zmb,sex_t,eco_aggregate_man,mts_details_mrd,2017,60.804
zmb,sex_t,eco_aggregate_man,mts_details_mrd,2018,61.551
zmb,sex_t,eco_aggregate_man,mts_details_mrd,2019,65.165
zmb,sex_t,eco_aggregate_man,mts_details_mrd,2020,71.745
zmb,sex_t,eco_aggregate_man,mts_details_mrd,2021,72.826
zmb,sex_t,eco_aggregate_man,mts_details_mrd,2022,68.363
zmb,sex_t,eco_aggregate_man,mts_details_mrd,2023,55.933
zmb,sex_t,eco_aggregate_man,mts_details_mrd,2024,65.604
zmb,sex_t,eco_aggregate_man,mts_details_sep,2017,86.816
zmb,sex_t,eco_aggregate_man,mts_details_sep,2018,84.933
zmb,sex_t,eco_aggregate_man,mts_details_sep,2019,81.437
zmb,sex_t,eco_aggregate_man,mts_details_sep,2020,85.71
zmb,sex_t,eco_aggregate_man,mts_details_sep,2021,68.807
zmb,sex_t,eco_aggregate_man,mts_details_sep,2022,74.296
zmb,sex_t,eco_aggregate_man,mts_details_sep,2023,66.358
zmb,sex_t,eco_aggregate_man,mts_details_sep,2024,83.445
zmb,sex_t,eco_aggregate_man,mts_details_sgle,2017,73.629
zmb,sex_t,eco_aggregate_man,mts_details_sgle,2018,73.666
zmb,sex_t,eco_aggregate_man,mts_details_sgle,2019,70.813
zmb,sex_t,eco_aggregate_man,mts_details_sgle,2020,75.885
zmb,sex_t,eco_aggregate_man,mts_details_sgle,2021,81.045
zmb,sex_t,eco_aggregate_man,mts_details_sgle,2022,74.348
zmb,sex_t,eco_aggregate_man,mts_details_sgle,2023,65.942
zmb,sex_t,eco_aggregate_man,mts_details_sgle,2024,60.967
zmb,sex_t,eco_aggregate_man,mts_details_total,2017,66.425
zmb,sex_t,eco_aggregate_man,mts_details_total,2018,67.313
zmb,sex_t,eco_aggregate_man,mts_details_total,2019,67.937
zmb,sex_t,eco_aggregate_man,mts_details_total,2020,74.551
zmb,sex_t,eco_aggregate_man,mts_details_total,2021,74.976
zmb,sex_t,eco_aggregate_man,mts_details_total,2022,70.224
zmb,sex_t,eco_aggregate_man,mts_details_total,2023,60.749
zmb,sex_t,eco_aggregate_man,mts_details_total,2024,68.062
zmb,sex_t,eco_aggregate_man,mts_details_wid,2017,89.995
zmb,sex_t,eco_aggregate_man,mts_details_wid,2018,86.143
zmb,sex_t,eco_aggregate_man,mts_details_wid,2019,81.316
zmb,sex_t,eco_aggregate_man,mts_details_wid,2020,86.492
zmb,sex_t,eco_aggregate_man,mts_details_wid,2021,84.564
zmb,sex_t,eco_aggregate_man,mts_details_wid,2022,74.795
zmb,sex_t,eco_aggregate_man,mts_details_wid,2023,91.259
zmb,sex_t,eco_aggregate_man,mts_details_wid,2024,100
zmb,sex_t,eco_aggregate_mel,mts_aggregate_1,2017,32.473
zmb,sex_t,eco_aggregate_mel,mts_aggregate_1,2018,30.979
zmb,sex_t,eco_aggregate_mel,mts_aggregate_1,2019,46.675
zmb,sex_t,eco_aggregate_mel,mts_aggregate_1,2020,40.191
zmb,sex_t,eco_aggregate_mel,mts_aggregate_1,2021,38.86
zmb,sex_t,eco_aggregate_mel,mts_aggregate_1,2022,52.955
zmb,sex_t,eco_aggregate_mel,mts_aggregate_1,2023,54.057
zmb,sex_t,eco_aggregate_mel,mts_aggregate_1,2024,36.003
zmb,sex_t,eco_aggregate_mel,mts_aggregate_2,2017,9.577
zmb,sex_t,eco_aggregate_mel,mts_aggregate_2,2018,20.366
zmb,sex_t,eco_aggregate_mel,mts_aggregate_2,2019,26.395
zmb,sex_t,eco_aggregate_mel,mts_aggregate_2,2020,24.427
zmb,sex_t,eco_aggregate_mel,mts_aggregate_2,2021,23.47
zmb,sex_t,eco_aggregate_mel,mts_aggregate_2,2022,30.839
zmb,sex_t,eco_aggregate_mel,mts_aggregate_2,2023,30.502
zmb,sex_t,eco_aggregate_mel,mts_aggregate_2,2024,23.75
zmb,sex_t,eco_aggregate_mel,mts_aggregate_total,2017,14.779
zmb,sex_t,eco_aggregate_mel,mts_aggregate_total,2018,22.749
zmb,sex_t,eco_aggregate_mel,mts_aggregate_total,2019,31.337
zmb,sex_t,eco_aggregate_mel,mts_aggregate_total,2020,28.114
zmb,sex_t,eco_aggregate_mel,mts_aggregate_total,2021,26.537
zmb,sex_t,eco_aggregate_mel,mts_aggregate_total,2022,35.756
zmb,sex_t,eco_aggregate_mel,mts_aggregate_total,2023,35.547
zmb,sex_t,eco_aggregate_mel,mts_aggregate_total,2024,27.024
zmb,sex_t,eco_aggregate_mel,mts_details_mrd,2017,9.622
zmb,sex_t,eco_aggregate_mel,mts_details_mrd,2018,20.366
zmb,sex_t,eco_aggregate_mel,mts_details_mrd,2019,26.395
zmb,sex_t,eco_aggregate_mel,mts_details_mrd,2020,24.427
zmb,sex_t,eco_aggregate_mel,mts_details_mrd,2021,23.47
zmb,sex_t,eco_aggregate_mel,mts_details_mrd,2022,30.839
zmb,sex_t,eco_aggregate_mel,mts_details_mrd,2023,30.714
zmb,sex_t,eco_aggregate_mel,mts_details_mrd,2024,23.93
zmb,sex_t,eco_aggregate_mel,mts_details_sep,2018,37.103
zmb,sex_t,eco_aggregate_mel,mts_details_sep,2019,53.794
zmb,sex_t,eco_aggregate_mel,mts_details_sep,2023,33.79
zmb,sex_t,eco_aggregate_mel,mts_details_sep,2024,23.918
zmb,sex_t,eco_aggregate_mel,mts_details_sgle,2017,27.929
zmb,sex_t,eco_aggregate_mel,mts_details_sgle,2018,26.545
zmb,sex_t,eco_aggregate_mel,mts_details_sgle,2019,38.748
zmb,sex_t,eco_aggregate_mel,mts_details_sgle,2020,47.227
zmb,sex_t,eco_aggregate_mel,mts_details_sgle,2021,46.1
zmb,sex_t,eco_aggregate_mel,mts_details_sgle,2022,58.814
zmb,sex_t,eco_aggregate_mel,mts_details_sgle,2023,58.309
zmb,sex_t,eco_aggregate_mel,mts_details_sgle,2024,35.199
zmb,sex_t,eco_aggregate_mel,mts_details_total,2017,14.779
zmb,sex_t,eco_aggregate_mel,mts_details_total,2018,22.749
zmb,sex_t,eco_aggregate_mel,mts_details_total,2019,31.337
zmb,sex_t,eco_aggregate_mel,mts_details_total,2020,28.114
zmb,sex_t,eco_aggregate_mel,mts_details_total,2021,26.537
zmb,sex_t,eco_aggregate_mel,mts_details_total,2022,35.756
zmb,sex_t,eco_aggregate_mel,mts_details_total,2023,35.547
zmb,sex_t,eco_aggregate_mel,mts_details_total,2024,27.024
zmb,sex_t,eco_aggregate_mkt,mts_aggregate_1,2017,78.126
zmb,sex_t,eco_aggregate_mkt,mts_aggregate_1,2018,75.057
zmb,sex_t,eco_aggregate_mkt,mts_aggregate_1,2019,81.669
zmb,sex_t,eco_aggregate_mkt,mts_aggregate_1,2020,80.476
zmb,sex_t,eco_aggregate_mkt,mts_aggregate_1,2021,80.543
zmb,sex_t,eco_aggregate_mkt,mts_aggregate_1,2022,79.798
zmb,sex_t,eco_aggregate_mkt,mts_aggregate_1,2023,74.411
zmb,sex_t,eco_aggregate_mkt,mts_aggregate_1,2024,75.312
zmb,sex_t,eco_aggregate_mkt,mts_aggregate_2,2017,72.784
zmb,sex_t,eco_aggregate_mkt,mts_aggregate_2,2018,68.764
zmb,sex_t,eco_aggregate_mkt,mts_aggregate_2,2019,72.169
zmb,sex_t,eco_aggregate_mkt,mts_aggregate_2,2020,70.139
zmb,sex_t,eco_aggregate_mkt,mts_aggregate_2,2021,72.04
zmb,sex_t,eco_aggregate_mkt,mts_aggregate_2,2022,73.197
zmb,sex_t,eco_aggregate_mkt,mts_aggregate_2,2023,68.245
zmb,sex_t,eco_aggregate_mkt,mts_aggregate_2,2024,69.895
zmb,sex_t,eco_aggregate_mkt,mts_aggregate_total,2017,74.629
zmb,sex_t,eco_aggregate_mkt,mts_aggregate_total,2018,71.075
zmb,sex_t,eco_aggregate_mkt,mts_aggregate_total,2019,75.663
zmb,sex_t,eco_aggregate_mkt,mts_aggregate_total,2020,74.043
zmb,sex_t,eco_aggregate_mkt,mts_aggregate_total,2021,75.449
zmb,sex_t,eco_aggregate_mkt,mts_aggregate_total,2022,75.768
zmb,sex_t,eco_aggregate_mkt,mts_aggregate_total,2023,70.78
zmb,sex_t,eco_aggregate_mkt,mts_aggregate_total,2024,72.073
zmb,sex_t,eco_aggregate_mkt,mts_details_mrd,2017,72.736
zmb,sex_t,eco_aggregate_mkt,mts_details_mrd,2018,68.836
zmb,sex_t,eco_aggregate_mkt,mts_details_mrd,2019,72.26
zmb,sex_t,eco_aggregate_mkt,mts_details_mrd,2020,70.036
zmb,sex_t,eco_aggregate_mkt,mts_details_mrd,2021,71.949
zmb,sex_t,eco_aggregate_mkt,mts_details_mrd,2022,73.261
zmb,sex_t,eco_aggregate_mkt,mts_details_mrd,2023,68.365
zmb,sex_t,eco_aggregate_mkt,mts_details_mrd,2024,69.91
zmb,sex_t,eco_aggregate_mkt,mts_details_sep,2017,83.885
zmb,sex_t,eco_aggregate_mkt,mts_details_sep,2018,80.508
zmb,sex_t,eco_aggregate_mkt,mts_details_sep,2019,85.662
zmb,sex_t,eco_aggregate_mkt,mts_details_sep,2020,84.899
zmb,sex_t,eco_aggregate_mkt,mts_details_sep,2021,83.023
zmb,sex_t,eco_aggregate_mkt,mts_details_sep,2022,82.279
zmb,sex_t,eco_aggregate_mkt,mts_details_sep,2023,76.538
zmb,sex_t,eco_aggregate_mkt,mts_details_sep,2024,78.662
zmb,sex_t,eco_aggregate_mkt,mts_details_sgle,2017,71.422
zmb,sex_t,eco_aggregate_mkt,mts_details_sgle,2018,68.792
zmb,sex_t,eco_aggregate_mkt,mts_details_sgle,2019,78.682
zmb,sex_t,eco_aggregate_mkt,mts_details_sgle,2020,76.802
zmb,sex_t,eco_aggregate_mkt,mts_details_sgle,2021,76.722
zmb,sex_t,eco_aggregate_mkt,mts_details_sgle,2022,76.937
zmb,sex_t,eco_aggregate_mkt,mts_details_sgle,2023,71.618
zmb,sex_t,eco_aggregate_mkt,mts_details_sgle,2024,70.699
zmb,sex_t,eco_aggregate_mkt,mts_details_total,2017,74.629
zmb,sex_t,eco_aggregate_mkt,mts_details_total,2018,71.075
zmb,sex_t,eco_aggregate_mkt,mts_details_total,2019,75.663
zmb,sex_t,eco_aggregate_mkt,mts_details_total,2020,74.043
zmb,sex_t,eco_aggregate_mkt,mts_details_total,2021,75.449
zmb,sex_t,eco_aggregate_mkt,mts_details_total,2022,75.768
zmb,sex_t,eco_aggregate_mkt,mts_details_total,2023,70.78
zmb,sex_t,eco_aggregate_mkt,mts_details_total,2024,72.073
zmb,sex_t,eco_aggregate_mkt,mts_details_union,2021,92.406
zmb,sex_t,eco_aggregate_mkt,mts_details_union,2022,59.834
zmb,sex_t,eco_aggregate_mkt,mts_details_union,2024,64.367
zmb,sex_t,eco_aggregate_mkt,mts_details_wid,2017,85.878
zmb,sex_t,eco_aggregate_mkt,mts_details_wid,2018,80.675
zmb,sex_t,eco_aggregate_mkt,mts_details_wid,2019,82.519
zmb,sex_t,eco_aggregate_mkt,mts_details_wid,2020,84.445
zmb,sex_t,eco_aggregate_mkt,mts_details_wid,2021,86.647
zmb,sex_t,eco_aggregate_mkt,mts_details_wid,2022,83.527
zmb,sex_t,eco_aggregate_mkt,mts_details_wid,2023,80.009
zmb,sex_t,eco_aggregate_mkt,mts_details_wid,2024,82.475
zmb,sex_t,eco_aggregate_pub,mts_aggregate_1,2017,64.393
zmb,sex_t,eco_aggregate_pub,mts_aggregate_1,2018,60.148
zmb,sex_t,eco_aggregate_pub,mts_aggregate_1,2019,65.538
zmb,sex_t,eco_aggregate_pub,mts_aggregate_1,2020,55.828
zmb,sex_t,eco_aggregate_pub,mts_aggregate_1,2021,67.866
zmb,sex_t,eco_aggregate_pub,mts_aggregate_1,2022,62.49
zmb,sex_t,eco_aggregate_pub,mts_aggregate_1,2023,60.924
zmb,sex_t,eco_aggregate_pub,mts_aggregate_1,2024,53.284
zmb,sex_t,eco_aggregate_pub,mts_aggregate_2,2017,42.051
zmb,sex_t,eco_aggregate_pub,mts_aggregate_2,2018,41.504
zmb,sex_t,eco_aggregate_pub,mts_aggregate_2,2019,44.187
zmb,sex_t,eco_aggregate_pub,mts_aggregate_2,2020,38.649
zmb,sex_t,eco_aggregate_pub,mts_aggregate_2,2021,41.538
zmb,sex_t,eco_aggregate_pub,mts_aggregate_2,2022,41.208
zmb,sex_t,eco_aggregate_pub,mts_aggregate_2,2023,40.449
zmb,sex_t,eco_aggregate_pub,mts_aggregate_2,2024,28.378
zmb,sex_t,eco_aggregate_pub,mts_aggregate_total,2017,50.247
zmb,sex_t,eco_aggregate_pub,mts_aggregate_total,2018,48.389
zmb,sex_t,eco_aggregate_pub,mts_aggregate_total,2019,52.004
zmb,sex_t,eco_aggregate_pub,mts_aggregate_total,2020,45.071
zmb,sex_t,eco_aggregate_pub,mts_aggregate_total,2021,52.693
zmb,sex_t,eco_aggregate_pub,mts_aggregate_total,2022,50.324
zmb,sex_t,eco_aggregate_pub,mts_aggregate_total,2023,48.32
zmb,sex_t,eco_aggregate_pub,mts_aggregate_total,2024,38.447
zmb,sex_t,eco_aggregate_pub,mts_details_mrd,2017,42.101
zmb,sex_t,eco_aggregate_pub,mts_details_mrd,2018,41.336
zmb,sex_t,eco_aggregate_pub,mts_details_mrd,2019,44.187
zmb,sex_t,eco_aggregate_pub,mts_details_mrd,2020,38.579
zmb,sex_t,eco_aggregate_pub,mts_details_mrd,2021,41.279
zmb,sex_t,eco_aggregate_pub,mts_details_mrd,2022,41.15
zmb,sex_t,eco_aggregate_pub,mts_details_mrd,2023,40.52
zmb,sex_t,eco_aggregate_pub,mts_details_mrd,2024,28.201
zmb,sex_t,eco_aggregate_pub,mts_details_sep,2017,69.218
zmb,sex_t,eco_aggregate_pub,mts_details_sep,2018,67.107
zmb,sex_t,eco_aggregate_pub,mts_details_sep,2019,72.091
zmb,sex_t,eco_aggregate_pub,mts_details_sep,2020,56.703
zmb,sex_t,eco_aggregate_pub,mts_details_sep,2021,73.306
zmb,sex_t,eco_aggregate_pub,mts_details_sep,2022,62.432
zmb,sex_t,eco_aggregate_pub,mts_details_sep,2023,59.51
zmb,sex_t,eco_aggregate_pub,mts_details_sep,2024,49.664
zmb,sex_t,eco_aggregate_pub,mts_details_sgle,2017,63.155
zmb,sex_t,eco_aggregate_pub,mts_details_sgle,2018,57.433
zmb,sex_t,eco_aggregate_pub,mts_details_sgle,2019,65.292
zmb,sex_t,eco_aggregate_pub,mts_details_sgle,2020,55.959
zmb,sex_t,eco_aggregate_pub,mts_details_sgle,2021,64.969
zmb,sex_t,eco_aggregate_pub,mts_details_sgle,2022,62.175
zmb,sex_t,eco_aggregate_pub,mts_details_sgle,2023,59.134
zmb,sex_t,eco_aggregate_pub,mts_details_sgle,2024,54.525
zmb,sex_t,eco_aggregate_pub,mts_details_total,2017,50.247
zmb,sex_t,eco_aggregate_pub,mts_details_total,2018,48.389
zmb,sex_t,eco_aggregate_pub,mts_details_total,2019,52.004
zmb,sex_t,eco_aggregate_pub,mts_details_total,2020,45.071
zmb,sex_t,eco_aggregate_pub,mts_details_total,2021,52.693
zmb,sex_t,eco_aggregate_pub,mts_details_total,2022,50.324
zmb,sex_t,eco_aggregate_pub,mts_details_total,2023,48.32
zmb,sex_t,eco_aggregate_pub,mts_details_total,2024,38.447
zmb,sex_t,eco_aggregate_pub,mts_details_wid,2017,59.871
zmb,sex_t,eco_aggregate_pub,mts_details_wid,2018,59.609
zmb,sex_t,eco_aggregate_pub,mts_details_wid,2019,57.992
zmb,sex_t,eco_aggregate_pub,mts_details_wid,2020,53.053
zmb,sex_t,eco_aggregate_pub,mts_details_wid,2021,67.906
zmb,sex_t,eco_aggregate_pub,mts_details_wid,2022,64.173
zmb,sex_t,eco_aggregate_pub,mts_details_wid,2023,73.588
zmb,sex_t,eco_aggregate_pub,mts_details_wid,2024,55.47
zmb,sex_t,eco_aggregate_total,mts_aggregate_1,2017,88.316
zmb,sex_t,eco_aggregate_total,mts_aggregate_1,2018,87.04
zmb,sex_t,eco_aggregate_total,mts_aggregate_1,2019,88.67
zmb,sex_t,eco_aggregate_total,mts_aggregate_1,2020,88.011
zmb,sex_t,eco_aggregate_total,mts_aggregate_1,2021,88.623
zmb,sex_t,eco_aggregate_total,mts_aggregate_1,2022,87.58
zmb,sex_t,eco_aggregate_total,mts_aggregate_1,2023,85.444
zmb,sex_t,eco_aggregate_total,mts_aggregate_1,2024,85.596
zmb,sex_t,eco_aggregate_total,mts_aggregate_2,2017,81.645
zmb,sex_t,eco_aggregate_total,mts_aggregate_2,2018,80.761
zmb,sex_t,eco_aggregate_total,mts_aggregate_2,2019,81.06
zmb,sex_t,eco_aggregate_total,mts_aggregate_2,2020,82.213
zmb,sex_t,eco_aggregate_total,mts_aggregate_2,2021,83.638
zmb,sex_t,eco_aggregate_total,mts_aggregate_2,2022,83.613
zmb,sex_t,eco_aggregate_total,mts_aggregate_2,2023,81.252
zmb,sex_t,eco_aggregate_total,mts_aggregate_2,2024,81.066
zmb,sex_t,eco_aggregate_total,mts_aggregate_total,2017,83.924
zmb,sex_t,eco_aggregate_total,mts_aggregate_total,2018,82.958
zmb,sex_t,eco_aggregate_total,mts_aggregate_total,2019,83.768
zmb,sex_t,eco_aggregate_total,mts_aggregate_total,2020,84.28
zmb,sex_t,eco_aggregate_total,mts_aggregate_total,2021,85.466
zmb,sex_t,eco_aggregate_total,mts_aggregate_total,2022,85.066
zmb,sex_t,eco_aggregate_total,mts_aggregate_total,2023,82.774
zmb,sex_t,eco_aggregate_total,mts_aggregate_total,2024,82.732
zmb,sex_t,eco_aggregate_total,mts_details_mrd,2017,81.65
zmb,sex_t,eco_aggregate_total,mts_details_mrd,2018,80.749
zmb,sex_t,eco_aggregate_total,mts_details_mrd,2019,81.115
zmb,sex_t,eco_aggregate_total,mts_details_mrd,2020,82.203
zmb,sex_t,eco_aggregate_total,mts_details_mrd,2021,83.619
zmb,sex_t,eco_aggregate_total,mts_details_mrd,2022,83.649
zmb,sex_t,eco_aggregate_total,mts_details_mrd,2023,81.322
zmb,sex_t,eco_aggregate_total,mts_details_mrd,2024,81.081
zmb,sex_t,eco_aggregate_total,mts_details_sep,2017,89.728
zmb,sex_t,eco_aggregate_total,mts_details_sep,2018,88.088
zmb,sex_t,eco_aggregate_total,mts_details_sep,2019,89.4
zmb,sex_t,eco_aggregate_total,mts_details_sep,2020,86.254
zmb,sex_t,eco_aggregate_total,mts_details_sep,2021,88.232
zmb,sex_t,eco_aggregate_total,mts_details_sep,2022,86.399
zmb,sex_t,eco_aggregate_total,mts_details_sep,2023,83.735
zmb,sex_t,eco_aggregate_total,mts_details_sep,2024,84.147
zmb,sex_t,eco_aggregate_total,mts_details_sgle,2017,86.597
zmb,sex_t,eco_aggregate_total,mts_details_sgle,2018,85.634
zmb,sex_t,eco_aggregate_total,mts_details_sgle,2019,88.66
zmb,sex_t,eco_aggregate_total,mts_details_sgle,2020,87.989
zmb,sex_t,eco_aggregate_total,mts_details_sgle,2021,88.191
zmb,sex_t,eco_aggregate_total,mts_details_sgle,2022,87.284
zmb,sex_t,eco_aggregate_total,mts_details_sgle,2023,84.831
zmb,sex_t,eco_aggregate_total,mts_details_sgle,2024,85.134
zmb,sex_t,eco_aggregate_total,mts_details_total,2017,83.924
zmb,sex_t,eco_aggregate_total,mts_details_total,2018,82.958
zmb,sex_t,eco_aggregate_total,mts_details_total,2019,83.768
zmb,sex_t,eco_aggregate_total,mts_details_total,2020,84.28
zmb,sex_t,eco_aggregate_total,mts_details_total,2021,85.466
zmb,sex_t,eco_aggregate_total,mts_details_total,2022,85.066
zmb,sex_t,eco_aggregate_total,mts_details_total,2023,82.774
zmb,sex_t,eco_aggregate_total,mts_details_total,2024,82.732
zmb,sex_t,eco_aggregate_total,mts_details_union,2017,78.938
zmb,sex_t,eco_aggregate_total,mts_details_union,2018,85.735
zmb,sex_t,eco_aggregate_total,mts_details_union,2019,37.804
zmb,sex_t,eco_aggregate_total,mts_details_union,2020,89.447
zmb,sex_t,eco_aggregate_total,mts_details_union,2021,89.639
zmb,sex_t,eco_aggregate_total,mts_details_union,2022,67.743
zmb,sex_t,eco_aggregate_total,mts_details_union,2023,52.686
zmb,sex_t,eco_aggregate_total,mts_details_union,2024,74.38
zmb,sex_t,eco_aggregate_total,mts_details_wid,2017,91.989
zmb,sex_t,eco_aggregate_total,mts_details_wid,2018,89.886
zmb,sex_t,eco_aggregate_total,mts_details_wid,2019,87.639
zmb,sex_t,eco_aggregate_total,mts_details_wid,2020,90.586
zmb,sex_t,eco_aggregate_total,mts_details_wid,2021,90.633
zmb,sex_t,eco_aggregate_total,mts_details_wid,2022,90.277
zmb,sex_t,eco_aggregate_total,mts_details_wid,2023,90.526
zmb,sex_t,eco_aggregate_total,mts_details_wid,2024,89.813
zmb,sex_t,eco_sector_agr,mts_aggregate_1,2017,98.541
zmb,sex_t,eco_sector_agr,mts_aggregate_1,2018,98.114
zmb,sex_t,eco_sector_agr,mts_aggregate_1,2019,97.518
zmb,sex_t,eco_sector_agr,mts_aggregate_1,2020,98.175
zmb,sex_t,eco_sector_agr,mts_aggregate_1,2021,97.931
zmb,sex_t,eco_sector_agr,mts_aggregate_1,2022,98.14
zmb,sex_t,eco_sector_agr,mts_aggregate_1,2023,98.044
zmb,sex_t,eco_sector_agr,mts_aggregate_1,2024,98.897
zmb,sex_t,eco_sector_agr,mts_aggregate_2,2017,96.525
zmb,sex_t,eco_sector_agr,mts_aggregate_2,2018,95.683
zmb,sex_t,eco_sector_agr,mts_aggregate_2,2019,94.912
zmb,sex_t,eco_sector_agr,mts_aggregate_2,2020,96.403
zmb,sex_t,eco_sector_agr,mts_aggregate_2,2021,96.889
zmb,sex_t,eco_sector_agr,mts_aggregate_2,2022,97.497
zmb,sex_t,eco_sector_agr,mts_aggregate_2,2023,97.176
zmb,sex_t,eco_sector_agr,mts_aggregate_2,2024,97.506
zmb,sex_t,eco_sector_agr,mts_aggregate_total,2017,97.224
zmb,sex_t,eco_sector_agr,mts_aggregate_total,2018,96.538
zmb,sex_t,eco_sector_agr,mts_aggregate_total,2019,95.863
zmb,sex_t,eco_sector_agr,mts_aggregate_total,2020,97.028
zmb,sex_t,eco_sector_agr,mts_aggregate_total,2021,97.258
zmb,sex_t,eco_sector_agr,mts_aggregate_total,2022,97.729
zmb,sex_t,eco_sector_agr,mts_aggregate_total,2023,97.477
zmb,sex_t,eco_sector_agr,mts_aggregate_total,2024,98.001
zmb,sex_t,eco_sector_agr,mts_details_mrd,2017,96.543
zmb,sex_t,eco_sector_agr,mts_details_mrd,2018,95.674
zmb,sex_t,eco_sector_agr,mts_details_mrd,2019,94.994
zmb,sex_t,eco_sector_agr,mts_details_mrd,2020,96.4
zmb,sex_t,eco_sector_agr,mts_details_mrd,2021,96.882
zmb,sex_t,eco_sector_agr,mts_details_mrd,2022,97.518
zmb,sex_t,eco_sector_agr,mts_details_mrd,2023,97.173
zmb,sex_t,eco_sector_agr,mts_details_mrd,2024,97.503
zmb,sex_t,eco_sector_agr,mts_details_sep,2017,97.967
zmb,sex_t,eco_sector_agr,mts_details_sep,2018,97.306
zmb,sex_t,eco_sector_agr,mts_details_sep,2019,96.122
zmb,sex_t,eco_sector_agr,mts_details_sep,2020,97.333
zmb,sex_t,eco_sector_agr,mts_details_sep,2021,98.378
zmb,sex_t,eco_sector_agr,mts_details_sep,2022,97.29
zmb,sex_t,eco_sector_agr,mts_details_sep,2023,97.818
zmb,sex_t,eco_sector_agr,mts_details_sep,2024,98.669
zmb,sex_t,eco_sector_agr,mts_details_sgle,2017,98.608
zmb,sex_t,eco_sector_agr,mts_details_sgle,2018,98.362
zmb,sex_t,eco_sector_agr,mts_details_sgle,2019,97.833
zmb,sex_t,eco_sector_agr,mts_details_sgle,2020,98.148
zmb,sex_t,eco_sector_agr,mts_details_sgle,2021,97.881
zmb,sex_t,eco_sector_agr,mts_details_sgle,2022,98.224
zmb,sex_t,eco_sector_agr,mts_details_sgle,2023,97.902
zmb,sex_t,eco_sector_agr,mts_details_sgle,2024,98.914
zmb,sex_t,eco_sector_agr,mts_details_total,2017,97.224
zmb,sex_t,eco_sector_agr,mts_details_total,2018,96.538
zmb,sex_t,eco_sector_agr,mts_details_total,2019,95.863
zmb,sex_t,eco_sector_agr,mts_details_total,2020,97.028
zmb,sex_t,eco_sector_agr,mts_details_total,2021,97.258
zmb,sex_t,eco_sector_agr,mts_details_total,2022,97.729
zmb,sex_t,eco_sector_agr,mts_details_total,2023,97.477
zmb,sex_t,eco_sector_agr,mts_details_total,2024,98.001
zmb,sex_t,eco_sector_agr,mts_details_union,2017,85.325
zmb,sex_t,eco_sector_agr,mts_details_union,2018,100
zmb,sex_t,eco_sector_agr,mts_details_union,2019,48.411
zmb,sex_t,eco_sector_agr,mts_details_union,2021,100
zmb,sex_t,eco_sector_agr,mts_details_union,2022,83.199
zmb,sex_t,eco_sector_agr,mts_details_union,2023,100
zmb,sex_t,eco_sector_agr,mts_details_union,2024,100
zmb,sex_t,eco_sector_agr,mts_details_wid,2017,99.006
zmb,sex_t,eco_sector_agr,mts_details_wid,2018,98.304
zmb,sex_t,eco_sector_agr,mts_details_wid,2019,98.387
zmb,sex_t,eco_sector_agr,mts_details_wid,2020,99.247
zmb,sex_t,eco_sector_agr,mts_details_wid,2021,97.568
zmb,sex_t,eco_sector_agr,mts_details_wid,2022,98.857
zmb,sex_t,eco_sector_agr,mts_details_wid,2023,98.876
zmb,sex_t,eco_sector_agr,mts_details_wid,2024,99.159
zmb,sex_t,eco_sector_ind,mts_aggregate_1,2017,73.739
zmb,sex_t,eco_sector_ind,mts_aggregate_1,2018,72.136
zmb,sex_t,eco_sector_ind,mts_aggregate_1,2019,74.113
zmb,sex_t,eco_sector_ind,mts_aggregate_1,2020,78.509
zmb,sex_t,eco_sector_ind,mts_aggregate_1,2021,77.43
zmb,sex_t,eco_sector_ind,mts_aggregate_1,2022,74.259
zmb,sex_t,eco_sector_ind,mts_aggregate_1,2023,74.252
zmb,sex_t,eco_sector_ind,mts_aggregate_1,2024,71.847
zmb,sex_t,eco_sector_ind,mts_aggregate_2,2017,56.093
zmb,sex_t,eco_sector_ind,mts_aggregate_2,2018,56.592
zmb,sex_t,eco_sector_ind,mts_aggregate_2,2019,63.305
zmb,sex_t,eco_sector_ind,mts_aggregate_2,2020,66.374
zmb,sex_t,eco_sector_ind,mts_aggregate_2,2021,68.046
zmb,sex_t,eco_sector_ind,mts_aggregate_2,2022,67.998
zmb,sex_t,eco_sector_ind,mts_aggregate_2,2023,62.399
zmb,sex_t,eco_sector_ind,mts_aggregate_2,2024,62.577
zmb,sex_t,eco_sector_ind,mts_aggregate_total,2017,60.773
zmb,sex_t,eco_sector_ind,mts_aggregate_total,2018,61.038
zmb,sex_t,eco_sector_ind,mts_aggregate_total,2019,66.066
zmb,sex_t,eco_sector_ind,mts_aggregate_total,2020,70.075
zmb,sex_t,eco_sector_ind,mts_aggregate_total,2021,70.931
zmb,sex_t,eco_sector_ind,mts_aggregate_total,2022,69.742
zmb,sex_t,eco_sector_ind,mts_aggregate_total,2023,66.206
zmb,sex_t,eco_sector_ind,mts_aggregate_total,2024,65.538
zmb,sex_t,eco_sector_ind,mts_details_mrd,2017,56.077
zmb,sex_t,eco_sector_ind,mts_details_mrd,2018,56.526
zmb,sex_t,eco_sector_ind,mts_details_mrd,2019,63.305
zmb,sex_t,eco_sector_ind,mts_details_mrd,2020,66.482
zmb,sex_t,eco_sector_ind,mts_details_mrd,2021,67.974
zmb,sex_t,eco_sector_ind,mts_details_mrd,2022,68.055
zmb,sex_t,eco_sector_ind,mts_details_mrd,2023,62.377
zmb,sex_t,eco_sector_ind,mts_details_mrd,2024,62.626
zmb,sex_t,eco_sector_ind,mts_details_sep,2017,84.932
zmb,sex_t,eco_sector_ind,mts_details_sep,2018,77.688
zmb,sex_t,eco_sector_ind,mts_details_sep,2019,79.256
zmb,sex_t,eco_sector_ind,mts_details_sep,2020,78.83
zmb,sex_t,eco_sector_ind,mts_details_sep,2021,70.527
zmb,sex_t,eco_sector_ind,mts_details_sep,2022,77.53
zmb,sex_t,eco_sector_ind,mts_details_sep,2023,65.469
zmb,sex_t,eco_sector_ind,mts_details_sep,2024,75.439
zmb,sex_t,eco_sector_ind,mts_details_sgle,2017,67.625
zmb,sex_t,eco_sector_ind,mts_details_sgle,2018,69.611
zmb,sex_t,eco_sector_ind,mts_details_sgle,2019,70.402
zmb,sex_t,eco_sector_ind,mts_details_sgle,2020,78.087
zmb,sex_t,eco_sector_ind,mts_details_sgle,2021,79.152
zmb,sex_t,eco_sector_ind,mts_details_sgle,2022,74.088
zmb,sex_t,eco_sector_ind,mts_details_sgle,2023,75.342
zmb,sex_t,eco_sector_ind,mts_details_sgle,2024,67.02
zmb,sex_t,eco_sector_ind,mts_details_total,2017,60.773
zmb,sex_t,eco_sector_ind,mts_details_total,2018,61.038
zmb,sex_t,eco_sector_ind,mts_details_total,2019,66.066
zmb,sex_t,eco_sector_ind,mts_details_total,2020,70.075
zmb,sex_t,eco_sector_ind,mts_details_total,2021,70.931
zmb,sex_t,eco_sector_ind,mts_details_total,2022,69.742
zmb,sex_t,eco_sector_ind,mts_details_total,2023,66.206
zmb,sex_t,eco_sector_ind,mts_details_total,2024,65.538
zmb,sex_t,eco_sector_ind,mts_details_wid,2017,82.588
zmb,sex_t,eco_sector_ind,mts_details_wid,2018,77.606
zmb,sex_t,eco_sector_ind,mts_details_wid,2019,83.687
zmb,sex_t,eco_sector_ind,mts_details_wid,2020,80.916
zmb,sex_t,eco_sector_ind,mts_details_wid,2021,81.306
zmb,sex_t,eco_sector_ind,mts_details_wid,2022,69.486
zmb,sex_t,eco_sector_ind,mts_details_wid,2023,86.41
zmb,sex_t,eco_sector_ind,mts_details_wid,2024,96.746
zmb,sex_t,eco_sector_nag,mts_aggregate_1,2017,73.213
zmb,sex_t,eco_sector_nag,mts_aggregate_1,2018,70.405
zmb,sex_t,eco_sector_nag,mts_aggregate_1,2019,76.018
zmb,sex_t,eco_sector_nag,mts_aggregate_1,2020,73.651
zmb,sex_t,eco_sector_nag,mts_aggregate_1,2021,76.832
zmb,sex_t,eco_sector_nag,mts_aggregate_1,2022,74.57
zmb,sex_t,eco_sector_nag,mts_aggregate_1,2023,70.978
zmb,sex_t,eco_sector_nag,mts_aggregate_1,2024,67.229
zmb,sex_t,eco_sector_nag,mts_aggregate_2,2017,60.804
zmb,sex_t,eco_sector_nag,mts_aggregate_2,2018,58.717
zmb,sex_t,eco_sector_nag,mts_aggregate_2,2019,63.033
zmb,sex_t,eco_sector_nag,mts_aggregate_2,2020,61.436
zmb,sex_t,eco_sector_nag,mts_aggregate_2,2021,64.632
zmb,sex_t,eco_sector_nag,mts_aggregate_2,2022,65.533
zmb,sex_t,eco_sector_nag,mts_aggregate_2,2023,59.789
zmb,sex_t,eco_sector_nag,mts_aggregate_2,2024,55.143
zmb,sex_t,eco_sector_nag,mts_aggregate_total,2017,64.956
zmb,sex_t,eco_sector_nag,mts_aggregate_total,2018,62.78
zmb,sex_t,eco_sector_nag,mts_aggregate_total,2019,67.492
zmb,sex_t,eco_sector_nag,mts_aggregate_total,2020,65.849
zmb,sex_t,eco_sector_nag,mts_aggregate_total,2021,69.31
zmb,sex_t,eco_sector_nag,mts_aggregate_total,2022,68.907
zmb,sex_t,eco_sector_nag,mts_aggregate_total,2023,64.086
zmb,sex_t,eco_sector_nag,mts_aggregate_total,2024,59.813
zmb,sex_t,eco_sector_nag,mts_details_mrd,2017,60.787
zmb,sex_t,eco_sector_nag,mts_details_mrd,2018,58.688
zmb,sex_t,eco_sector_nag,mts_details_mrd,2019,63.074
zmb,sex_t,eco_sector_nag,mts_details_mrd,2020,61.379
zmb,sex_t,eco_sector_nag,mts_details_mrd,2021,64.539
zmb,sex_t,eco_sector_nag,mts_details_mrd,2022,65.554
zmb,sex_t,eco_sector_nag,mts_details_mrd,2023,59.879
zmb,sex_t,eco_sector_nag,mts_details_mrd,2024,55.128
zmb,sex_t,eco_sector_nag,mts_details_sep,2017,79.668
zmb,sex_t,eco_sector_nag,mts_details_sep,2018,76.722
zmb,sex_t,eco_sector_nag,mts_details_sep,2019,81.402
zmb,sex_t,eco_sector_nag,mts_details_sep,2020,75.792
zmb,sex_t,eco_sector_nag,mts_details_sep,2021,78.587
zmb,sex_t,eco_sector_nag,mts_details_sep,2022,76.479
zmb,sex_t,eco_sector_nag,mts_details_sep,2023,70.427
zmb,sex_t,eco_sector_nag,mts_details_sep,2024,68.435
zmb,sex_t,eco_sector_nag,mts_details_sgle,2017,67.86
zmb,sex_t,eco_sector_nag,mts_details_sgle,2018,65.592
zmb,sex_t,eco_sector_nag,mts_details_sgle,2019,73.182
zmb,sex_t,eco_sector_nag,mts_details_sgle,2020,71.505
zmb,sex_t,eco_sector_nag,mts_details_sgle,2021,74.424
zmb,sex_t,eco_sector_nag,mts_details_sgle,2022,72.523
zmb,sex_t,eco_sector_nag,mts_details_sgle,2023,69.237
zmb,sex_t,eco_sector_nag,mts_details_sgle,2024,64.114
zmb,sex_t,eco_sector_nag,mts_details_total,2017,64.956
zmb,sex_t,eco_sector_nag,mts_details_total,2018,62.78
zmb,sex_t,eco_sector_nag,mts_details_total,2019,67.492
zmb,sex_t,eco_sector_nag,mts_details_total,2020,65.849
zmb,sex_t,eco_sector_nag,mts_details_total,2021,69.31
zmb,sex_t,eco_sector_nag,mts_details_total,2022,68.907
zmb,sex_t,eco_sector_nag,mts_details_total,2023,64.086
zmb,sex_t,eco_sector_nag,mts_details_total,2024,59.813
zmb,sex_t,eco_sector_nag,mts_details_union,2017,70.584
zmb,sex_t,eco_sector_nag,mts_details_union,2018,69.015
zmb,sex_t,eco_sector_nag,mts_details_union,2020,84.677
zmb,sex_t,eco_sector_nag,mts_details_union,2021,83.386
zmb,sex_t,eco_sector_nag,mts_details_union,2022,59.158
zmb,sex_t,eco_sector_nag,mts_details_union,2023,40.12
zmb,sex_t,eco_sector_nag,mts_details_union,2024,59.161
zmb,sex_t,eco_sector_nag,mts_details_wid,2017,80.76
zmb,sex_t,eco_sector_nag,mts_details_wid,2018,75.644
zmb,sex_t,eco_sector_nag,mts_details_wid,2019,75.792
zmb,sex_t,eco_sector_nag,mts_details_wid,2020,77.579
zmb,sex_t,eco_sector_nag,mts_details_wid,2021,81.698
zmb,sex_t,eco_sector_nag,mts_details_wid,2022,78.194
zmb,sex_t,eco_sector_nag,mts_details_wid,2023,79.381
zmb,sex_t,eco_sector_nag,mts_details_wid,2024,76.788
zmb,sex_t,eco_sector_ser,mts_aggregate_1,2017,73.109
zmb,sex_t,eco_sector_ser,mts_aggregate_1,2018,69.963
zmb,sex_t,eco_sector_ser,mts_aggregate_1,2019,76.378
zmb,sex_t,eco_sector_ser,mts_aggregate_1,2020,72.591
zmb,sex_t,eco_sector_ser,mts_aggregate_1,2021,76.689
zmb,sex_t,eco_sector_ser,mts_aggregate_1,2022,74.631
zmb,sex_t,eco_sector_ser,mts_aggregate_1,2023,70.217
zmb,sex_t,eco_sector_ser,mts_aggregate_1,2024,66.324
zmb,sex_t,eco_sector_ser,mts_aggregate_2,2017,62.214
zmb,sex_t,eco_sector_ser,mts_aggregate_2,2018,59.505
zmb,sex_t,eco_sector_ser,mts_aggregate_2,2019,62.946
zmb,sex_t,eco_sector_ser,mts_aggregate_2,2020,59.955
zmb,sex_t,eco_sector_ser,mts_aggregate_2,2021,63.364
zmb,sex_t,eco_sector_ser,mts_aggregate_2,2022,64.69
zmb,sex_t,eco_sector_ser,mts_aggregate_2,2023,58.926
zmb,sex_t,eco_sector_ser,mts_aggregate_2,2024,53.046
zmb,sex_t,eco_sector_ser,mts_aggregate_total,2017,66.059
zmb,sex_t,eco_sector_ser,mts_aggregate_total,2018,63.352
zmb,sex_t,eco_sector_ser,mts_aggregate_total,2019,67.878
zmb,sex_t,eco_sector_ser,mts_aggregate_total,2020,64.711
zmb,sex_t,eco_sector_ser,mts_aggregate_total,2021,68.794
zmb,sex_t,eco_sector_ser,mts_aggregate_total,2022,68.67
zmb,sex_t,eco_sector_ser,mts_aggregate_total,2023,63.469
zmb,sex_t,eco_sector_ser,mts_aggregate_total,2024,58.397
zmb,sex_t,eco_sector_ser,mts_details_mrd,2017,62.196
zmb,sex_t,eco_sector_ser,mts_details_mrd,2018,59.491
zmb,sex_t,eco_sector_ser,mts_details_mrd,2019,62.999
zmb,sex_t,eco_sector_ser,mts_details_mrd,2020,59.846
zmb,sex_t,eco_sector_ser,mts_details_mrd,2021,63.257
zmb,sex_t,eco_sector_ser,mts_details_mrd,2022,64.698
zmb,sex_t,eco_sector_ser,mts_details_mrd,2023,59.054
zmb,sex_t,eco_sector_ser,mts_details_mrd,2024,53.012
zmb,sex_t,eco_sector_ser,mts_details_sep,2017,78.737
zmb,sex_t,eco_sector_ser,mts_details_sep,2018,76.53
zmb,sex_t,eco_sector_ser,mts_details_sep,2019,81.744
zmb,sex_t,eco_sector_ser,mts_details_sep,2020,75.118
zmb,sex_t,eco_sector_ser,mts_details_sep,2021,80.08
zmb,sex_t,eco_sector_ser,mts_details_sep,2022,76.335
zmb,sex_t,eco_sector_ser,mts_details_sep,2023,71.282
zmb,sex_t,eco_sector_ser,mts_details_sep,2024,67.23
zmb,sex_t,eco_sector_ser,mts_details_sgle,2017,67.914
zmb,sex_t,eco_sector_ser,mts_details_sgle,2018,64.226
zmb,sex_t,eco_sector_ser,mts_details_sgle,2019,73.859
zmb,sex_t,eco_sector_ser,mts_details_sgle,2020,69.826
zmb,sex_t,eco_sector_ser,mts_details_sgle,2021,72.96
zmb,sex_t,eco_sector_ser,mts_details_sgle,2022,72.131
zmb,sex_t,eco_sector_ser,mts_details_sgle,2023,67.467
zmb,sex_t,eco_sector_ser,mts_details_sgle,2024,63.436
zmb,sex_t,eco_sector_ser,mts_details_total,2017,66.059
zmb,sex_t,eco_sector_ser,mts_details_total,2018,63.352
zmb,sex_t,eco_sector_ser,mts_details_total,2019,67.878
zmb,sex_t,eco_sector_ser,mts_details_total,2020,64.711
zmb,sex_t,eco_sector_ser,mts_details_total,2021,68.794
zmb,sex_t,eco_sector_ser,mts_details_total,2022,68.67
zmb,sex_t,eco_sector_ser,mts_details_total,2023,63.469
zmb,sex_t,eco_sector_ser,mts_details_total,2024,58.397
zmb,sex_t,eco_sector_ser,mts_details_union,2020,100
zmb,sex_t,eco_sector_ser,mts_details_union,2021,81.071
zmb,sex_t,eco_sector_ser,mts_details_union,2022,62.607
zmb,sex_t,eco_sector_ser,mts_details_union,2024,62.028
zmb,sex_t,eco_sector_ser,mts_details_wid,2017,80.499
zmb,sex_t,eco_sector_ser,mts_details_wid,2018,75.414
zmb,sex_t,eco_sector_ser,mts_details_wid,2019,74.988
zmb,sex_t,eco_sector_ser,mts_details_wid,2020,77.265
zmb,sex_t,eco_sector_ser,mts_details_wid,2021,81.75
zmb,sex_t,eco_sector_ser,mts_details_wid,2022,79.437
zmb,sex_t,eco_sector_ser,mts_details_wid,2023,78.498
zmb,sex_t,eco_sector_ser,mts_details_wid,2024,74.582
zmb,sex_t,eco_sector_total,mts_aggregate_1,2017,88.316
zmb,sex_t,eco_sector_total,mts_aggregate_1,2018,87.04
zmb,sex_t,eco_sector_total,mts_aggregate_1,2019,88.67
zmb,sex_t,eco_sector_total,mts_aggregate_1,2020,88.011
zmb,sex_t,eco_sector_total,mts_aggregate_1,2021,88.623
zmb,sex_t,eco_sector_total,mts_aggregate_1,2022,87.58
zmb,sex_t,eco_sector_total,mts_aggregate_1,2023,85.444
zmb,sex_t,eco_sector_total,mts_aggregate_1,2024,85.596
zmb,sex_t,eco_sector_total,mts_aggregate_2,2017,81.645
zmb,sex_t,eco_sector_total,mts_aggregate_2,2018,80.761
zmb,sex_t,eco_sector_total,mts_aggregate_2,2019,81.06
zmb,sex_t,eco_sector_total,mts_aggregate_2,2020,82.213
zmb,sex_t,eco_sector_total,mts_aggregate_2,2021,83.638
zmb,sex_t,eco_sector_total,mts_aggregate_2,2022,83.613
zmb,sex_t,eco_sector_total,mts_aggregate_2,2023,81.252
zmb,sex_t,eco_sector_total,mts_aggregate_2,2024,81.066
zmb,sex_t,eco_sector_total,mts_aggregate_total,2017,83.924
zmb,sex_t,eco_sector_total,mts_aggregate_total,2018,82.958
zmb,sex_t,eco_sector_total,mts_aggregate_total,2019,83.768
zmb,sex_t,eco_sector_total,mts_aggregate_total,2020,84.28
zmb,sex_t,eco_sector_total,mts_aggregate_total,2021,85.466
zmb,sex_t,eco_sector_total,mts_aggregate_total,2022,85.066
zmb,sex_t,eco_sector_total,mts_aggregate_total,2023,82.774
zmb,sex_t,eco_sector_total,mts_aggregate_total,2024,82.732
zmb,sex_t,eco_sector_total,mts_details_mrd,2017,81.65
zmb,sex_t,eco_sector_total,mts_details_mrd,2018,80.749
zmb,sex_t,eco_sector_total,mts_details_mrd,2019,81.115
zmb,sex_t,eco_sector_total,mts_details_mrd,2020,82.203
zmb,sex_t,eco_sector_total,mts_details_mrd,2021,83.619
zmb,sex_t,eco_sector_total,mts_details_mrd,2022,83.649
zmb,sex_t,eco_sector_total,mts_details_mrd,2023,81.322
zmb,sex_t,eco_sector_total,mts_details_mrd,2024,81.081
zmb,sex_t,eco_sector_total,mts_details_sep,2017,89.728
zmb,sex_t,eco_sector_total,mts_details_sep,2018,88.088
zmb,sex_t,eco_sector_total,mts_details_sep,2019,89.4
zmb,sex_t,eco_sector_total,mts_details_sep,2020,86.254
zmb,sex_t,eco_sector_total,mts_details_sep,2021,88.232
zmb,sex_t,eco_sector_total,mts_details_sep,2022,86.399
zmb,sex_t,eco_sector_total,mts_details_sep,2023,83.735
zmb,sex_t,eco_sector_total,mts_details_sep,2024,84.147
zmb,sex_t,eco_sector_total,mts_details_sgle,2017,86.597
zmb,sex_t,eco_sector_total,mts_details_sgle,2018,85.634
zmb,sex_t,eco_sector_total,mts_details_sgle,2019,88.66
zmb,sex_t,eco_sector_total,mts_details_sgle,2020,87.989
zmb,sex_t,eco_sector_total,mts_details_sgle,2021,88.191
zmb,sex_t,eco_sector_total,mts_details_sgle,2022,87.284
zmb,sex_t,eco_sector_total,mts_details_sgle,2023,84.831
zmb,sex_t,eco_sector_total,mts_details_sgle,2024,85.134
zmb,sex_t,eco_sector_total,mts_details_total,2017,83.924
zmb,sex_t,eco_sector_total,mts_details_total,2018,82.958
zmb,sex_t,eco_sector_total,mts_details_total,2019,83.768
zmb,sex_t,eco_sector_total,mts_details_total,2020,84.28
zmb,sex_t,eco_sector_total,mts_details_total,2021,85.466
zmb,sex_t,eco_sector_total,mts_details_total,2022,85.066
zmb,sex_t,eco_sector_total,mts_details_total,2023,82.774
zmb,sex_t,eco_sector_total,mts_details_total,2024,82.732
zmb,sex_t,eco_sector_total,mts_details_union,2017,78.938
zmb,sex_t,eco_sector_total,mts_details_union,2018,85.735
zmb,sex_t,eco_sector_total,mts_details_union,2019,37.804
zmb,sex_t,eco_sector_total,mts_details_union,2020,89.447
zmb,sex_t,eco_sector_total,mts_details_union,2021,89.639
zmb,sex_t,eco_sector_total,mts_details_union,2022,67.743
zmb,sex_t,eco_sector_total,mts_details_union,2023,52.686
zmb,sex_t,eco_sector_total,mts_details_union,2024,74.38
zmb,sex_t,eco_sector_total,mts_details_wid,2017,91.989
zmb,sex_t,eco_sector_total,mts_details_wid,2018,89.886
zmb,sex_t,eco_sector_total,mts_details_wid,2019,87.639
zmb,sex_t,eco_sector_total,mts_details_wid,2020,90.586
zmb,sex_t,eco_sector_total,mts_details_wid,2021,90.633
zmb,sex_t,eco_sector_total,mts_details_wid,2022,90.277
zmb,sex_t,eco_sector_total,mts_details_wid,2023,90.526
zmb,sex_t,eco_sector_total,mts_details_wid,2024,89.813
