ref_area,sex,classif1,classif2,time,pop_xwap_sex_age_lms_nb
khm,sex_f,age_10yrbands_total,lms_status_eip,1996,745.507
khm,sex_f,age_10yrbands_total,lms_status_eip,1997,907.216
khm,sex_f,age_10yrbands_total,lms_status_eip,1999,776.99
khm,sex_f,age_10yrbands_total,lms_status_eip,2000,846.458
khm,sex_f,age_10yrbands_total,lms_status_eip,2001,694.624
khm,sex_f,age_10yrbands_total,lms_status_eip,2003,1075.146
khm,sex_f,age_10yrbands_total,lms_status_eip,2007,1180.522
khm,sex_f,age_10yrbands_total,lms_status_eip,2008,1341.923
khm,sex_f,age_10yrbands_total,lms_status_eip,2009,1128.732
khm,sex_f,age_10yrbands_total,lms_status_eip,2010,929.856
khm,sex_f,age_10yrbands_total,lms_status_eip,2011,917.757
khm,sex_f,age_10yrbands_total,lms_status_eip,2012,2159.054
khm,sex_f,age_10yrbands_total,lms_status_eip,2013,1395.143
khm,sex_f,age_10yrbands_total,lms_status_eip,2014,1421.603
khm,sex_f,age_10yrbands_total,lms_status_eip,2015,1510.228
khm,sex_f,age_10yrbands_total,lms_status_eip,2016,1385.316
khm,sex_f,age_10yrbands_total,lms_status_eip,2017,1375.343
khm,sex_f,age_10yrbands_total,lms_status_eip,2019,1837.209
khm,sex_f,age_10yrbands_total,lms_status_eip,2020,1348.142
khm,sex_f,age_10yrbands_total,lms_status_eip,2021,1623.959
khm,sex_f,age_10yrbands_total,lms_status_eip,2023,1631.677
khm,sex_f,age_10yrbands_total,lms_status_emp,1996,2459.584
khm,sex_f,age_10yrbands_total,lms_status_emp,1997,2157.381
khm,sex_f,age_10yrbands_total,lms_status_emp,1999,2849.629
khm,sex_f,age_10yrbands_total,lms_status_emp,2000,2671.134
khm,sex_f,age_10yrbands_total,lms_status_emp,2001,3065.285
khm,sex_f,age_10yrbands_total,lms_status_emp,2003,3283.16
khm,sex_f,age_10yrbands_total,lms_status_emp,2007,3446.83
khm,sex_f,age_10yrbands_total,lms_status_emp,2008,3427.964
khm,sex_f,age_10yrbands_total,lms_status_emp,2009,3839.875
khm,sex_f,age_10yrbands_total,lms_status_emp,2010,4004.432
khm,sex_f,age_10yrbands_total,lms_status_emp,2011,4115.738
khm,sex_f,age_10yrbands_total,lms_status_emp,2012,3399.71
khm,sex_f,age_10yrbands_total,lms_status_emp,2013,4044.834
khm,sex_f,age_10yrbands_total,lms_status_emp,2014,4091.815
khm,sex_f,age_10yrbands_total,lms_status_emp,2015,4153.247
khm,sex_f,age_10yrbands_total,lms_status_emp,2016,4328.971
khm,sex_f,age_10yrbands_total,lms_status_emp,2017,4447.024
khm,sex_f,age_10yrbands_total,lms_status_emp,2019,4252.284
khm,sex_f,age_10yrbands_total,lms_status_emp,2020,4535.995
khm,sex_f,age_10yrbands_total,lms_status_emp,2021,4538.544
khm,sex_f,age_10yrbands_total,lms_status_emp,2023,4714.401
khm,sex_f,age_10yrbands_total,lms_status_total,1996,3234.08
khm,sex_f,age_10yrbands_total,lms_status_total,1997,3078.421
khm,sex_f,age_10yrbands_total,lms_status_total,1999,3627.394
khm,sex_f,age_10yrbands_total,lms_status_total,2000,3603.28
khm,sex_f,age_10yrbands_total,lms_status_total,2001,3832.514
khm,sex_f,age_10yrbands_total,lms_status_total,2003,4389.075
khm,sex_f,age_10yrbands_total,lms_status_total,2007,4668.896
khm,sex_f,age_10yrbands_total,lms_status_total,2008,4799.656
khm,sex_f,age_10yrbands_total,lms_status_total,2009,4990.105
khm,sex_f,age_10yrbands_total,lms_status_total,2010,4966.346
khm,sex_f,age_10yrbands_total,lms_status_total,2011,5053.213
khm,sex_f,age_10yrbands_total,lms_status_total,2012,5597.712
khm,sex_f,age_10yrbands_total,lms_status_total,2013,5460.969
khm,sex_f,age_10yrbands_total,lms_status_total,2014,5542.049
khm,sex_f,age_10yrbands_total,lms_status_total,2015,5682.533
khm,sex_f,age_10yrbands_total,lms_status_total,2016,5751.453
khm,sex_f,age_10yrbands_total,lms_status_total,2017,5830.158
khm,sex_f,age_10yrbands_total,lms_status_total,2019,6111.58
khm,sex_f,age_10yrbands_total,lms_status_total,2020,5893.652
khm,sex_f,age_10yrbands_total,lms_status_total,2021,6181.464
khm,sex_f,age_10yrbands_total,lms_status_total,2023,6355.893
khm,sex_f,age_10yrbands_total,lms_status_une,1996,28.99
khm,sex_f,age_10yrbands_total,lms_status_une,1997,13.823
khm,sex_f,age_10yrbands_total,lms_status_une,2000,85.688
khm,sex_f,age_10yrbands_total,lms_status_une,2001,72.606
khm,sex_f,age_10yrbands_total,lms_status_une,2003,30.77
khm,sex_f,age_10yrbands_total,lms_status_une,2007,41.543
khm,sex_f,age_10yrbands_total,lms_status_une,2008,29.769
khm,sex_f,age_10yrbands_total,lms_status_une,2009,21.498
khm,sex_f,age_10yrbands_total,lms_status_une,2010,32.058
khm,sex_f,age_10yrbands_total,lms_status_une,2011,19.717
khm,sex_f,age_10yrbands_total,lms_status_une,2012,38.948
khm,sex_f,age_10yrbands_total,lms_status_une,2013,20.992
khm,sex_f,age_10yrbands_total,lms_status_une,2014,28.631
khm,sex_f,age_10yrbands_total,lms_status_une,2015,19.058
khm,sex_f,age_10yrbands_total,lms_status_une,2016,37.167
khm,sex_f,age_10yrbands_total,lms_status_une,2017,7.791
khm,sex_f,age_10yrbands_total,lms_status_une,2019,22.088
khm,sex_f,age_10yrbands_total,lms_status_une,2020,9.515
khm,sex_f,age_10yrbands_total,lms_status_une,2021,18.962
khm,sex_f,age_10yrbands_total,lms_status_une,2023,9.815
khm,sex_f,age_10yrbands_y15_24,lms_status_eip,1996,250.819
khm,sex_f,age_10yrbands_y15_24,lms_status_eip,1997,288.948
khm,sex_f,age_10yrbands_y15_24,lms_status_eip,1999,297.725
khm,sex_f,age_10yrbands_y15_24,lms_status_eip,2000,347.301
khm,sex_f,age_10yrbands_y15_24,lms_status_eip,2001,273.793
khm,sex_f,age_10yrbands_y15_24,lms_status_eip,2003,367.262
khm,sex_f,age_10yrbands_y15_24,lms_status_eip,2007,372.139
khm,sex_f,age_10yrbands_y15_24,lms_status_eip,2008,426.541
khm,sex_f,age_10yrbands_y15_24,lms_status_eip,2009,384.553
khm,sex_f,age_10yrbands_y15_24,lms_status_eip,2010,326.09
khm,sex_f,age_10yrbands_y15_24,lms_status_eip,2011,324.668
khm,sex_f,age_10yrbands_y15_24,lms_status_eip,2012,652.94
khm,sex_f,age_10yrbands_y15_24,lms_status_eip,2013,498.379
khm,sex_f,age_10yrbands_y15_24,lms_status_eip,2014,497.568
khm,sex_f,age_10yrbands_y15_24,lms_status_eip,2015,496.961
khm,sex_f,age_10yrbands_y15_24,lms_status_eip,2016,500.36
khm,sex_f,age_10yrbands_y15_24,lms_status_eip,2017,519.698
khm,sex_f,age_10yrbands_y15_24,lms_status_eip,2019,595.72
khm,sex_f,age_10yrbands_y15_24,lms_status_eip,2020,439.339
khm,sex_f,age_10yrbands_y15_24,lms_status_eip,2021,509.684
khm,sex_f,age_10yrbands_y15_24,lms_status_eip,2023,545.985
khm,sex_f,age_10yrbands_y15_24,lms_status_emp,1996,717.962
khm,sex_f,age_10yrbands_y15_24,lms_status_emp,1997,618.645
khm,sex_f,age_10yrbands_y15_24,lms_status_emp,1999,883.37
khm,sex_f,age_10yrbands_y15_24,lms_status_emp,2000,855.388
khm,sex_f,age_10yrbands_y15_24,lms_status_emp,2001,1069.091
khm,sex_f,age_10yrbands_y15_24,lms_status_emp,2003,1172.517
khm,sex_f,age_10yrbands_y15_24,lms_status_emp,2007,1107.562
khm,sex_f,age_10yrbands_y15_24,lms_status_emp,2008,1031.629
khm,sex_f,age_10yrbands_y15_24,lms_status_emp,2009,1133.912
khm,sex_f,age_10yrbands_y15_24,lms_status_emp,2010,1158.993
khm,sex_f,age_10yrbands_y15_24,lms_status_emp,2011,1180.729
khm,sex_f,age_10yrbands_y15_24,lms_status_emp,2012,1032.441
khm,sex_f,age_10yrbands_y15_24,lms_status_emp,2013,1079.058
khm,sex_f,age_10yrbands_y15_24,lms_status_emp,2014,1120.61
khm,sex_f,age_10yrbands_y15_24,lms_status_emp,2015,1121.185
khm,sex_f,age_10yrbands_y15_24,lms_status_emp,2016,1127.519
khm,sex_f,age_10yrbands_y15_24,lms_status_emp,2017,1138.613
khm,sex_f,age_10yrbands_y15_24,lms_status_emp,2019,806.408
khm,sex_f,age_10yrbands_y15_24,lms_status_emp,2020,951.239
khm,sex_f,age_10yrbands_y15_24,lms_status_emp,2021,920.951
khm,sex_f,age_10yrbands_y15_24,lms_status_emp,2023,870.895
khm,sex_f,age_10yrbands_y15_24,lms_status_total,1996,979.439
khm,sex_f,age_10yrbands_y15_24,lms_status_total,1997,912.911
khm,sex_f,age_10yrbands_y15_24,lms_status_total,1999,1181.095
khm,sex_f,age_10yrbands_y15_24,lms_status_total,2000,1250.339
khm,sex_f,age_10yrbands_y15_24,lms_status_total,2001,1382.584
khm,sex_f,age_10yrbands_y15_24,lms_status_total,2003,1555.499
khm,sex_f,age_10yrbands_y15_24,lms_status_total,2007,1499.078
khm,sex_f,age_10yrbands_y15_24,lms_status_total,2008,1470.144
khm,sex_f,age_10yrbands_y15_24,lms_status_total,2009,1527.974
khm,sex_f,age_10yrbands_y15_24,lms_status_total,2010,1496.113
khm,sex_f,age_10yrbands_y15_24,lms_status_total,2011,1510.416
khm,sex_f,age_10yrbands_y15_24,lms_status_total,2012,1699.806
khm,sex_f,age_10yrbands_y15_24,lms_status_total,2013,1585.11
khm,sex_f,age_10yrbands_y15_24,lms_status_total,2014,1629.624
khm,sex_f,age_10yrbands_y15_24,lms_status_total,2015,1628.981
khm,sex_f,age_10yrbands_y15_24,lms_status_total,2016,1641.735
khm,sex_f,age_10yrbands_y15_24,lms_status_total,2017,1663.446
khm,sex_f,age_10yrbands_y15_24,lms_status_total,2019,1414.819
khm,sex_f,age_10yrbands_y15_24,lms_status_total,2020,1395.903
khm,sex_f,age_10yrbands_y15_24,lms_status_total,2021,1439.612
khm,sex_f,age_10yrbands_y15_24,lms_status_total,2023,1420.464
khm,sex_f,age_10yrbands_y15_24,lms_status_une,1996,10.658
khm,sex_f,age_10yrbands_y15_24,lms_status_une,1997,5.319
khm,sex_f,age_10yrbands_y15_24,lms_status_une,2000,47.649
khm,sex_f,age_10yrbands_y15_24,lms_status_une,2001,39.7
khm,sex_f,age_10yrbands_y15_24,lms_status_une,2003,15.72
khm,sex_f,age_10yrbands_y15_24,lms_status_une,2007,19.376
khm,sex_f,age_10yrbands_y15_24,lms_status_une,2008,11.975
khm,sex_f,age_10yrbands_y15_24,lms_status_une,2009,9.508
khm,sex_f,age_10yrbands_y15_24,lms_status_une,2010,11.03
khm,sex_f,age_10yrbands_y15_24,lms_status_une,2011,5.018
khm,sex_f,age_10yrbands_y15_24,lms_status_une,2012,14.424
khm,sex_f,age_10yrbands_y15_24,lms_status_une,2013,7.673
khm,sex_f,age_10yrbands_y15_24,lms_status_une,2014,11.447
khm,sex_f,age_10yrbands_y15_24,lms_status_une,2015,10.835
khm,sex_f,age_10yrbands_y15_24,lms_status_une,2016,13.856
khm,sex_f,age_10yrbands_y15_24,lms_status_une,2017,5.135
khm,sex_f,age_10yrbands_y15_24,lms_status_une,2019,12.691
khm,sex_f,age_10yrbands_y15_24,lms_status_une,2020,5.325
khm,sex_f,age_10yrbands_y15_24,lms_status_une,2021,8.977
khm,sex_f,age_10yrbands_y15_24,lms_status_une,2023,3.584
khm,sex_f,age_10yrbands_y25_34,lms_status_eip,1996,120.126
khm,sex_f,age_10yrbands_y25_34,lms_status_eip,1997,167.448
khm,sex_f,age_10yrbands_y25_34,lms_status_eip,1999,101.514
khm,sex_f,age_10yrbands_y25_34,lms_status_eip,2000,106.538
khm,sex_f,age_10yrbands_y25_34,lms_status_eip,2001,68.705
khm,sex_f,age_10yrbands_y25_34,lms_status_eip,2003,167.264
khm,sex_f,age_10yrbands_y25_34,lms_status_eip,2007,176.727
khm,sex_f,age_10yrbands_y25_34,lms_status_eip,2008,206.7
khm,sex_f,age_10yrbands_y25_34,lms_status_eip,2009,169.929
khm,sex_f,age_10yrbands_y25_34,lms_status_eip,2010,133.674
khm,sex_f,age_10yrbands_y25_34,lms_status_eip,2011,113.21
khm,sex_f,age_10yrbands_y25_34,lms_status_eip,2012,351.974
khm,sex_f,age_10yrbands_y25_34,lms_status_eip,2013,190.118
khm,sex_f,age_10yrbands_y25_34,lms_status_eip,2014,202.823
khm,sex_f,age_10yrbands_y25_34,lms_status_eip,2015,198.442
khm,sex_f,age_10yrbands_y25_34,lms_status_eip,2016,171.154
khm,sex_f,age_10yrbands_y25_34,lms_status_eip,2017,150.689
khm,sex_f,age_10yrbands_y25_34,lms_status_eip,2019,202.544
khm,sex_f,age_10yrbands_y25_34,lms_status_eip,2020,169.673
khm,sex_f,age_10yrbands_y25_34,lms_status_eip,2021,209.829
khm,sex_f,age_10yrbands_y25_34,lms_status_eip,2023,168.066
khm,sex_f,age_10yrbands_y25_34,lms_status_emp,1996,645.409
khm,sex_f,age_10yrbands_y25_34,lms_status_emp,1997,573.544
khm,sex_f,age_10yrbands_y25_34,lms_status_emp,1999,661.161
khm,sex_f,age_10yrbands_y25_34,lms_status_emp,2000,595.284
khm,sex_f,age_10yrbands_y25_34,lms_status_emp,2001,632.573
khm,sex_f,age_10yrbands_y25_34,lms_status_emp,2003,697.329
khm,sex_f,age_10yrbands_y25_34,lms_status_emp,2007,768.784
khm,sex_f,age_10yrbands_y25_34,lms_status_emp,2008,768.616
khm,sex_f,age_10yrbands_y25_34,lms_status_emp,2009,930.207
khm,sex_f,age_10yrbands_y25_34,lms_status_emp,2010,946.588
khm,sex_f,age_10yrbands_y25_34,lms_status_emp,2011,1045.492
khm,sex_f,age_10yrbands_y25_34,lms_status_emp,2012,907.722
khm,sex_f,age_10yrbands_y25_34,lms_status_emp,2013,1096.013
khm,sex_f,age_10yrbands_y25_34,lms_status_emp,2014,1183.463
khm,sex_f,age_10yrbands_y25_34,lms_status_emp,2015,1163.764
khm,sex_f,age_10yrbands_y25_34,lms_status_emp,2016,1207.301
khm,sex_f,age_10yrbands_y25_34,lms_status_emp,2017,1254.561
khm,sex_f,age_10yrbands_y25_34,lms_status_emp,2019,1150.241
khm,sex_f,age_10yrbands_y25_34,lms_status_emp,2020,1228.985
khm,sex_f,age_10yrbands_y25_34,lms_status_emp,2021,1220.603
khm,sex_f,age_10yrbands_y25_34,lms_status_emp,2023,1216.301
khm,sex_f,age_10yrbands_y25_34,lms_status_total,1996,773.954
khm,sex_f,age_10yrbands_y25_34,lms_status_total,1997,744.856
khm,sex_f,age_10yrbands_y25_34,lms_status_total,1999,762.675
khm,sex_f,age_10yrbands_y25_34,lms_status_total,2000,725.851
khm,sex_f,age_10yrbands_y25_34,lms_status_total,2001,713.728
khm,sex_f,age_10yrbands_y25_34,lms_status_total,2003,871.786
khm,sex_f,age_10yrbands_y25_34,lms_status_total,2007,953.321
khm,sex_f,age_10yrbands_y25_34,lms_status_total,2008,981.227
khm,sex_f,age_10yrbands_y25_34,lms_status_total,2009,1105.21
khm,sex_f,age_10yrbands_y25_34,lms_status_total,2010,1087.297
khm,sex_f,age_10yrbands_y25_34,lms_status_total,2011,1162.723
khm,sex_f,age_10yrbands_y25_34,lms_status_total,2012,1271.025
khm,sex_f,age_10yrbands_y25_34,lms_status_total,2013,1290.861
khm,sex_f,age_10yrbands_y25_34,lms_status_total,2014,1393.54
khm,sex_f,age_10yrbands_y25_34,lms_status_total,2015,1362.645
khm,sex_f,age_10yrbands_y25_34,lms_status_total,2016,1385.386
khm,sex_f,age_10yrbands_y25_34,lms_status_total,2017,1407.246
khm,sex_f,age_10yrbands_y25_34,lms_status_total,2019,1359.586
khm,sex_f,age_10yrbands_y25_34,lms_status_total,2020,1401.788
khm,sex_f,age_10yrbands_y25_34,lms_status_total,2021,1434.481
khm,sex_f,age_10yrbands_y25_34,lms_status_total,2023,1388.149
khm,sex_f,age_10yrbands_y25_34,lms_status_une,1996,8.42
khm,sex_f,age_10yrbands_y25_34,lms_status_une,1997,3.863
khm,sex_f,age_10yrbands_y25_34,lms_status_une,2000,24.029
khm,sex_f,age_10yrbands_y25_34,lms_status_une,2001,12.45
khm,sex_f,age_10yrbands_y25_34,lms_status_une,2003,7.193
khm,sex_f,age_10yrbands_y25_34,lms_status_une,2007,7.81
khm,sex_f,age_10yrbands_y25_34,lms_status_une,2008,5.911
khm,sex_f,age_10yrbands_y25_34,lms_status_une,2009,5.073
khm,sex_f,age_10yrbands_y25_34,lms_status_une,2010,7.034
khm,sex_f,age_10yrbands_y25_34,lms_status_une,2011,4.021
khm,sex_f,age_10yrbands_y25_34,lms_status_une,2012,11.33
khm,sex_f,age_10yrbands_y25_34,lms_status_une,2013,4.731
khm,sex_f,age_10yrbands_y25_34,lms_status_une,2014,7.254
khm,sex_f,age_10yrbands_y25_34,lms_status_une,2016,6.931
khm,sex_f,age_10yrbands_y25_34,lms_status_une,2019,6.801
khm,sex_f,age_10yrbands_y25_34,lms_status_une,2020,3.13
khm,sex_f,age_10yrbands_y25_34,lms_status_une,2021,4.049
khm,sex_f,age_10yrbands_y25_34,lms_status_une,2023,3.782
khm,sex_f,age_10yrbands_y35_44,lms_status_eip,1996,78.489
khm,sex_f,age_10yrbands_y35_44,lms_status_eip,1997,107.398
khm,sex_f,age_10yrbands_y35_44,lms_status_eip,1999,65.86
khm,sex_f,age_10yrbands_y35_44,lms_status_eip,2000,72.935
khm,sex_f,age_10yrbands_y35_44,lms_status_eip,2001,61.874
khm,sex_f,age_10yrbands_y35_44,lms_status_eip,2003,137.775
khm,sex_f,age_10yrbands_y35_44,lms_status_eip,2007,124.382
khm,sex_f,age_10yrbands_y35_44,lms_status_eip,2008,131.471
khm,sex_f,age_10yrbands_y35_44,lms_status_eip,2009,103.588
khm,sex_f,age_10yrbands_y35_44,lms_status_eip,2010,69.792
khm,sex_f,age_10yrbands_y35_44,lms_status_eip,2011,67.195
khm,sex_f,age_10yrbands_y35_44,lms_status_eip,2012,250.751
khm,sex_f,age_10yrbands_y35_44,lms_status_eip,2013,103.455
khm,sex_f,age_10yrbands_y35_44,lms_status_eip,2014,123.66
khm,sex_f,age_10yrbands_y35_44,lms_status_eip,2015,107.518
khm,sex_f,age_10yrbands_y35_44,lms_status_eip,2016,93.222
khm,sex_f,age_10yrbands_y35_44,lms_status_eip,2017,107.257
khm,sex_f,age_10yrbands_y35_44,lms_status_eip,2019,153.536
khm,sex_f,age_10yrbands_y35_44,lms_status_eip,2020,97.41
khm,sex_f,age_10yrbands_y35_44,lms_status_eip,2021,127.466
khm,sex_f,age_10yrbands_y35_44,lms_status_eip,2023,135.52
khm,sex_f,age_10yrbands_y35_44,lms_status_emp,1996,561.559
khm,sex_f,age_10yrbands_y35_44,lms_status_emp,1997,447.327
khm,sex_f,age_10yrbands_y35_44,lms_status_emp,1999,602.848
khm,sex_f,age_10yrbands_y35_44,lms_status_emp,2000,567.817
khm,sex_f,age_10yrbands_y35_44,lms_status_emp,2001,620.719
khm,sex_f,age_10yrbands_y35_44,lms_status_emp,2003,661.711
khm,sex_f,age_10yrbands_y35_44,lms_status_emp,2007,683.301
khm,sex_f,age_10yrbands_y35_44,lms_status_emp,2008,682.563
khm,sex_f,age_10yrbands_y35_44,lms_status_emp,2009,720.203
khm,sex_f,age_10yrbands_y35_44,lms_status_emp,2010,781.939
khm,sex_f,age_10yrbands_y35_44,lms_status_emp,2011,740.738
khm,sex_f,age_10yrbands_y35_44,lms_status_emp,2012,598.758
khm,sex_f,age_10yrbands_y35_44,lms_status_emp,2013,742.434
khm,sex_f,age_10yrbands_y35_44,lms_status_emp,2014,693.339
khm,sex_f,age_10yrbands_y35_44,lms_status_emp,2015,759.14
khm,sex_f,age_10yrbands_y35_44,lms_status_emp,2016,773.473
khm,sex_f,age_10yrbands_y35_44,lms_status_emp,2017,778.613
khm,sex_f,age_10yrbands_y35_44,lms_status_emp,2019,938.792
khm,sex_f,age_10yrbands_y35_44,lms_status_emp,2020,997.261
khm,sex_f,age_10yrbands_y35_44,lms_status_emp,2021,1073.988
khm,sex_f,age_10yrbands_y35_44,lms_status_emp,2023,1206.702
khm,sex_f,age_10yrbands_y35_44,lms_status_total,1996,644.673
khm,sex_f,age_10yrbands_y35_44,lms_status_total,1997,556.625
khm,sex_f,age_10yrbands_y35_44,lms_status_total,1999,668.828
khm,sex_f,age_10yrbands_y35_44,lms_status_total,2000,650.102
khm,sex_f,age_10yrbands_y35_44,lms_status_total,2001,693.167
khm,sex_f,age_10yrbands_y35_44,lms_status_total,2003,803.216
khm,sex_f,age_10yrbands_y35_44,lms_status_total,2007,813.604
khm,sex_f,age_10yrbands_y35_44,lms_status_total,2008,822.672
khm,sex_f,age_10yrbands_y35_44,lms_status_total,2009,827.3
khm,sex_f,age_10yrbands_y35_44,lms_status_total,2010,857.86
khm,sex_f,age_10yrbands_y35_44,lms_status_total,2011,812.793
khm,sex_f,age_10yrbands_y35_44,lms_status_total,2012,858.357
khm,sex_f,age_10yrbands_y35_44,lms_status_total,2013,847.135
khm,sex_f,age_10yrbands_y35_44,lms_status_total,2014,819.299
khm,sex_f,age_10yrbands_y35_44,lms_status_total,2015,868.146
khm,sex_f,age_10yrbands_y35_44,lms_status_total,2016,874.401
khm,sex_f,age_10yrbands_y35_44,lms_status_total,2017,886.53
khm,sex_f,age_10yrbands_y35_44,lms_status_total,2019,1093.977
khm,sex_f,age_10yrbands_y35_44,lms_status_total,2020,1095.472
khm,sex_f,age_10yrbands_y35_44,lms_status_total,2021,1204.72
khm,sex_f,age_10yrbands_y35_44,lms_status_total,2023,1343.637
khm,sex_f,age_10yrbands_y35_44,lms_status_une,1996,4.624
khm,sex_f,age_10yrbands_y35_44,lms_status_une,1997,1.9
khm,sex_f,age_10yrbands_y35_44,lms_status_une,2000,9.35
khm,sex_f,age_10yrbands_y35_44,lms_status_une,2001,10.573
khm,sex_f,age_10yrbands_y35_44,lms_status_une,2003,3.73
khm,sex_f,age_10yrbands_y35_44,lms_status_une,2007,5.922
khm,sex_f,age_10yrbands_y35_44,lms_status_une,2008,8.637
khm,sex_f,age_10yrbands_y35_44,lms_status_une,2009,3.51
khm,sex_f,age_10yrbands_y35_44,lms_status_une,2010,6.129
khm,sex_f,age_10yrbands_y35_44,lms_status_une,2012,8.847
khm,sex_f,age_10yrbands_y35_44,lms_status_une,2014,2.3
khm,sex_f,age_10yrbands_y35_44,lms_status_une,2016,7.705
khm,sex_f,age_10yrbands_y35_44,lms_status_une,2019,1.65
khm,sex_f,age_10yrbands_y35_44,lms_status_une,2021,3.266
khm,sex_f,age_10yrbands_y35_44,lms_status_une,2023,1.414
khm,sex_f,age_10yrbands_y45_54,lms_status_eip,1996,50.525
khm,sex_f,age_10yrbands_y45_54,lms_status_eip,1997,85.742
khm,sex_f,age_10yrbands_y45_54,lms_status_eip,1999,55.353
khm,sex_f,age_10yrbands_y45_54,lms_status_eip,2000,68.306
khm,sex_f,age_10yrbands_y45_54,lms_status_eip,2001,55.792
khm,sex_f,age_10yrbands_y45_54,lms_status_eip,2003,109.545
khm,sex_f,age_10yrbands_y45_54,lms_status_eip,2007,119.501
khm,sex_f,age_10yrbands_y45_54,lms_status_eip,2008,144.323
khm,sex_f,age_10yrbands_y45_54,lms_status_eip,2009,105.187
khm,sex_f,age_10yrbands_y45_54,lms_status_eip,2010,75.605
khm,sex_f,age_10yrbands_y45_54,lms_status_eip,2011,92.181
khm,sex_f,age_10yrbands_y45_54,lms_status_eip,2012,291.497
khm,sex_f,age_10yrbands_y45_54,lms_status_eip,2013,141.474
khm,sex_f,age_10yrbands_y45_54,lms_status_eip,2014,139.699
khm,sex_f,age_10yrbands_y45_54,lms_status_eip,2015,178.854
khm,sex_f,age_10yrbands_y45_54,lms_status_eip,2016,143.124
khm,sex_f,age_10yrbands_y45_54,lms_status_eip,2017,127.981
khm,sex_f,age_10yrbands_y45_54,lms_status_eip,2019,182.207
khm,sex_f,age_10yrbands_y45_54,lms_status_eip,2020,119.431
khm,sex_f,age_10yrbands_y45_54,lms_status_eip,2021,135.196
khm,sex_f,age_10yrbands_y45_54,lms_status_eip,2023,130.938
khm,sex_f,age_10yrbands_y45_54,lms_status_emp,1996,331.262
khm,sex_f,age_10yrbands_y45_54,lms_status_emp,1997,308.891
khm,sex_f,age_10yrbands_y45_54,lms_status_emp,1999,441.779
khm,sex_f,age_10yrbands_y45_54,lms_status_emp,2000,427.912
khm,sex_f,age_10yrbands_y45_54,lms_status_emp,2001,473.832
khm,sex_f,age_10yrbands_y45_54,lms_status_emp,2003,446.959
khm,sex_f,age_10yrbands_y45_54,lms_status_emp,2007,518.093
khm,sex_f,age_10yrbands_y45_54,lms_status_emp,2008,552.504
khm,sex_f,age_10yrbands_y45_54,lms_status_emp,2009,607.012
khm,sex_f,age_10yrbands_y45_54,lms_status_emp,2010,636.728
khm,sex_f,age_10yrbands_y45_54,lms_status_emp,2011,632.516
khm,sex_f,age_10yrbands_y45_54,lms_status_emp,2012,514.17
khm,sex_f,age_10yrbands_y45_54,lms_status_emp,2013,609.687
khm,sex_f,age_10yrbands_y45_54,lms_status_emp,2014,622.397
khm,sex_f,age_10yrbands_y45_54,lms_status_emp,2015,628.08
khm,sex_f,age_10yrbands_y45_54,lms_status_emp,2016,668.762
khm,sex_f,age_10yrbands_y45_54,lms_status_emp,2017,700.506
khm,sex_f,age_10yrbands_y45_54,lms_status_emp,2019,683.244
khm,sex_f,age_10yrbands_y45_54,lms_status_emp,2020,671.951
khm,sex_f,age_10yrbands_y45_54,lms_status_emp,2021,665.568
khm,sex_f,age_10yrbands_y45_54,lms_status_emp,2023,692.091
khm,sex_f,age_10yrbands_y45_54,lms_status_total,1996,384.783
khm,sex_f,age_10yrbands_y45_54,lms_status_total,1997,395.91
khm,sex_f,age_10yrbands_y45_54,lms_status_total,1999,497.132
khm,sex_f,age_10yrbands_y45_54,lms_status_total,2000,499.962
khm,sex_f,age_10yrbands_y45_54,lms_status_total,2001,535.749
khm,sex_f,age_10yrbands_y45_54,lms_status_total,2003,559.442
khm,sex_f,age_10yrbands_y45_54,lms_status_total,2007,643.635
khm,sex_f,age_10yrbands_y45_54,lms_status_total,2008,698.599
khm,sex_f,age_10yrbands_y45_54,lms_status_total,2009,713.084
khm,sex_f,age_10yrbands_y45_54,lms_status_total,2010,718.904
khm,sex_f,age_10yrbands_y45_54,lms_status_total,2011,729.587
khm,sex_f,age_10yrbands_y45_54,lms_status_total,2012,808.166
khm,sex_f,age_10yrbands_y45_54,lms_status_total,2013,756.68
khm,sex_f,age_10yrbands_y45_54,lms_status_total,2014,764.927
khm,sex_f,age_10yrbands_y45_54,lms_status_total,2015,808.237
khm,sex_f,age_10yrbands_y45_54,lms_status_total,2016,817.489
khm,sex_f,age_10yrbands_y45_54,lms_status_total,2017,828.487
khm,sex_f,age_10yrbands_y45_54,lms_status_total,2019,866.052
khm,sex_f,age_10yrbands_y45_54,lms_status_total,2020,791.382
khm,sex_f,age_10yrbands_y45_54,lms_status_total,2021,802.581
khm,sex_f,age_10yrbands_y45_54,lms_status_total,2023,824.064
khm,sex_f,age_10yrbands_y45_54,lms_status_une,1996,2.996
khm,sex_f,age_10yrbands_y45_54,lms_status_une,2000,3.743
khm,sex_f,age_10yrbands_y45_54,lms_status_une,2001,6.126
khm,sex_f,age_10yrbands_y45_54,lms_status_une,2003,2.938
khm,sex_f,age_10yrbands_y45_54,lms_status_une,2007,6.042
khm,sex_f,age_10yrbands_y45_54,lms_status_une,2010,6.571
khm,sex_f,age_10yrbands_y45_54,lms_status_une,2012,2.499
khm,sex_f,age_10yrbands_y45_54,lms_status_une,2013,5.519
khm,sex_f,age_10yrbands_y45_54,lms_status_une,2014,2.831
khm,sex_f,age_10yrbands_y45_54,lms_status_une,2016,5.604
khm,sex_f,age_10yrbands_y45_54,lms_status_une,2021,1.818
khm,sex_f,age_10yrbands_y55_64,lms_status_eip,1996,87.23
khm,sex_f,age_10yrbands_y55_64,lms_status_eip,1997,95.312
khm,sex_f,age_10yrbands_y55_64,lms_status_eip,1999,93.282
khm,sex_f,age_10yrbands_y55_64,lms_status_eip,2000,79.115
khm,sex_f,age_10yrbands_y55_64,lms_status_eip,2001,74.603
khm,sex_f,age_10yrbands_y55_64,lms_status_eip,2003,115.222
khm,sex_f,age_10yrbands_y55_64,lms_status_eip,2007,133.173
khm,sex_f,age_10yrbands_y55_64,lms_status_eip,2008,159.946
khm,sex_f,age_10yrbands_y55_64,lms_status_eip,2009,129.6
khm,sex_f,age_10yrbands_y55_64,lms_status_eip,2010,101.814
khm,sex_f,age_10yrbands_y55_64,lms_status_eip,2011,101.269
khm,sex_f,age_10yrbands_y55_64,lms_status_eip,2012,272.973
khm,sex_f,age_10yrbands_y55_64,lms_status_eip,2013,168.948
khm,sex_f,age_10yrbands_y55_64,lms_status_eip,2014,172.476
khm,sex_f,age_10yrbands_y55_64,lms_status_eip,2015,196.513
khm,sex_f,age_10yrbands_y55_64,lms_status_eip,2016,175.925
khm,sex_f,age_10yrbands_y55_64,lms_status_eip,2017,163.189
khm,sex_f,age_10yrbands_y55_64,lms_status_eip,2019,265.573
khm,sex_f,age_10yrbands_y55_64,lms_status_eip,2020,178.838
khm,sex_f,age_10yrbands_y55_64,lms_status_eip,2021,221.793
khm,sex_f,age_10yrbands_y55_64,lms_status_eip,2023,206.464
khm,sex_f,age_10yrbands_y55_64,lms_status_emp,1996,157.935
khm,sex_f,age_10yrbands_y55_64,lms_status_emp,1997,156.55
khm,sex_f,age_10yrbands_y55_64,lms_status_emp,1999,193.573
khm,sex_f,age_10yrbands_y55_64,lms_status_emp,2000,175.149
khm,sex_f,age_10yrbands_y55_64,lms_status_emp,2001,208.748
khm,sex_f,age_10yrbands_y55_64,lms_status_emp,2003,208.113
khm,sex_f,age_10yrbands_y55_64,lms_status_emp,2007,279.902
khm,sex_f,age_10yrbands_y55_64,lms_status_emp,2008,298.589
khm,sex_f,age_10yrbands_y55_64,lms_status_emp,2009,323.837
khm,sex_f,age_10yrbands_y55_64,lms_status_emp,2010,344.935
khm,sex_f,age_10yrbands_y55_64,lms_status_emp,2011,359.979
khm,sex_f,age_10yrbands_y55_64,lms_status_emp,2012,263.81
khm,sex_f,age_10yrbands_y55_64,lms_status_emp,2013,355.007
khm,sex_f,age_10yrbands_y55_64,lms_status_emp,2014,353.185
khm,sex_f,age_10yrbands_y55_64,lms_status_emp,2015,357.509
khm,sex_f,age_10yrbands_y55_64,lms_status_emp,2016,390.022
khm,sex_f,age_10yrbands_y55_64,lms_status_emp,2017,411.171
khm,sex_f,age_10yrbands_y55_64,lms_status_emp,2019,479.239
khm,sex_f,age_10yrbands_y55_64,lms_status_emp,2020,468.593
khm,sex_f,age_10yrbands_y55_64,lms_status_emp,2021,458
khm,sex_f,age_10yrbands_y55_64,lms_status_emp,2023,506.666
khm,sex_f,age_10yrbands_y55_64,lms_status_total,1996,246.908
khm,sex_f,age_10yrbands_y55_64,lms_status_total,1997,252.981
khm,sex_f,age_10yrbands_y55_64,lms_status_total,1999,287.51
khm,sex_f,age_10yrbands_y55_64,lms_status_total,2000,255.082
khm,sex_f,age_10yrbands_y55_64,lms_status_total,2001,285.747
khm,sex_f,age_10yrbands_y55_64,lms_status_total,2003,324.32
khm,sex_f,age_10yrbands_y55_64,lms_status_total,2007,414.949
khm,sex_f,age_10yrbands_y55_64,lms_status_total,2008,460.01
khm,sex_f,age_10yrbands_y55_64,lms_status_total,2009,454.478
khm,sex_f,age_10yrbands_y55_64,lms_status_total,2010,446.967
khm,sex_f,age_10yrbands_y55_64,lms_status_total,2011,461.248
khm,sex_f,age_10yrbands_y55_64,lms_status_total,2012,537.708
khm,sex_f,age_10yrbands_y55_64,lms_status_total,2013,525.777
khm,sex_f,age_10yrbands_y55_64,lms_status_total,2014,528.49
khm,sex_f,age_10yrbands_y55_64,lms_status_total,2015,559.015
khm,sex_f,age_10yrbands_y55_64,lms_status_total,2016,568.238
khm,sex_f,age_10yrbands_y55_64,lms_status_total,2017,574.361
khm,sex_f,age_10yrbands_y55_64,lms_status_total,2019,745.156
khm,sex_f,age_10yrbands_y55_64,lms_status_total,2020,647.691
khm,sex_f,age_10yrbands_y55_64,lms_status_total,2021,680.645
khm,sex_f,age_10yrbands_y55_64,lms_status_total,2023,713.13
khm,sex_f,age_10yrbands_y55_64,lms_status_une,1996,1.742
khm,sex_f,age_10yrbands_y55_64,lms_status_une,2003,0.986
khm,sex_f,age_10yrbands_y55_64,lms_status_une,2014,2.829
khm,sex_f,age_10yrbands_y55_64,lms_status_une,2015,4.993
khm,sex_f,age_10yrbands_yge65,lms_status_eip,1996,158.318
khm,sex_f,age_10yrbands_yge65,lms_status_eip,1997,162.369
khm,sex_f,age_10yrbands_yge65,lms_status_eip,1999,163.256
khm,sex_f,age_10yrbands_yge65,lms_status_eip,2000,172.262
khm,sex_f,age_10yrbands_yge65,lms_status_eip,2001,159.857
khm,sex_f,age_10yrbands_yge65,lms_status_eip,2003,178.077
khm,sex_f,age_10yrbands_yge65,lms_status_eip,2007,254.6
khm,sex_f,age_10yrbands_yge65,lms_status_eip,2008,272.941
khm,sex_f,age_10yrbands_yge65,lms_status_eip,2009,235.874
khm,sex_f,age_10yrbands_yge65,lms_status_eip,2010,222.881
khm,sex_f,age_10yrbands_yge65,lms_status_eip,2011,219.233
khm,sex_f,age_10yrbands_yge65,lms_status_eip,2012,338.92
khm,sex_f,age_10yrbands_yge65,lms_status_eip,2013,292.769
khm,sex_f,age_10yrbands_yge65,lms_status_eip,2014,285.377
khm,sex_f,age_10yrbands_yge65,lms_status_eip,2015,331.939
khm,sex_f,age_10yrbands_yge65,lms_status_eip,2016,301.531
khm,sex_f,age_10yrbands_yge65,lms_status_eip,2017,306.528
khm,sex_f,age_10yrbands_yge65,lms_status_eip,2019,437.63
khm,sex_f,age_10yrbands_yge65,lms_status_eip,2020,343.451
khm,sex_f,age_10yrbands_yge65,lms_status_eip,2021,419.991
khm,sex_f,age_10yrbands_yge65,lms_status_eip,2023,444.703
khm,sex_f,age_10yrbands_yge65,lms_status_emp,1996,45.457
khm,sex_f,age_10yrbands_yge65,lms_status_emp,1997,52.424
khm,sex_f,age_10yrbands_yge65,lms_status_emp,1999,66.897
khm,sex_f,age_10yrbands_yge65,lms_status_emp,2000,49.583
khm,sex_f,age_10yrbands_yge65,lms_status_emp,2001,60.322
khm,sex_f,age_10yrbands_yge65,lms_status_emp,2003,96.53
khm,sex_f,age_10yrbands_yge65,lms_status_emp,2007,89.188
khm,sex_f,age_10yrbands_yge65,lms_status_emp,2008,94.063
khm,sex_f,age_10yrbands_yge65,lms_status_emp,2009,124.704
khm,sex_f,age_10yrbands_yge65,lms_status_emp,2010,135.249
khm,sex_f,age_10yrbands_yge65,lms_status_emp,2011,156.284
khm,sex_f,age_10yrbands_yge65,lms_status_emp,2012,82.809
khm,sex_f,age_10yrbands_yge65,lms_status_emp,2013,162.637
khm,sex_f,age_10yrbands_yge65,lms_status_emp,2014,118.821
khm,sex_f,age_10yrbands_yge65,lms_status_emp,2015,123.57
khm,sex_f,age_10yrbands_yge65,lms_status_emp,2016,161.894
khm,sex_f,age_10yrbands_yge65,lms_status_emp,2017,163.559
khm,sex_f,age_10yrbands_yge65,lms_status_emp,2019,194.36
khm,sex_f,age_10yrbands_yge65,lms_status_emp,2020,217.965
khm,sex_f,age_10yrbands_yge65,lms_status_emp,2021,199.434
khm,sex_f,age_10yrbands_yge65,lms_status_emp,2023,221.746
khm,sex_f,age_10yrbands_yge65,lms_status_total,1996,204.324
khm,sex_f,age_10yrbands_yge65,lms_status_total,1997,215.139
khm,sex_f,age_10yrbands_yge65,lms_status_total,1999,230.153
khm,sex_f,age_10yrbands_yge65,lms_status_total,2000,221.944
khm,sex_f,age_10yrbands_yge65,lms_status_total,2001,221.54
khm,sex_f,age_10yrbands_yge65,lms_status_total,2003,274.812
khm,sex_f,age_10yrbands_yge65,lms_status_total,2007,344.308
khm,sex_f,age_10yrbands_yge65,lms_status_total,2008,367.004
khm,sex_f,age_10yrbands_yge65,lms_status_total,2009,362.059
khm,sex_f,age_10yrbands_yge65,lms_status_total,2010,359.204
khm,sex_f,age_10yrbands_yge65,lms_status_total,2011,376.446
khm,sex_f,age_10yrbands_yge65,lms_status_total,2012,422.65
khm,sex_f,age_10yrbands_yge65,lms_status_total,2013,455.406
khm,sex_f,age_10yrbands_yge65,lms_status_total,2014,406.169
khm,sex_f,age_10yrbands_yge65,lms_status_total,2015,455.509
khm,sex_f,age_10yrbands_yge65,lms_status_total,2016,464.205
khm,sex_f,age_10yrbands_yge65,lms_status_total,2017,470.087
khm,sex_f,age_10yrbands_yge65,lms_status_total,2019,631.99
khm,sex_f,age_10yrbands_yge65,lms_status_total,2020,561.415
khm,sex_f,age_10yrbands_yge65,lms_status_total,2021,619.425
khm,sex_f,age_10yrbands_yge65,lms_status_total,2023,666.449
khm,sex_f,age_10yrbands_yge65,lms_status_une,2009,1.481
khm,sex_f,age_10yrbands_yge65,lms_status_une,2014,1.971
khm,sex_f,age_aggregate_total,lms_status_eip,1996,745.507
khm,sex_f,age_aggregate_total,lms_status_eip,1997,907.216
khm,sex_f,age_aggregate_total,lms_status_eip,1999,776.99
khm,sex_f,age_aggregate_total,lms_status_eip,2000,846.458
khm,sex_f,age_aggregate_total,lms_status_eip,2001,694.624
khm,sex_f,age_aggregate_total,lms_status_eip,2003,1075.146
khm,sex_f,age_aggregate_total,lms_status_eip,2007,1180.522
khm,sex_f,age_aggregate_total,lms_status_eip,2008,1341.923
khm,sex_f,age_aggregate_total,lms_status_eip,2009,1128.732
khm,sex_f,age_aggregate_total,lms_status_eip,2010,929.856
khm,sex_f,age_aggregate_total,lms_status_eip,2011,917.757
khm,sex_f,age_aggregate_total,lms_status_eip,2012,2159.054
khm,sex_f,age_aggregate_total,lms_status_eip,2013,1395.143
khm,sex_f,age_aggregate_total,lms_status_eip,2014,1421.603
khm,sex_f,age_aggregate_total,lms_status_eip,2015,1510.228
khm,sex_f,age_aggregate_total,lms_status_eip,2016,1385.316
khm,sex_f,age_aggregate_total,lms_status_eip,2017,1375.343
khm,sex_f,age_aggregate_total,lms_status_eip,2019,1837.209
khm,sex_f,age_aggregate_total,lms_status_eip,2020,1348.142
khm,sex_f,age_aggregate_total,lms_status_eip,2021,1623.959
khm,sex_f,age_aggregate_total,lms_status_eip,2023,1631.677
khm,sex_f,age_aggregate_total,lms_status_emp,1996,2459.584
khm,sex_f,age_aggregate_total,lms_status_emp,1997,2157.381
khm,sex_f,age_aggregate_total,lms_status_emp,1999,2849.629
khm,sex_f,age_aggregate_total,lms_status_emp,2000,2671.134
khm,sex_f,age_aggregate_total,lms_status_emp,2001,3065.285
khm,sex_f,age_aggregate_total,lms_status_emp,2003,3283.16
khm,sex_f,age_aggregate_total,lms_status_emp,2007,3446.83
khm,sex_f,age_aggregate_total,lms_status_emp,2008,3427.964
khm,sex_f,age_aggregate_total,lms_status_emp,2009,3839.875
khm,sex_f,age_aggregate_total,lms_status_emp,2010,4004.432
khm,sex_f,age_aggregate_total,lms_status_emp,2011,4115.738
khm,sex_f,age_aggregate_total,lms_status_emp,2012,3399.71
khm,sex_f,age_aggregate_total,lms_status_emp,2013,4044.834
khm,sex_f,age_aggregate_total,lms_status_emp,2014,4091.815
khm,sex_f,age_aggregate_total,lms_status_emp,2015,4153.247
khm,sex_f,age_aggregate_total,lms_status_emp,2016,4328.971
khm,sex_f,age_aggregate_total,lms_status_emp,2017,4447.024
khm,sex_f,age_aggregate_total,lms_status_emp,2019,4252.284
khm,sex_f,age_aggregate_total,lms_status_emp,2020,4535.995
khm,sex_f,age_aggregate_total,lms_status_emp,2021,4538.544
khm,sex_f,age_aggregate_total,lms_status_emp,2023,4714.401
khm,sex_f,age_aggregate_total,lms_status_total,1996,3234.08
khm,sex_f,age_aggregate_total,lms_status_total,1997,3078.421
khm,sex_f,age_aggregate_total,lms_status_total,1999,3627.394
khm,sex_f,age_aggregate_total,lms_status_total,2000,3603.28
khm,sex_f,age_aggregate_total,lms_status_total,2001,3832.514
khm,sex_f,age_aggregate_total,lms_status_total,2003,4389.075
khm,sex_f,age_aggregate_total,lms_status_total,2007,4668.896
khm,sex_f,age_aggregate_total,lms_status_total,2008,4799.656
khm,sex_f,age_aggregate_total,lms_status_total,2009,4990.105
khm,sex_f,age_aggregate_total,lms_status_total,2010,4966.346
khm,sex_f,age_aggregate_total,lms_status_total,2011,5053.213
khm,sex_f,age_aggregate_total,lms_status_total,2012,5597.712
khm,sex_f,age_aggregate_total,lms_status_total,2013,5460.969
khm,sex_f,age_aggregate_total,lms_status_total,2014,5542.049
khm,sex_f,age_aggregate_total,lms_status_total,2015,5682.533
khm,sex_f,age_aggregate_total,lms_status_total,2016,5751.453
khm,sex_f,age_aggregate_total,lms_status_total,2017,5830.158
khm,sex_f,age_aggregate_total,lms_status_total,2019,6111.58
khm,sex_f,age_aggregate_total,lms_status_total,2020,5893.652
khm,sex_f,age_aggregate_total,lms_status_total,2021,6181.464
khm,sex_f,age_aggregate_total,lms_status_total,2023,6355.893
khm,sex_f,age_aggregate_total,lms_status_une,1996,28.99
khm,sex_f,age_aggregate_total,lms_status_une,1997,13.823
khm,sex_f,age_aggregate_total,lms_status_une,2000,85.688
khm,sex_f,age_aggregate_total,lms_status_une,2001,72.606
khm,sex_f,age_aggregate_total,lms_status_une,2003,30.77
khm,sex_f,age_aggregate_total,lms_status_une,2007,41.543
khm,sex_f,age_aggregate_total,lms_status_une,2008,29.769
khm,sex_f,age_aggregate_total,lms_status_une,2009,21.498
khm,sex_f,age_aggregate_total,lms_status_une,2010,32.058
khm,sex_f,age_aggregate_total,lms_status_une,2011,19.717
khm,sex_f,age_aggregate_total,lms_status_une,2012,38.948
khm,sex_f,age_aggregate_total,lms_status_une,2013,20.992
khm,sex_f,age_aggregate_total,lms_status_une,2014,28.631
khm,sex_f,age_aggregate_total,lms_status_une,2015,19.058
khm,sex_f,age_aggregate_total,lms_status_une,2016,37.167
khm,sex_f,age_aggregate_total,lms_status_une,2017,7.791
khm,sex_f,age_aggregate_total,lms_status_une,2019,22.088
khm,sex_f,age_aggregate_total,lms_status_une,2020,9.515
khm,sex_f,age_aggregate_total,lms_status_une,2021,18.962
khm,sex_f,age_aggregate_total,lms_status_une,2023,9.815
khm,sex_f,age_aggregate_y15_24,lms_status_eip,1996,250.819
khm,sex_f,age_aggregate_y15_24,lms_status_eip,1997,288.948
khm,sex_f,age_aggregate_y15_24,lms_status_eip,1999,297.725
khm,sex_f,age_aggregate_y15_24,lms_status_eip,2000,347.301
khm,sex_f,age_aggregate_y15_24,lms_status_eip,2001,273.793
khm,sex_f,age_aggregate_y15_24,lms_status_eip,2003,367.262
khm,sex_f,age_aggregate_y15_24,lms_status_eip,2007,372.139
khm,sex_f,age_aggregate_y15_24,lms_status_eip,2008,426.541
khm,sex_f,age_aggregate_y15_24,lms_status_eip,2009,384.553
khm,sex_f,age_aggregate_y15_24,lms_status_eip,2010,326.09
khm,sex_f,age_aggregate_y15_24,lms_status_eip,2011,324.668
khm,sex_f,age_aggregate_y15_24,lms_status_eip,2012,652.94
khm,sex_f,age_aggregate_y15_24,lms_status_eip,2013,498.379
khm,sex_f,age_aggregate_y15_24,lms_status_eip,2014,497.568
khm,sex_f,age_aggregate_y15_24,lms_status_eip,2015,496.961
khm,sex_f,age_aggregate_y15_24,lms_status_eip,2016,500.36
khm,sex_f,age_aggregate_y15_24,lms_status_eip,2017,519.698
khm,sex_f,age_aggregate_y15_24,lms_status_eip,2019,595.72
khm,sex_f,age_aggregate_y15_24,lms_status_eip,2020,439.339
khm,sex_f,age_aggregate_y15_24,lms_status_eip,2021,509.684
khm,sex_f,age_aggregate_y15_24,lms_status_eip,2023,545.985
khm,sex_f,age_aggregate_y15_24,lms_status_emp,1996,717.962
khm,sex_f,age_aggregate_y15_24,lms_status_emp,1997,618.645
khm,sex_f,age_aggregate_y15_24,lms_status_emp,1999,883.37
khm,sex_f,age_aggregate_y15_24,lms_status_emp,2000,855.388
khm,sex_f,age_aggregate_y15_24,lms_status_emp,2001,1069.091
khm,sex_f,age_aggregate_y15_24,lms_status_emp,2003,1172.517
khm,sex_f,age_aggregate_y15_24,lms_status_emp,2007,1107.562
khm,sex_f,age_aggregate_y15_24,lms_status_emp,2008,1031.629
khm,sex_f,age_aggregate_y15_24,lms_status_emp,2009,1133.912
khm,sex_f,age_aggregate_y15_24,lms_status_emp,2010,1158.993
khm,sex_f,age_aggregate_y15_24,lms_status_emp,2011,1180.729
khm,sex_f,age_aggregate_y15_24,lms_status_emp,2012,1032.441
khm,sex_f,age_aggregate_y15_24,lms_status_emp,2013,1079.058
khm,sex_f,age_aggregate_y15_24,lms_status_emp,2014,1120.61
khm,sex_f,age_aggregate_y15_24,lms_status_emp,2015,1121.185
khm,sex_f,age_aggregate_y15_24,lms_status_emp,2016,1127.519
khm,sex_f,age_aggregate_y15_24,lms_status_emp,2017,1138.613
khm,sex_f,age_aggregate_y15_24,lms_status_emp,2019,806.408
khm,sex_f,age_aggregate_y15_24,lms_status_emp,2020,951.239
khm,sex_f,age_aggregate_y15_24,lms_status_emp,2021,920.951
khm,sex_f,age_aggregate_y15_24,lms_status_emp,2023,870.895
khm,sex_f,age_aggregate_y15_24,lms_status_total,1996,979.439
khm,sex_f,age_aggregate_y15_24,lms_status_total,1997,912.911
khm,sex_f,age_aggregate_y15_24,lms_status_total,1999,1181.095
khm,sex_f,age_aggregate_y15_24,lms_status_total,2000,1250.339
khm,sex_f,age_aggregate_y15_24,lms_status_total,2001,1382.584
khm,sex_f,age_aggregate_y15_24,lms_status_total,2003,1555.499
khm,sex_f,age_aggregate_y15_24,lms_status_total,2007,1499.078
khm,sex_f,age_aggregate_y15_24,lms_status_total,2008,1470.144
khm,sex_f,age_aggregate_y15_24,lms_status_total,2009,1527.974
khm,sex_f,age_aggregate_y15_24,lms_status_total,2010,1496.113
khm,sex_f,age_aggregate_y15_24,lms_status_total,2011,1510.416
khm,sex_f,age_aggregate_y15_24,lms_status_total,2012,1699.806
khm,sex_f,age_aggregate_y15_24,lms_status_total,2013,1585.11
khm,sex_f,age_aggregate_y15_24,lms_status_total,2014,1629.624
khm,sex_f,age_aggregate_y15_24,lms_status_total,2015,1628.981
khm,sex_f,age_aggregate_y15_24,lms_status_total,2016,1641.735
khm,sex_f,age_aggregate_y15_24,lms_status_total,2017,1663.446
khm,sex_f,age_aggregate_y15_24,lms_status_total,2019,1414.819
khm,sex_f,age_aggregate_y15_24,lms_status_total,2020,1395.903
khm,sex_f,age_aggregate_y15_24,lms_status_total,2021,1439.612
khm,sex_f,age_aggregate_y15_24,lms_status_total,2023,1420.464
khm,sex_f,age_aggregate_y15_24,lms_status_une,1996,10.658
khm,sex_f,age_aggregate_y15_24,lms_status_une,1997,5.319
khm,sex_f,age_aggregate_y15_24,lms_status_une,2000,47.649
khm,sex_f,age_aggregate_y15_24,lms_status_une,2001,39.7
khm,sex_f,age_aggregate_y15_24,lms_status_une,2003,15.72
khm,sex_f,age_aggregate_y15_24,lms_status_une,2007,19.376
khm,sex_f,age_aggregate_y15_24,lms_status_une,2008,11.975
khm,sex_f,age_aggregate_y15_24,lms_status_une,2009,9.508
khm,sex_f,age_aggregate_y15_24,lms_status_une,2010,11.03
khm,sex_f,age_aggregate_y15_24,lms_status_une,2011,5.018
khm,sex_f,age_aggregate_y15_24,lms_status_une,2012,14.424
khm,sex_f,age_aggregate_y15_24,lms_status_une,2013,7.673
khm,sex_f,age_aggregate_y15_24,lms_status_une,2014,11.447
khm,sex_f,age_aggregate_y15_24,lms_status_une,2015,10.835
khm,sex_f,age_aggregate_y15_24,lms_status_une,2016,13.856
khm,sex_f,age_aggregate_y15_24,lms_status_une,2017,5.135
khm,sex_f,age_aggregate_y15_24,lms_status_une,2019,12.691
khm,sex_f,age_aggregate_y15_24,lms_status_une,2020,5.325
khm,sex_f,age_aggregate_y15_24,lms_status_une,2021,8.977
khm,sex_f,age_aggregate_y15_24,lms_status_une,2023,3.584
khm,sex_f,age_aggregate_y25_54,lms_status_eip,1996,249.139
khm,sex_f,age_aggregate_y25_54,lms_status_eip,1997,360.588
khm,sex_f,age_aggregate_y25_54,lms_status_eip,1999,222.727
khm,sex_f,age_aggregate_y25_54,lms_status_eip,2000,247.78
khm,sex_f,age_aggregate_y25_54,lms_status_eip,2001,186.371
khm,sex_f,age_aggregate_y25_54,lms_status_eip,2003,414.584
khm,sex_f,age_aggregate_y25_54,lms_status_eip,2007,420.61
khm,sex_f,age_aggregate_y25_54,lms_status_eip,2008,482.495
khm,sex_f,age_aggregate_y25_54,lms_status_eip,2009,378.704
khm,sex_f,age_aggregate_y25_54,lms_status_eip,2010,279.072
khm,sex_f,age_aggregate_y25_54,lms_status_eip,2011,272.586
khm,sex_f,age_aggregate_y25_54,lms_status_eip,2012,894.222
khm,sex_f,age_aggregate_y25_54,lms_status_eip,2013,435.047
khm,sex_f,age_aggregate_y25_54,lms_status_eip,2014,466.182
khm,sex_f,age_aggregate_y25_54,lms_status_eip,2015,484.814
khm,sex_f,age_aggregate_y25_54,lms_status_eip,2016,407.5
khm,sex_f,age_aggregate_y25_54,lms_status_eip,2017,385.927
khm,sex_f,age_aggregate_y25_54,lms_status_eip,2019,538.287
khm,sex_f,age_aggregate_y25_54,lms_status_eip,2020,386.515
khm,sex_f,age_aggregate_y25_54,lms_status_eip,2021,472.49
khm,sex_f,age_aggregate_y25_54,lms_status_eip,2023,434.524
khm,sex_f,age_aggregate_y25_54,lms_status_emp,1996,1538.23
khm,sex_f,age_aggregate_y25_54,lms_status_emp,1997,1329.762
khm,sex_f,age_aggregate_y25_54,lms_status_emp,1999,1705.789
khm,sex_f,age_aggregate_y25_54,lms_status_emp,2000,1591.013
khm,sex_f,age_aggregate_y25_54,lms_status_emp,2001,1727.124
khm,sex_f,age_aggregate_y25_54,lms_status_emp,2003,1806
khm,sex_f,age_aggregate_y25_54,lms_status_emp,2007,1970.178
khm,sex_f,age_aggregate_y25_54,lms_status_emp,2008,2003.683
khm,sex_f,age_aggregate_y25_54,lms_status_emp,2009,2257.422
khm,sex_f,age_aggregate_y25_54,lms_status_emp,2010,2365.255
khm,sex_f,age_aggregate_y25_54,lms_status_emp,2011,2418.746
khm,sex_f,age_aggregate_y25_54,lms_status_emp,2012,2020.65
khm,sex_f,age_aggregate_y25_54,lms_status_emp,2013,2448.133
khm,sex_f,age_aggregate_y25_54,lms_status_emp,2014,2499.199
khm,sex_f,age_aggregate_y25_54,lms_status_emp,2015,2550.983
khm,sex_f,age_aggregate_y25_54,lms_status_emp,2016,2649.536
khm,sex_f,age_aggregate_y25_54,lms_status_emp,2017,2733.68
khm,sex_f,age_aggregate_y25_54,lms_status_emp,2019,2772.276
khm,sex_f,age_aggregate_y25_54,lms_status_emp,2020,2898.198
khm,sex_f,age_aggregate_y25_54,lms_status_emp,2021,2960.159
khm,sex_f,age_aggregate_y25_54,lms_status_emp,2023,3115.095
khm,sex_f,age_aggregate_y25_54,lms_status_total,1996,1803.409
khm,sex_f,age_aggregate_y25_54,lms_status_total,1997,1697.391
khm,sex_f,age_aggregate_y25_54,lms_status_total,1999,1928.636
khm,sex_f,age_aggregate_y25_54,lms_status_total,2000,1875.916
khm,sex_f,age_aggregate_y25_54,lms_status_total,2001,1942.644
khm,sex_f,age_aggregate_y25_54,lms_status_total,2003,2234.445
khm,sex_f,age_aggregate_y25_54,lms_status_total,2007,2410.561
khm,sex_f,age_aggregate_y25_54,lms_status_total,2008,2502.498
khm,sex_f,age_aggregate_y25_54,lms_status_total,2009,2645.594
khm,sex_f,age_aggregate_y25_54,lms_status_total,2010,2664.061
khm,sex_f,age_aggregate_y25_54,lms_status_total,2011,2705.103
khm,sex_f,age_aggregate_y25_54,lms_status_total,2012,2937.548
khm,sex_f,age_aggregate_y25_54,lms_status_total,2013,2894.676
khm,sex_f,age_aggregate_y25_54,lms_status_total,2014,2977.766
khm,sex_f,age_aggregate_y25_54,lms_status_total,2015,3039.028
khm,sex_f,age_aggregate_y25_54,lms_status_total,2016,3077.275
khm,sex_f,age_aggregate_y25_54,lms_status_total,2017,3122.263
khm,sex_f,age_aggregate_y25_54,lms_status_total,2019,3319.615
khm,sex_f,age_aggregate_y25_54,lms_status_total,2020,3288.642
khm,sex_f,age_aggregate_y25_54,lms_status_total,2021,3441.782
khm,sex_f,age_aggregate_y25_54,lms_status_total,2023,3555.85
khm,sex_f,age_aggregate_y25_54,lms_status_une,1996,16.04
khm,sex_f,age_aggregate_y25_54,lms_status_une,1997,7.041
khm,sex_f,age_aggregate_y25_54,lms_status_une,2000,37.123
khm,sex_f,age_aggregate_y25_54,lms_status_une,2001,29.149
khm,sex_f,age_aggregate_y25_54,lms_status_une,2003,13.86
khm,sex_f,age_aggregate_y25_54,lms_status_une,2007,19.774
khm,sex_f,age_aggregate_y25_54,lms_status_une,2008,16.319
khm,sex_f,age_aggregate_y25_54,lms_status_une,2009,9.468
khm,sex_f,age_aggregate_y25_54,lms_status_une,2010,19.734
khm,sex_f,age_aggregate_y25_54,lms_status_une,2011,13.771
khm,sex_f,age_aggregate_y25_54,lms_status_une,2012,22.677
khm,sex_f,age_aggregate_y25_54,lms_status_une,2013,11.496
khm,sex_f,age_aggregate_y25_54,lms_status_une,2014,12.385
khm,sex_f,age_aggregate_y25_54,lms_status_une,2016,20.24
khm,sex_f,age_aggregate_y25_54,lms_status_une,2019,9.052
khm,sex_f,age_aggregate_y25_54,lms_status_une,2020,3.93
khm,sex_f,age_aggregate_y25_54,lms_status_une,2021,9.133
khm,sex_f,age_aggregate_y25_54,lms_status_une,2023,6.231
khm,sex_f,age_aggregate_y55_64,lms_status_eip,1996,87.23
khm,sex_f,age_aggregate_y55_64,lms_status_eip,1997,95.312
khm,sex_f,age_aggregate_y55_64,lms_status_eip,1999,93.282
khm,sex_f,age_aggregate_y55_64,lms_status_eip,2000,79.115
khm,sex_f,age_aggregate_y55_64,lms_status_eip,2001,74.603
khm,sex_f,age_aggregate_y55_64,lms_status_eip,2003,115.222
khm,sex_f,age_aggregate_y55_64,lms_status_eip,2007,133.173
khm,sex_f,age_aggregate_y55_64,lms_status_eip,2008,159.946
khm,sex_f,age_aggregate_y55_64,lms_status_eip,2009,129.6
khm,sex_f,age_aggregate_y55_64,lms_status_eip,2010,101.814
khm,sex_f,age_aggregate_y55_64,lms_status_eip,2011,101.269
khm,sex_f,age_aggregate_y55_64,lms_status_eip,2012,272.973
khm,sex_f,age_aggregate_y55_64,lms_status_eip,2013,168.948
khm,sex_f,age_aggregate_y55_64,lms_status_eip,2014,172.476
khm,sex_f,age_aggregate_y55_64,lms_status_eip,2015,196.513
khm,sex_f,age_aggregate_y55_64,lms_status_eip,2016,175.925
khm,sex_f,age_aggregate_y55_64,lms_status_eip,2017,163.189
khm,sex_f,age_aggregate_y55_64,lms_status_eip,2019,265.573
khm,sex_f,age_aggregate_y55_64,lms_status_eip,2020,178.838
khm,sex_f,age_aggregate_y55_64,lms_status_eip,2021,221.793
khm,sex_f,age_aggregate_y55_64,lms_status_eip,2023,206.464
khm,sex_f,age_aggregate_y55_64,lms_status_emp,1996,157.935
khm,sex_f,age_aggregate_y55_64,lms_status_emp,1997,156.55
khm,sex_f,age_aggregate_y55_64,lms_status_emp,1999,193.573
khm,sex_f,age_aggregate_y55_64,lms_status_emp,2000,175.149
khm,sex_f,age_aggregate_y55_64,lms_status_emp,2001,208.748
khm,sex_f,age_aggregate_y55_64,lms_status_emp,2003,208.113
khm,sex_f,age_aggregate_y55_64,lms_status_emp,2007,279.902
khm,sex_f,age_aggregate_y55_64,lms_status_emp,2008,298.589
khm,sex_f,age_aggregate_y55_64,lms_status_emp,2009,323.837
khm,sex_f,age_aggregate_y55_64,lms_status_emp,2010,344.935
khm,sex_f,age_aggregate_y55_64,lms_status_emp,2011,359.979
khm,sex_f,age_aggregate_y55_64,lms_status_emp,2012,263.81
khm,sex_f,age_aggregate_y55_64,lms_status_emp,2013,355.007
khm,sex_f,age_aggregate_y55_64,lms_status_emp,2014,353.185
khm,sex_f,age_aggregate_y55_64,lms_status_emp,2015,357.509
khm,sex_f,age_aggregate_y55_64,lms_status_emp,2016,390.022
khm,sex_f,age_aggregate_y55_64,lms_status_emp,2017,411.171
khm,sex_f,age_aggregate_y55_64,lms_status_emp,2019,479.239
khm,sex_f,age_aggregate_y55_64,lms_status_emp,2020,468.593
khm,sex_f,age_aggregate_y55_64,lms_status_emp,2021,458
khm,sex_f,age_aggregate_y55_64,lms_status_emp,2023,506.666
khm,sex_f,age_aggregate_y55_64,lms_status_total,1996,246.908
khm,sex_f,age_aggregate_y55_64,lms_status_total,1997,252.981
khm,sex_f,age_aggregate_y55_64,lms_status_total,1999,287.51
khm,sex_f,age_aggregate_y55_64,lms_status_total,2000,255.082
khm,sex_f,age_aggregate_y55_64,lms_status_total,2001,285.747
khm,sex_f,age_aggregate_y55_64,lms_status_total,2003,324.32
khm,sex_f,age_aggregate_y55_64,lms_status_total,2007,414.949
khm,sex_f,age_aggregate_y55_64,lms_status_total,2008,460.01
khm,sex_f,age_aggregate_y55_64,lms_status_total,2009,454.478
khm,sex_f,age_aggregate_y55_64,lms_status_total,2010,446.967
khm,sex_f,age_aggregate_y55_64,lms_status_total,2011,461.248
khm,sex_f,age_aggregate_y55_64,lms_status_total,2012,537.708
khm,sex_f,age_aggregate_y55_64,lms_status_total,2013,525.777
khm,sex_f,age_aggregate_y55_64,lms_status_total,2014,528.49
khm,sex_f,age_aggregate_y55_64,lms_status_total,2015,559.015
khm,sex_f,age_aggregate_y55_64,lms_status_total,2016,568.238
khm,sex_f,age_aggregate_y55_64,lms_status_total,2017,574.361
khm,sex_f,age_aggregate_y55_64,lms_status_total,2019,745.156
khm,sex_f,age_aggregate_y55_64,lms_status_total,2020,647.691
khm,sex_f,age_aggregate_y55_64,lms_status_total,2021,680.645
khm,sex_f,age_aggregate_y55_64,lms_status_total,2023,713.13
khm,sex_f,age_aggregate_y55_64,lms_status_une,1996,1.742
khm,sex_f,age_aggregate_y55_64,lms_status_une,2003,0.986
khm,sex_f,age_aggregate_y55_64,lms_status_une,2014,2.829
khm,sex_f,age_aggregate_y55_64,lms_status_une,2015,4.993
khm,sex_f,age_aggregate_yge65,lms_status_eip,1996,158.318
khm,sex_f,age_aggregate_yge65,lms_status_eip,1997,162.369
khm,sex_f,age_aggregate_yge65,lms_status_eip,1999,163.256
khm,sex_f,age_aggregate_yge65,lms_status_eip,2000,172.262
khm,sex_f,age_aggregate_yge65,lms_status_eip,2001,159.857
khm,sex_f,age_aggregate_yge65,lms_status_eip,2003,178.077
khm,sex_f,age_aggregate_yge65,lms_status_eip,2007,254.6
khm,sex_f,age_aggregate_yge65,lms_status_eip,2008,272.941
khm,sex_f,age_aggregate_yge65,lms_status_eip,2009,235.874
khm,sex_f,age_aggregate_yge65,lms_status_eip,2010,222.881
khm,sex_f,age_aggregate_yge65,lms_status_eip,2011,219.233
khm,sex_f,age_aggregate_yge65,lms_status_eip,2012,338.92
khm,sex_f,age_aggregate_yge65,lms_status_eip,2013,292.769
khm,sex_f,age_aggregate_yge65,lms_status_eip,2014,285.377
khm,sex_f,age_aggregate_yge65,lms_status_eip,2015,331.939
khm,sex_f,age_aggregate_yge65,lms_status_eip,2016,301.531
khm,sex_f,age_aggregate_yge65,lms_status_eip,2017,306.528
khm,sex_f,age_aggregate_yge65,lms_status_eip,2019,437.63
khm,sex_f,age_aggregate_yge65,lms_status_eip,2020,343.451
khm,sex_f,age_aggregate_yge65,lms_status_eip,2021,419.991
khm,sex_f,age_aggregate_yge65,lms_status_eip,2023,444.703
khm,sex_f,age_aggregate_yge65,lms_status_emp,1996,45.457
khm,sex_f,age_aggregate_yge65,lms_status_emp,1997,52.424
khm,sex_f,age_aggregate_yge65,lms_status_emp,1999,66.897
khm,sex_f,age_aggregate_yge65,lms_status_emp,2000,49.583
khm,sex_f,age_aggregate_yge65,lms_status_emp,2001,60.322
khm,sex_f,age_aggregate_yge65,lms_status_emp,2003,96.53
khm,sex_f,age_aggregate_yge65,lms_status_emp,2007,89.188
khm,sex_f,age_aggregate_yge65,lms_status_emp,2008,94.063
khm,sex_f,age_aggregate_yge65,lms_status_emp,2009,124.704
khm,sex_f,age_aggregate_yge65,lms_status_emp,2010,135.249
khm,sex_f,age_aggregate_yge65,lms_status_emp,2011,156.284
khm,sex_f,age_aggregate_yge65,lms_status_emp,2012,82.809
khm,sex_f,age_aggregate_yge65,lms_status_emp,2013,162.637
khm,sex_f,age_aggregate_yge65,lms_status_emp,2014,118.821
khm,sex_f,age_aggregate_yge65,lms_status_emp,2015,123.57
khm,sex_f,age_aggregate_yge65,lms_status_emp,2016,161.894
khm,sex_f,age_aggregate_yge65,lms_status_emp,2017,163.559
khm,sex_f,age_aggregate_yge65,lms_status_emp,2019,194.36
khm,sex_f,age_aggregate_yge65,lms_status_emp,2020,217.965
khm,sex_f,age_aggregate_yge65,lms_status_emp,2021,199.434
khm,sex_f,age_aggregate_yge65,lms_status_emp,2023,221.746
khm,sex_f,age_aggregate_yge65,lms_status_total,1996,204.324
khm,sex_f,age_aggregate_yge65,lms_status_total,1997,215.139
khm,sex_f,age_aggregate_yge65,lms_status_total,1999,230.153
khm,sex_f,age_aggregate_yge65,lms_status_total,2000,221.944
khm,sex_f,age_aggregate_yge65,lms_status_total,2001,221.54
khm,sex_f,age_aggregate_yge65,lms_status_total,2003,274.812
khm,sex_f,age_aggregate_yge65,lms_status_total,2007,344.308
khm,sex_f,age_aggregate_yge65,lms_status_total,2008,367.004
khm,sex_f,age_aggregate_yge65,lms_status_total,2009,362.059
khm,sex_f,age_aggregate_yge65,lms_status_total,2010,359.204
khm,sex_f,age_aggregate_yge65,lms_status_total,2011,376.446
khm,sex_f,age_aggregate_yge65,lms_status_total,2012,422.65
khm,sex_f,age_aggregate_yge65,lms_status_total,2013,455.406
khm,sex_f,age_aggregate_yge65,lms_status_total,2014,406.169
khm,sex_f,age_aggregate_yge65,lms_status_total,2015,455.509
khm,sex_f,age_aggregate_yge65,lms_status_total,2016,464.205
khm,sex_f,age_aggregate_yge65,lms_status_total,2017,470.087
khm,sex_f,age_aggregate_yge65,lms_status_total,2019,631.99
khm,sex_f,age_aggregate_yge65,lms_status_total,2020,561.415
khm,sex_f,age_aggregate_yge65,lms_status_total,2021,619.425
khm,sex_f,age_aggregate_yge65,lms_status_total,2023,666.449
khm,sex_f,age_aggregate_yge65,lms_status_une,2009,1.481
khm,sex_f,age_aggregate_yge65,lms_status_une,2014,1.971
khm,sex_f,age_ythadult_y15_24,lms_status_eip,1996,250.819
khm,sex_f,age_ythadult_y15_24,lms_status_eip,1997,288.948
khm,sex_f,age_ythadult_y15_24,lms_status_eip,1999,297.725
khm,sex_f,age_ythadult_y15_24,lms_status_eip,2000,347.301
khm,sex_f,age_ythadult_y15_24,lms_status_eip,2001,273.793
khm,sex_f,age_ythadult_y15_24,lms_status_eip,2003,367.262
khm,sex_f,age_ythadult_y15_24,lms_status_eip,2007,372.139
khm,sex_f,age_ythadult_y15_24,lms_status_eip,2008,426.541
khm,sex_f,age_ythadult_y15_24,lms_status_eip,2009,384.553
khm,sex_f,age_ythadult_y15_24,lms_status_eip,2010,326.09
khm,sex_f,age_ythadult_y15_24,lms_status_eip,2011,324.668
khm,sex_f,age_ythadult_y15_24,lms_status_eip,2012,652.94
khm,sex_f,age_ythadult_y15_24,lms_status_eip,2013,498.379
khm,sex_f,age_ythadult_y15_24,lms_status_eip,2014,497.568
khm,sex_f,age_ythadult_y15_24,lms_status_eip,2015,496.961
khm,sex_f,age_ythadult_y15_24,lms_status_eip,2016,500.36
khm,sex_f,age_ythadult_y15_24,lms_status_eip,2017,519.698
khm,sex_f,age_ythadult_y15_24,lms_status_eip,2019,595.72
khm,sex_f,age_ythadult_y15_24,lms_status_eip,2020,439.339
khm,sex_f,age_ythadult_y15_24,lms_status_eip,2021,509.684
khm,sex_f,age_ythadult_y15_24,lms_status_eip,2023,545.985
khm,sex_f,age_ythadult_y15_24,lms_status_emp,1996,717.962
khm,sex_f,age_ythadult_y15_24,lms_status_emp,1997,618.645
khm,sex_f,age_ythadult_y15_24,lms_status_emp,1999,883.37
khm,sex_f,age_ythadult_y15_24,lms_status_emp,2000,855.388
khm,sex_f,age_ythadult_y15_24,lms_status_emp,2001,1069.091
khm,sex_f,age_ythadult_y15_24,lms_status_emp,2003,1172.517
khm,sex_f,age_ythadult_y15_24,lms_status_emp,2007,1107.562
khm,sex_f,age_ythadult_y15_24,lms_status_emp,2008,1031.629
khm,sex_f,age_ythadult_y15_24,lms_status_emp,2009,1133.912
khm,sex_f,age_ythadult_y15_24,lms_status_emp,2010,1158.993
khm,sex_f,age_ythadult_y15_24,lms_status_emp,2011,1180.729
khm,sex_f,age_ythadult_y15_24,lms_status_emp,2012,1032.441
khm,sex_f,age_ythadult_y15_24,lms_status_emp,2013,1079.058
khm,sex_f,age_ythadult_y15_24,lms_status_emp,2014,1120.61
khm,sex_f,age_ythadult_y15_24,lms_status_emp,2015,1121.185
khm,sex_f,age_ythadult_y15_24,lms_status_emp,2016,1127.519
khm,sex_f,age_ythadult_y15_24,lms_status_emp,2017,1138.613
khm,sex_f,age_ythadult_y15_24,lms_status_emp,2019,806.408
khm,sex_f,age_ythadult_y15_24,lms_status_emp,2020,951.239
khm,sex_f,age_ythadult_y15_24,lms_status_emp,2021,920.951
khm,sex_f,age_ythadult_y15_24,lms_status_emp,2023,870.895
khm,sex_f,age_ythadult_y15_24,lms_status_total,1996,979.439
khm,sex_f,age_ythadult_y15_24,lms_status_total,1997,912.911
khm,sex_f,age_ythadult_y15_24,lms_status_total,1999,1181.095
khm,sex_f,age_ythadult_y15_24,lms_status_total,2000,1250.339
khm,sex_f,age_ythadult_y15_24,lms_status_total,2001,1382.584
khm,sex_f,age_ythadult_y15_24,lms_status_total,2003,1555.499
khm,sex_f,age_ythadult_y15_24,lms_status_total,2007,1499.078
khm,sex_f,age_ythadult_y15_24,lms_status_total,2008,1470.144
khm,sex_f,age_ythadult_y15_24,lms_status_total,2009,1527.974
khm,sex_f,age_ythadult_y15_24,lms_status_total,2010,1496.113
khm,sex_f,age_ythadult_y15_24,lms_status_total,2011,1510.416
khm,sex_f,age_ythadult_y15_24,lms_status_total,2012,1699.806
khm,sex_f,age_ythadult_y15_24,lms_status_total,2013,1585.11
khm,sex_f,age_ythadult_y15_24,lms_status_total,2014,1629.624
khm,sex_f,age_ythadult_y15_24,lms_status_total,2015,1628.981
khm,sex_f,age_ythadult_y15_24,lms_status_total,2016,1641.735
khm,sex_f,age_ythadult_y15_24,lms_status_total,2017,1663.446
khm,sex_f,age_ythadult_y15_24,lms_status_total,2019,1414.819
khm,sex_f,age_ythadult_y15_24,lms_status_total,2020,1395.903
khm,sex_f,age_ythadult_y15_24,lms_status_total,2021,1439.612
khm,sex_f,age_ythadult_y15_24,lms_status_total,2023,1420.464
khm,sex_f,age_ythadult_y15_24,lms_status_une,1996,10.658
khm,sex_f,age_ythadult_y15_24,lms_status_une,1997,5.319
khm,sex_f,age_ythadult_y15_24,lms_status_une,2000,47.649
khm,sex_f,age_ythadult_y15_24,lms_status_une,2001,39.7
khm,sex_f,age_ythadult_y15_24,lms_status_une,2003,15.72
khm,sex_f,age_ythadult_y15_24,lms_status_une,2007,19.376
khm,sex_f,age_ythadult_y15_24,lms_status_une,2008,11.975
khm,sex_f,age_ythadult_y15_24,lms_status_une,2009,9.508
khm,sex_f,age_ythadult_y15_24,lms_status_une,2010,11.03
khm,sex_f,age_ythadult_y15_24,lms_status_une,2011,5.018
khm,sex_f,age_ythadult_y15_24,lms_status_une,2012,14.424
khm,sex_f,age_ythadult_y15_24,lms_status_une,2013,7.673
khm,sex_f,age_ythadult_y15_24,lms_status_une,2014,11.447
khm,sex_f,age_ythadult_y15_24,lms_status_une,2015,10.835
khm,sex_f,age_ythadult_y15_24,lms_status_une,2016,13.856
khm,sex_f,age_ythadult_y15_24,lms_status_une,2017,5.135
khm,sex_f,age_ythadult_y15_24,lms_status_une,2019,12.691
khm,sex_f,age_ythadult_y15_24,lms_status_une,2020,5.325
khm,sex_f,age_ythadult_y15_24,lms_status_une,2021,8.977
khm,sex_f,age_ythadult_y15_24,lms_status_une,2023,3.584
khm,sex_f,age_ythadult_y15_64,lms_status_eip,1996,587.189
khm,sex_f,age_ythadult_y15_64,lms_status_eip,1997,744.847
khm,sex_f,age_ythadult_y15_64,lms_status_eip,1999,613.734
khm,sex_f,age_ythadult_y15_64,lms_status_eip,2000,674.196
khm,sex_f,age_ythadult_y15_64,lms_status_eip,2001,534.767
khm,sex_f,age_ythadult_y15_64,lms_status_eip,2003,897.068
khm,sex_f,age_ythadult_y15_64,lms_status_eip,2007,925.922
khm,sex_f,age_ythadult_y15_64,lms_status_eip,2008,1068.982
khm,sex_f,age_ythadult_y15_64,lms_status_eip,2009,892.858
khm,sex_f,age_ythadult_y15_64,lms_status_eip,2010,706.976
khm,sex_f,age_ythadult_y15_64,lms_status_eip,2011,698.524
khm,sex_f,age_ythadult_y15_64,lms_status_eip,2012,1820.135
khm,sex_f,age_ythadult_y15_64,lms_status_eip,2013,1102.374
khm,sex_f,age_ythadult_y15_64,lms_status_eip,2014,1136.226
khm,sex_f,age_ythadult_y15_64,lms_status_eip,2015,1178.289
khm,sex_f,age_ythadult_y15_64,lms_status_eip,2016,1083.784
khm,sex_f,age_ythadult_y15_64,lms_status_eip,2017,1068.815
khm,sex_f,age_ythadult_y15_64,lms_status_eip,2019,1399.579
khm,sex_f,age_ythadult_y15_64,lms_status_eip,2020,1004.691
khm,sex_f,age_ythadult_y15_64,lms_status_eip,2021,1203.967
khm,sex_f,age_ythadult_y15_64,lms_status_eip,2023,1186.973
khm,sex_f,age_ythadult_y15_64,lms_status_emp,1996,2414.127
khm,sex_f,age_ythadult_y15_64,lms_status_emp,1997,2104.957
khm,sex_f,age_ythadult_y15_64,lms_status_emp,1999,2782.732
khm,sex_f,age_ythadult_y15_64,lms_status_emp,2000,2621.551
khm,sex_f,age_ythadult_y15_64,lms_status_emp,2001,3004.962
khm,sex_f,age_ythadult_y15_64,lms_status_emp,2003,3186.63
khm,sex_f,age_ythadult_y15_64,lms_status_emp,2007,3357.643
khm,sex_f,age_ythadult_y15_64,lms_status_emp,2008,3333.901
khm,sex_f,age_ythadult_y15_64,lms_status_emp,2009,3715.171
khm,sex_f,age_ythadult_y15_64,lms_status_emp,2010,3869.183
khm,sex_f,age_ythadult_y15_64,lms_status_emp,2011,3959.454
khm,sex_f,age_ythadult_y15_64,lms_status_emp,2012,3316.901
khm,sex_f,age_ythadult_y15_64,lms_status_emp,2013,3882.197
khm,sex_f,age_ythadult_y15_64,lms_status_emp,2014,3972.994
khm,sex_f,age_ythadult_y15_64,lms_status_emp,2015,4029.677
khm,sex_f,age_ythadult_y15_64,lms_status_emp,2016,4167.076
khm,sex_f,age_ythadult_y15_64,lms_status_emp,2017,4283.464
khm,sex_f,age_ythadult_y15_64,lms_status_emp,2019,4057.923
khm,sex_f,age_ythadult_y15_64,lms_status_emp,2020,4318.03
khm,sex_f,age_ythadult_y15_64,lms_status_emp,2021,4339.11
khm,sex_f,age_ythadult_y15_64,lms_status_emp,2023,4492.655
khm,sex_f,age_ythadult_y15_64,lms_status_total,1996,3029.756
khm,sex_f,age_ythadult_y15_64,lms_status_total,1997,2863.282
khm,sex_f,age_ythadult_y15_64,lms_status_total,1999,3397.241
khm,sex_f,age_ythadult_y15_64,lms_status_total,2000,3381.336
khm,sex_f,age_ythadult_y15_64,lms_status_total,2001,3610.974
khm,sex_f,age_ythadult_y15_64,lms_status_total,2003,4114.264
khm,sex_f,age_ythadult_y15_64,lms_status_total,2007,4324.588
khm,sex_f,age_ythadult_y15_64,lms_status_total,2008,4432.652
khm,sex_f,age_ythadult_y15_64,lms_status_total,2009,4628.046
khm,sex_f,age_ythadult_y15_64,lms_status_total,2010,4607.141
khm,sex_f,age_ythadult_y15_64,lms_status_total,2011,4676.767
khm,sex_f,age_ythadult_y15_64,lms_status_total,2012,5175.063
khm,sex_f,age_ythadult_y15_64,lms_status_total,2013,5005.563
khm,sex_f,age_ythadult_y15_64,lms_status_total,2014,5135.88
khm,sex_f,age_ythadult_y15_64,lms_status_total,2015,5227.024
khm,sex_f,age_ythadult_y15_64,lms_status_total,2016,5287.248
khm,sex_f,age_ythadult_y15_64,lms_status_total,2017,5360.07
khm,sex_f,age_ythadult_y15_64,lms_status_total,2019,5479.59
khm,sex_f,age_ythadult_y15_64,lms_status_total,2020,5332.236
khm,sex_f,age_ythadult_y15_64,lms_status_total,2021,5562.04
khm,sex_f,age_ythadult_y15_64,lms_status_total,2023,5689.444
khm,sex_f,age_ythadult_y15_64,lms_status_une,1996,28.441
khm,sex_f,age_ythadult_y15_64,lms_status_une,1997,13.478
khm,sex_f,age_ythadult_y15_64,lms_status_une,1999,0.775
khm,sex_f,age_ythadult_y15_64,lms_status_une,2000,85.59
khm,sex_f,age_ythadult_y15_64,lms_status_une,2001,71.245
khm,sex_f,age_ythadult_y15_64,lms_status_une,2003,30.566
khm,sex_f,age_ythadult_y15_64,lms_status_une,2007,41.023
khm,sex_f,age_ythadult_y15_64,lms_status_une,2008,29.769
khm,sex_f,age_ythadult_y15_64,lms_status_une,2009,20.017
khm,sex_f,age_ythadult_y15_64,lms_status_une,2010,30.982
khm,sex_f,age_ythadult_y15_64,lms_status_une,2011,18.789
khm,sex_f,age_ythadult_y15_64,lms_status_une,2012,38.027
khm,sex_f,age_ythadult_y15_64,lms_status_une,2013,20.992
khm,sex_f,age_ythadult_y15_64,lms_status_une,2014,26.66
khm,sex_f,age_ythadult_y15_64,lms_status_une,2015,19.058
khm,sex_f,age_ythadult_y15_64,lms_status_une,2016,36.388
khm,sex_f,age_ythadult_y15_64,lms_status_une,2019,22.088
khm,sex_f,age_ythadult_y15_64,lms_status_une,2020,9.515
khm,sex_f,age_ythadult_y15_64,lms_status_une,2021,18.962
khm,sex_f,age_ythadult_y15_64,lms_status_une,2023,9.815
khm,sex_f,age_ythadult_yge15,lms_status_eip,1996,745.507
khm,sex_f,age_ythadult_yge15,lms_status_eip,1997,907.216
khm,sex_f,age_ythadult_yge15,lms_status_eip,1999,776.99
khm,sex_f,age_ythadult_yge15,lms_status_eip,2000,846.458
khm,sex_f,age_ythadult_yge15,lms_status_eip,2001,694.624
khm,sex_f,age_ythadult_yge15,lms_status_eip,2003,1075.146
khm,sex_f,age_ythadult_yge15,lms_status_eip,2007,1180.522
khm,sex_f,age_ythadult_yge15,lms_status_eip,2008,1341.923
khm,sex_f,age_ythadult_yge15,lms_status_eip,2009,1128.732
khm,sex_f,age_ythadult_yge15,lms_status_eip,2010,929.856
khm,sex_f,age_ythadult_yge15,lms_status_eip,2011,917.757
khm,sex_f,age_ythadult_yge15,lms_status_eip,2012,2159.054
khm,sex_f,age_ythadult_yge15,lms_status_eip,2013,1395.143
khm,sex_f,age_ythadult_yge15,lms_status_eip,2014,1421.603
khm,sex_f,age_ythadult_yge15,lms_status_eip,2015,1510.228
khm,sex_f,age_ythadult_yge15,lms_status_eip,2016,1385.316
khm,sex_f,age_ythadult_yge15,lms_status_eip,2017,1375.343
khm,sex_f,age_ythadult_yge15,lms_status_eip,2019,1837.209
khm,sex_f,age_ythadult_yge15,lms_status_eip,2020,1348.142
khm,sex_f,age_ythadult_yge15,lms_status_eip,2021,1623.959
khm,sex_f,age_ythadult_yge15,lms_status_eip,2023,1631.677
khm,sex_f,age_ythadult_yge15,lms_status_emp,1996,2459.584
khm,sex_f,age_ythadult_yge15,lms_status_emp,1997,2157.381
khm,sex_f,age_ythadult_yge15,lms_status_emp,1999,2849.629
khm,sex_f,age_ythadult_yge15,lms_status_emp,2000,2671.134
khm,sex_f,age_ythadult_yge15,lms_status_emp,2001,3065.285
khm,sex_f,age_ythadult_yge15,lms_status_emp,2003,3283.16
khm,sex_f,age_ythadult_yge15,lms_status_emp,2007,3446.83
khm,sex_f,age_ythadult_yge15,lms_status_emp,2008,3427.964
khm,sex_f,age_ythadult_yge15,lms_status_emp,2009,3839.875
khm,sex_f,age_ythadult_yge15,lms_status_emp,2010,4004.432
khm,sex_f,age_ythadult_yge15,lms_status_emp,2011,4115.738
khm,sex_f,age_ythadult_yge15,lms_status_emp,2012,3399.71
khm,sex_f,age_ythadult_yge15,lms_status_emp,2013,4044.834
khm,sex_f,age_ythadult_yge15,lms_status_emp,2014,4091.815
khm,sex_f,age_ythadult_yge15,lms_status_emp,2015,4153.247
khm,sex_f,age_ythadult_yge15,lms_status_emp,2016,4328.971
khm,sex_f,age_ythadult_yge15,lms_status_emp,2017,4447.024
khm,sex_f,age_ythadult_yge15,lms_status_emp,2019,4252.284
khm,sex_f,age_ythadult_yge15,lms_status_emp,2020,4535.995
khm,sex_f,age_ythadult_yge15,lms_status_emp,2021,4538.544
khm,sex_f,age_ythadult_yge15,lms_status_emp,2023,4714.401
khm,sex_f,age_ythadult_yge15,lms_status_total,1996,3234.08
khm,sex_f,age_ythadult_yge15,lms_status_total,1997,3078.421
khm,sex_f,age_ythadult_yge15,lms_status_total,1999,3627.394
khm,sex_f,age_ythadult_yge15,lms_status_total,2000,3603.28
khm,sex_f,age_ythadult_yge15,lms_status_total,2001,3832.514
khm,sex_f,age_ythadult_yge15,lms_status_total,2003,4389.075
khm,sex_f,age_ythadult_yge15,lms_status_total,2007,4668.896
khm,sex_f,age_ythadult_yge15,lms_status_total,2008,4799.656
khm,sex_f,age_ythadult_yge15,lms_status_total,2009,4990.105
khm,sex_f,age_ythadult_yge15,lms_status_total,2010,4966.346
khm,sex_f,age_ythadult_yge15,lms_status_total,2011,5053.213
khm,sex_f,age_ythadult_yge15,lms_status_total,2012,5597.712
khm,sex_f,age_ythadult_yge15,lms_status_total,2013,5460.969
khm,sex_f,age_ythadult_yge15,lms_status_total,2014,5542.049
khm,sex_f,age_ythadult_yge15,lms_status_total,2015,5682.533
khm,sex_f,age_ythadult_yge15,lms_status_total,2016,5751.453
khm,sex_f,age_ythadult_yge15,lms_status_total,2017,5830.158
khm,sex_f,age_ythadult_yge15,lms_status_total,2019,6111.58
khm,sex_f,age_ythadult_yge15,lms_status_total,2020,5893.652
khm,sex_f,age_ythadult_yge15,lms_status_total,2021,6181.464
khm,sex_f,age_ythadult_yge15,lms_status_total,2023,6355.893
khm,sex_f,age_ythadult_yge15,lms_status_une,1996,28.99
khm,sex_f,age_ythadult_yge15,lms_status_une,1997,13.823
khm,sex_f,age_ythadult_yge15,lms_status_une,2000,85.688
khm,sex_f,age_ythadult_yge15,lms_status_une,2001,72.606
khm,sex_f,age_ythadult_yge15,lms_status_une,2003,30.77
khm,sex_f,age_ythadult_yge15,lms_status_une,2007,41.543
khm,sex_f,age_ythadult_yge15,lms_status_une,2008,29.769
khm,sex_f,age_ythadult_yge15,lms_status_une,2009,21.498
khm,sex_f,age_ythadult_yge15,lms_status_une,2010,32.058
khm,sex_f,age_ythadult_yge15,lms_status_une,2011,19.717
khm,sex_f,age_ythadult_yge15,lms_status_une,2012,38.948
khm,sex_f,age_ythadult_yge15,lms_status_une,2013,20.992
khm,sex_f,age_ythadult_yge15,lms_status_une,2014,28.631
khm,sex_f,age_ythadult_yge15,lms_status_une,2015,19.058
khm,sex_f,age_ythadult_yge15,lms_status_une,2016,37.167
khm,sex_f,age_ythadult_yge15,lms_status_une,2017,7.791
khm,sex_f,age_ythadult_yge15,lms_status_une,2019,22.088
khm,sex_f,age_ythadult_yge15,lms_status_une,2020,9.515
khm,sex_f,age_ythadult_yge15,lms_status_une,2021,18.962
khm,sex_f,age_ythadult_yge15,lms_status_une,2023,9.815
khm,sex_f,age_ythadult_yge25,lms_status_eip,1996,494.688
khm,sex_f,age_ythadult_yge25,lms_status_eip,1997,618.269
khm,sex_f,age_ythadult_yge25,lms_status_eip,1999,479.265
khm,sex_f,age_ythadult_yge25,lms_status_eip,2000,499.157
khm,sex_f,age_ythadult_yge25,lms_status_eip,2001,420.831
khm,sex_f,age_ythadult_yge25,lms_status_eip,2003,707.884
khm,sex_f,age_ythadult_yge25,lms_status_eip,2007,808.383
khm,sex_f,age_ythadult_yge25,lms_status_eip,2008,915.383
khm,sex_f,age_ythadult_yge25,lms_status_eip,2009,744.178
khm,sex_f,age_ythadult_yge25,lms_status_eip,2010,603.766
khm,sex_f,age_ythadult_yge25,lms_status_eip,2011,593.089
khm,sex_f,age_ythadult_yge25,lms_status_eip,2012,1506.114
khm,sex_f,age_ythadult_yge25,lms_status_eip,2013,896.764
khm,sex_f,age_ythadult_yge25,lms_status_eip,2014,924.035
khm,sex_f,age_ythadult_yge25,lms_status_eip,2015,1013.267
khm,sex_f,age_ythadult_yge25,lms_status_eip,2016,884.956
khm,sex_f,age_ythadult_yge25,lms_status_eip,2017,855.644
khm,sex_f,age_ythadult_yge25,lms_status_eip,2019,1241.489
khm,sex_f,age_ythadult_yge25,lms_status_eip,2020,908.803
khm,sex_f,age_ythadult_yge25,lms_status_eip,2021,1114.274
khm,sex_f,age_ythadult_yge25,lms_status_eip,2023,1085.691
khm,sex_f,age_ythadult_yge25,lms_status_emp,1996,1741.622
khm,sex_f,age_ythadult_yge25,lms_status_emp,1997,1538.736
khm,sex_f,age_ythadult_yge25,lms_status_emp,1999,1966.259
khm,sex_f,age_ythadult_yge25,lms_status_emp,2000,1815.746
khm,sex_f,age_ythadult_yge25,lms_status_emp,2001,1996.194
khm,sex_f,age_ythadult_yge25,lms_status_emp,2003,2110.642
khm,sex_f,age_ythadult_yge25,lms_status_emp,2007,2339.268
khm,sex_f,age_ythadult_yge25,lms_status_emp,2008,2396.335
khm,sex_f,age_ythadult_yge25,lms_status_emp,2009,2705.963
khm,sex_f,age_ythadult_yge25,lms_status_emp,2010,2845.439
khm,sex_f,age_ythadult_yge25,lms_status_emp,2011,2935.009
khm,sex_f,age_ythadult_yge25,lms_status_emp,2012,2367.269
khm,sex_f,age_ythadult_yge25,lms_status_emp,2013,2965.776
khm,sex_f,age_ythadult_yge25,lms_status_emp,2014,2971.205
khm,sex_f,age_ythadult_yge25,lms_status_emp,2015,3032.062
khm,sex_f,age_ythadult_yge25,lms_status_emp,2016,3201.452
khm,sex_f,age_ythadult_yge25,lms_status_emp,2017,3308.41
khm,sex_f,age_ythadult_yge25,lms_status_emp,2019,3445.876
khm,sex_f,age_ythadult_yge25,lms_status_emp,2020,3584.756
khm,sex_f,age_ythadult_yge25,lms_status_emp,2021,3617.593
khm,sex_f,age_ythadult_yge25,lms_status_emp,2023,3843.506
khm,sex_f,age_ythadult_yge25,lms_status_total,1996,2254.642
khm,sex_f,age_ythadult_yge25,lms_status_total,1997,2165.51
khm,sex_f,age_ythadult_yge25,lms_status_total,1999,2446.299
khm,sex_f,age_ythadult_yge25,lms_status_total,2000,2352.941
khm,sex_f,age_ythadult_yge25,lms_status_total,2001,2449.93
khm,sex_f,age_ythadult_yge25,lms_status_total,2003,2833.576
khm,sex_f,age_ythadult_yge25,lms_status_total,2007,3169.817
khm,sex_f,age_ythadult_yge25,lms_status_total,2008,3329.512
khm,sex_f,age_ythadult_yge25,lms_status_total,2009,3462.131
khm,sex_f,age_ythadult_yge25,lms_status_total,2010,3470.233
khm,sex_f,age_ythadult_yge25,lms_status_total,2011,3542.797
khm,sex_f,age_ythadult_yge25,lms_status_total,2012,3897.906
khm,sex_f,age_ythadult_yge25,lms_status_total,2013,3875.859
khm,sex_f,age_ythadult_yge25,lms_status_total,2014,3912.425
khm,sex_f,age_ythadult_yge25,lms_status_total,2015,4053.552
khm,sex_f,age_ythadult_yge25,lms_status_total,2016,4109.718
khm,sex_f,age_ythadult_yge25,lms_status_total,2017,4166.712
khm,sex_f,age_ythadult_yge25,lms_status_total,2019,4696.762
khm,sex_f,age_ythadult_yge25,lms_status_total,2020,4497.749
khm,sex_f,age_ythadult_yge25,lms_status_total,2021,4741.852
khm,sex_f,age_ythadult_yge25,lms_status_total,2023,4935.429
khm,sex_f,age_ythadult_yge25,lms_status_une,1996,18.332
khm,sex_f,age_ythadult_yge25,lms_status_une,1997,8.505
khm,sex_f,age_ythadult_yge25,lms_status_une,2000,38.039
khm,sex_f,age_ythadult_yge25,lms_status_une,2001,32.905
khm,sex_f,age_ythadult_yge25,lms_status_une,2003,15.05
khm,sex_f,age_ythadult_yge25,lms_status_une,2007,22.166
khm,sex_f,age_ythadult_yge25,lms_status_une,2008,17.794
khm,sex_f,age_ythadult_yge25,lms_status_une,2009,11.99
khm,sex_f,age_ythadult_yge25,lms_status_une,2010,21.028
khm,sex_f,age_ythadult_yge25,lms_status_une,2011,14.699
khm,sex_f,age_ythadult_yge25,lms_status_une,2012,24.523
khm,sex_f,age_ythadult_yge25,lms_status_une,2013,13.319
khm,sex_f,age_ythadult_yge25,lms_status_une,2014,17.185
khm,sex_f,age_ythadult_yge25,lms_status_une,2015,8.223
khm,sex_f,age_ythadult_yge25,lms_status_une,2016,23.311
khm,sex_f,age_ythadult_yge25,lms_status_une,2019,9.397
khm,sex_f,age_ythadult_yge25,lms_status_une,2020,4.19
khm,sex_f,age_ythadult_yge25,lms_status_une,2021,9.985
khm,sex_f,age_ythadult_yge25,lms_status_une,2023,6.231
khm,sex_m,age_10yrbands_total,lms_status_eip,1996,458.503
khm,sex_m,age_10yrbands_total,lms_status_eip,1997,552.851
khm,sex_m,age_10yrbands_total,lms_status_eip,1999,543.552
khm,sex_m,age_10yrbands_total,lms_status_eip,2000,594.953
khm,sex_m,age_10yrbands_total,lms_status_eip,2001,492.596
khm,sex_m,age_10yrbands_total,lms_status_eip,2003,552.028
khm,sex_m,age_10yrbands_total,lms_status_eip,2007,471.118
khm,sex_m,age_10yrbands_total,lms_status_eip,2008,558.227
khm,sex_m,age_10yrbands_total,lms_status_eip,2009,576.67
khm,sex_m,age_10yrbands_total,lms_status_eip,2010,512.638
khm,sex_m,age_10yrbands_total,lms_status_eip,2011,487.924
khm,sex_m,age_10yrbands_total,lms_status_eip,2012,1300.249
khm,sex_m,age_10yrbands_total,lms_status_eip,2013,654.021
khm,sex_m,age_10yrbands_total,lms_status_eip,2014,684.285
khm,sex_m,age_10yrbands_total,lms_status_eip,2015,708.643
khm,sex_m,age_10yrbands_total,lms_status_eip,2016,630.274
khm,sex_m,age_10yrbands_total,lms_status_eip,2017,706.101
khm,sex_m,age_10yrbands_total,lms_status_eip,2019,921.91
khm,sex_m,age_10yrbands_total,lms_status_eip,2020,648.53
khm,sex_m,age_10yrbands_total,lms_status_eip,2021,803.209
khm,sex_m,age_10yrbands_total,lms_status_eip,2023,816.578
khm,sex_m,age_10yrbands_total,lms_status_emp,1996,2219.518
khm,sex_m,age_10yrbands_total,lms_status_emp,1997,1987.061
khm,sex_m,age_10yrbands_total,lms_status_emp,1999,2576.251
khm,sex_m,age_10yrbands_total,lms_status_emp,2000,2475.099
khm,sex_m,age_10yrbands_total,lms_status_emp,2001,2837.877
khm,sex_m,age_10yrbands_total,lms_status_emp,2003,3339.063
khm,sex_m,age_10yrbands_total,lms_status_emp,2007,3609.256
khm,sex_m,age_10yrbands_total,lms_status_emp,2008,3635.343
khm,sex_m,age_10yrbands_total,lms_status_emp,2009,3892.588
khm,sex_m,age_10yrbands_total,lms_status_emp,2010,3950.915
khm,sex_m,age_10yrbands_total,lms_status_emp,2011,4084.498
khm,sex_m,age_10yrbands_total,lms_status_emp,2012,3797.706
khm,sex_m,age_10yrbands_total,lms_status_emp,2013,4228.804
khm,sex_m,age_10yrbands_total,lms_status_emp,2014,4428.744
khm,sex_m,age_10yrbands_total,lms_status_emp,2015,4472.268
khm,sex_m,age_10yrbands_total,lms_status_emp,2016,4625.92
khm,sex_m,age_10yrbands_total,lms_status_emp,2017,4654.762
khm,sex_m,age_10yrbands_total,lms_status_emp,2019,4459.621
khm,sex_m,age_10yrbands_total,lms_status_emp,2020,4692.714
khm,sex_m,age_10yrbands_total,lms_status_emp,2021,4842.741
khm,sex_m,age_10yrbands_total,lms_status_emp,2023,5041.888
khm,sex_m,age_10yrbands_total,lms_status_total,1996,2694.538
khm,sex_m,age_10yrbands_total,lms_status_total,1997,2552.691
khm,sex_m,age_10yrbands_total,lms_status_total,1999,3121.131
khm,sex_m,age_10yrbands_total,lms_status_total,2000,3130.663
khm,sex_m,age_10yrbands_total,lms_status_total,2001,3381.735
khm,sex_m,age_10yrbands_total,lms_status_total,2003,3921.084
khm,sex_m,age_10yrbands_total,lms_status_total,2007,4128.661
khm,sex_m,age_10yrbands_total,lms_status_total,2008,4222.521
khm,sex_m,age_10yrbands_total,lms_status_total,2009,4492.763
khm,sex_m,age_10yrbands_total,lms_status_total,2010,4493.277
khm,sex_m,age_10yrbands_total,lms_status_total,2011,4600.33
khm,sex_m,age_10yrbands_total,lms_status_total,2012,5152.234
khm,sex_m,age_10yrbands_total,lms_status_total,2013,4898.19
khm,sex_m,age_10yrbands_total,lms_status_total,2014,5143.744
khm,sex_m,age_10yrbands_total,lms_status_total,2015,5195.89
khm,sex_m,age_10yrbands_total,lms_status_total,2016,5283.629
khm,sex_m,age_10yrbands_total,lms_status_total,2017,5365.954
khm,sex_m,age_10yrbands_total,lms_status_total,2019,5403.102
khm,sex_m,age_10yrbands_total,lms_status_total,2020,5347.621
khm,sex_m,age_10yrbands_total,lms_status_total,2021,5664.3
khm,sex_m,age_10yrbands_total,lms_status_total,2023,5873.679
khm,sex_m,age_10yrbands_total,lms_status_une,1996,16.517
khm,sex_m,age_10yrbands_total,lms_status_une,1997,12.779
khm,sex_m,age_10yrbands_total,lms_status_une,1999,1.328
khm,sex_m,age_10yrbands_total,lms_status_une,2000,60.611
khm,sex_m,age_10yrbands_total,lms_status_une,2001,51.261
khm,sex_m,age_10yrbands_total,lms_status_une,2003,29.993
khm,sex_m,age_10yrbands_total,lms_status_une,2007,48.288
khm,sex_m,age_10yrbands_total,lms_status_une,2008,28.95
khm,sex_m,age_10yrbands_total,lms_status_une,2009,23.505
khm,sex_m,age_10yrbands_total,lms_status_une,2010,29.724
khm,sex_m,age_10yrbands_total,lms_status_une,2011,27.908
khm,sex_m,age_10yrbands_total,lms_status_une,2012,54.28
khm,sex_m,age_10yrbands_total,lms_status_une,2013,15.366
khm,sex_m,age_10yrbands_total,lms_status_une,2014,30.715
khm,sex_m,age_10yrbands_total,lms_status_une,2015,14.98
khm,sex_m,age_10yrbands_total,lms_status_une,2016,27.435
khm,sex_m,age_10yrbands_total,lms_status_une,2017,5.091
khm,sex_m,age_10yrbands_total,lms_status_une,2019,21.571
khm,sex_m,age_10yrbands_total,lms_status_une,2020,6.377
khm,sex_m,age_10yrbands_total,lms_status_une,2021,18.35
khm,sex_m,age_10yrbands_total,lms_status_une,2023,15.213
khm,sex_m,age_10yrbands_y15_24,lms_status_eip,1996,304.992
khm,sex_m,age_10yrbands_y15_24,lms_status_eip,1997,341.418
khm,sex_m,age_10yrbands_y15_24,lms_status_eip,1999,385.906
khm,sex_m,age_10yrbands_y15_24,lms_status_eip,2000,433.002
khm,sex_m,age_10yrbands_y15_24,lms_status_eip,2001,347.578
khm,sex_m,age_10yrbands_y15_24,lms_status_eip,2003,333.54
khm,sex_m,age_10yrbands_y15_24,lms_status_eip,2007,287.297
khm,sex_m,age_10yrbands_y15_24,lms_status_eip,2008,310.926
khm,sex_m,age_10yrbands_y15_24,lms_status_eip,2009,345.115
khm,sex_m,age_10yrbands_y15_24,lms_status_eip,2010,316.968
khm,sex_m,age_10yrbands_y15_24,lms_status_eip,2011,322.727
khm,sex_m,age_10yrbands_y15_24,lms_status_eip,2012,656.496
khm,sex_m,age_10yrbands_y15_24,lms_status_eip,2013,403.553
khm,sex_m,age_10yrbands_y15_24,lms_status_eip,2014,442.244
khm,sex_m,age_10yrbands_y15_24,lms_status_eip,2015,436.452
khm,sex_m,age_10yrbands_y15_24,lms_status_eip,2016,411.873
khm,sex_m,age_10yrbands_y15_24,lms_status_eip,2017,450.126
khm,sex_m,age_10yrbands_y15_24,lms_status_eip,2019,490.196
khm,sex_m,age_10yrbands_y15_24,lms_status_eip,2020,359.012
khm,sex_m,age_10yrbands_y15_24,lms_status_eip,2021,438.138
khm,sex_m,age_10yrbands_y15_24,lms_status_eip,2023,455.827
khm,sex_m,age_10yrbands_y15_24,lms_status_emp,1996,578.253
khm,sex_m,age_10yrbands_y15_24,lms_status_emp,1997,479.488
khm,sex_m,age_10yrbands_y15_24,lms_status_emp,1999,710.458
khm,sex_m,age_10yrbands_y15_24,lms_status_emp,2000,713.7
khm,sex_m,age_10yrbands_y15_24,lms_status_emp,2001,954.323
khm,sex_m,age_10yrbands_y15_24,lms_status_emp,2003,1239.492
khm,sex_m,age_10yrbands_y15_24,lms_status_emp,2007,1133.277
khm,sex_m,age_10yrbands_y15_24,lms_status_emp,2008,1075.842
khm,sex_m,age_10yrbands_y15_24,lms_status_emp,2009,1223.139
khm,sex_m,age_10yrbands_y15_24,lms_status_emp,2010,1236.889
khm,sex_m,age_10yrbands_y15_24,lms_status_emp,2011,1210.881
khm,sex_m,age_10yrbands_y15_24,lms_status_emp,2012,1039.731
khm,sex_m,age_10yrbands_y15_24,lms_status_emp,2013,1209.632
khm,sex_m,age_10yrbands_y15_24,lms_status_emp,2014,1272.112
khm,sex_m,age_10yrbands_y15_24,lms_status_emp,2015,1245.222
khm,sex_m,age_10yrbands_y15_24,lms_status_emp,2016,1303.08
khm,sex_m,age_10yrbands_y15_24,lms_status_emp,2017,1299.775
khm,sex_m,age_10yrbands_y15_24,lms_status_emp,2019,773.798
khm,sex_m,age_10yrbands_y15_24,lms_status_emp,2020,1005.652
khm,sex_m,age_10yrbands_y15_24,lms_status_emp,2021,1000.157
khm,sex_m,age_10yrbands_y15_24,lms_status_emp,2023,986.242
khm,sex_m,age_10yrbands_y15_24,lms_status_total,1996,891.039
khm,sex_m,age_10yrbands_y15_24,lms_status_total,1997,826.167
khm,sex_m,age_10yrbands_y15_24,lms_status_total,1999,1096.857
khm,sex_m,age_10yrbands_y15_24,lms_status_total,2000,1187.613
khm,sex_m,age_10yrbands_y15_24,lms_status_total,2001,1337.55
khm,sex_m,age_10yrbands_y15_24,lms_status_total,2003,1593.074
khm,sex_m,age_10yrbands_y15_24,lms_status_total,2007,1448.592
khm,sex_m,age_10yrbands_y15_24,lms_status_total,2008,1403.401
khm,sex_m,age_10yrbands_y15_24,lms_status_total,2009,1577.819
khm,sex_m,age_10yrbands_y15_24,lms_status_total,2010,1566.225
khm,sex_m,age_10yrbands_y15_24,lms_status_total,2011,1542.998
khm,sex_m,age_10yrbands_y15_24,lms_status_total,2012,1715.088
khm,sex_m,age_10yrbands_y15_24,lms_status_total,2013,1622.911
khm,sex_m,age_10yrbands_y15_24,lms_status_total,2014,1728.171
khm,sex_m,age_10yrbands_y15_24,lms_status_total,2015,1688.262
khm,sex_m,age_10yrbands_y15_24,lms_status_total,2016,1728.5
khm,sex_m,age_10yrbands_y15_24,lms_status_total,2017,1754.14
khm,sex_m,age_10yrbands_y15_24,lms_status_total,2019,1277.927
khm,sex_m,age_10yrbands_y15_24,lms_status_total,2020,1368.698
khm,sex_m,age_10yrbands_y15_24,lms_status_total,2021,1445.446
khm,sex_m,age_10yrbands_y15_24,lms_status_total,2023,1452.273
khm,sex_m,age_10yrbands_y15_24,lms_status_une,1996,7.794
khm,sex_m,age_10yrbands_y15_24,lms_status_une,1997,5.261
khm,sex_m,age_10yrbands_y15_24,lms_status_une,2000,40.91
khm,sex_m,age_10yrbands_y15_24,lms_status_une,2001,35.648
khm,sex_m,age_10yrbands_y15_24,lms_status_une,2003,20.042
khm,sex_m,age_10yrbands_y15_24,lms_status_une,2007,28.018
khm,sex_m,age_10yrbands_y15_24,lms_status_une,2008,16.632
khm,sex_m,age_10yrbands_y15_24,lms_status_une,2009,9.566
khm,sex_m,age_10yrbands_y15_24,lms_status_une,2010,12.368
khm,sex_m,age_10yrbands_y15_24,lms_status_une,2011,9.391
khm,sex_m,age_10yrbands_y15_24,lms_status_une,2012,18.861
khm,sex_m,age_10yrbands_y15_24,lms_status_une,2013,9.726
khm,sex_m,age_10yrbands_y15_24,lms_status_une,2014,13.815
khm,sex_m,age_10yrbands_y15_24,lms_status_une,2015,6.588
khm,sex_m,age_10yrbands_y15_24,lms_status_une,2016,13.547
khm,sex_m,age_10yrbands_y15_24,lms_status_une,2019,13.932
khm,sex_m,age_10yrbands_y15_24,lms_status_une,2020,4.034
khm,sex_m,age_10yrbands_y15_24,lms_status_une,2021,7.151
khm,sex_m,age_10yrbands_y15_24,lms_status_une,2023,10.204
khm,sex_m,age_10yrbands_y25_34,lms_status_eip,1996,25.44
khm,sex_m,age_10yrbands_y25_34,lms_status_eip,1997,50.662
khm,sex_m,age_10yrbands_y25_34,lms_status_eip,1999,16
khm,sex_m,age_10yrbands_y25_34,lms_status_eip,2000,17.834
khm,sex_m,age_10yrbands_y25_34,lms_status_eip,2001,15.249
khm,sex_m,age_10yrbands_y25_34,lms_status_eip,2003,37.827
khm,sex_m,age_10yrbands_y25_34,lms_status_eip,2007,26.18
khm,sex_m,age_10yrbands_y25_34,lms_status_eip,2008,32.667
khm,sex_m,age_10yrbands_y25_34,lms_status_eip,2009,33.424
khm,sex_m,age_10yrbands_y25_34,lms_status_eip,2010,26.812
khm,sex_m,age_10yrbands_y25_34,lms_status_eip,2011,13.764
khm,sex_m,age_10yrbands_y25_34,lms_status_eip,2012,144.875
khm,sex_m,age_10yrbands_y25_34,lms_status_eip,2013,29.495
khm,sex_m,age_10yrbands_y25_34,lms_status_eip,2014,36.094
khm,sex_m,age_10yrbands_y25_34,lms_status_eip,2015,39.477
khm,sex_m,age_10yrbands_y25_34,lms_status_eip,2016,17.937
khm,sex_m,age_10yrbands_y25_34,lms_status_eip,2017,33.397
khm,sex_m,age_10yrbands_y25_34,lms_status_eip,2019,54.64
khm,sex_m,age_10yrbands_y25_34,lms_status_eip,2020,38.756
khm,sex_m,age_10yrbands_y25_34,lms_status_eip,2021,50.786
khm,sex_m,age_10yrbands_y25_34,lms_status_eip,2023,36.587
khm,sex_m,age_10yrbands_y25_34,lms_status_emp,1996,659.135
khm,sex_m,age_10yrbands_y25_34,lms_status_emp,1997,619.591
khm,sex_m,age_10yrbands_y25_34,lms_status_emp,1999,667.934
khm,sex_m,age_10yrbands_y25_34,lms_status_emp,2000,591.712
khm,sex_m,age_10yrbands_y25_34,lms_status_emp,2001,639.249
khm,sex_m,age_10yrbands_y25_34,lms_status_emp,2003,754.16
khm,sex_m,age_10yrbands_y25_34,lms_status_emp,2007,902.579
khm,sex_m,age_10yrbands_y25_34,lms_status_emp,2008,918.855
khm,sex_m,age_10yrbands_y25_34,lms_status_emp,2009,976.96
khm,sex_m,age_10yrbands_y25_34,lms_status_emp,2010,1004.098
khm,sex_m,age_10yrbands_y25_34,lms_status_emp,2011,1123.885
khm,sex_m,age_10yrbands_y25_34,lms_status_emp,2012,1081.767
khm,sex_m,age_10yrbands_y25_34,lms_status_emp,2013,1181.553
khm,sex_m,age_10yrbands_y25_34,lms_status_emp,2014,1300.585
khm,sex_m,age_10yrbands_y25_34,lms_status_emp,2015,1279.599
khm,sex_m,age_10yrbands_y25_34,lms_status_emp,2016,1326.496
khm,sex_m,age_10yrbands_y25_34,lms_status_emp,2017,1334.775
khm,sex_m,age_10yrbands_y25_34,lms_status_emp,2019,1227.535
khm,sex_m,age_10yrbands_y25_34,lms_status_emp,2020,1301.576
khm,sex_m,age_10yrbands_y25_34,lms_status_emp,2021,1311.026
khm,sex_m,age_10yrbands_y25_34,lms_status_emp,2023,1315.168
khm,sex_m,age_10yrbands_y25_34,lms_status_total,1996,688.882
khm,sex_m,age_10yrbands_y25_34,lms_status_total,1997,674.232
khm,sex_m,age_10yrbands_y25_34,lms_status_total,1999,684.114
khm,sex_m,age_10yrbands_y25_34,lms_status_total,2000,622.11
khm,sex_m,age_10yrbands_y25_34,lms_status_total,2001,665.111
khm,sex_m,age_10yrbands_y25_34,lms_status_total,2003,795.314
khm,sex_m,age_10yrbands_y25_34,lms_status_total,2007,940.558
khm,sex_m,age_10yrbands_y25_34,lms_status_total,2008,956.086
khm,sex_m,age_10yrbands_y25_34,lms_status_total,2009,1015.243
khm,sex_m,age_10yrbands_y25_34,lms_status_total,2010,1041.387
khm,sex_m,age_10yrbands_y25_34,lms_status_total,2011,1142.543
khm,sex_m,age_10yrbands_y25_34,lms_status_total,2012,1247.991
khm,sex_m,age_10yrbands_y25_34,lms_status_total,2013,1213.811
khm,sex_m,age_10yrbands_y25_34,lms_status_total,2014,1343.509
khm,sex_m,age_10yrbands_y25_34,lms_status_total,2015,1322.07
khm,sex_m,age_10yrbands_y25_34,lms_status_total,2016,1347.114
khm,sex_m,age_10yrbands_y25_34,lms_status_total,2017,1368.172
khm,sex_m,age_10yrbands_y25_34,lms_status_total,2019,1288.637
khm,sex_m,age_10yrbands_y25_34,lms_status_total,2020,1342.398
khm,sex_m,age_10yrbands_y25_34,lms_status_total,2021,1367.326
khm,sex_m,age_10yrbands_y25_34,lms_status_total,2023,1353.514
khm,sex_m,age_10yrbands_y25_34,lms_status_une,1996,4.306
khm,sex_m,age_10yrbands_y25_34,lms_status_une,1997,3.978
khm,sex_m,age_10yrbands_y25_34,lms_status_une,2000,12.564
khm,sex_m,age_10yrbands_y25_34,lms_status_une,2001,10.613
khm,sex_m,age_10yrbands_y25_34,lms_status_une,2003,3.327
khm,sex_m,age_10yrbands_y25_34,lms_status_une,2007,11.799
khm,sex_m,age_10yrbands_y25_34,lms_status_une,2008,4.565
khm,sex_m,age_10yrbands_y25_34,lms_status_une,2009,4.859
khm,sex_m,age_10yrbands_y25_34,lms_status_une,2010,10.477
khm,sex_m,age_10yrbands_y25_34,lms_status_une,2011,4.894
khm,sex_m,age_10yrbands_y25_34,lms_status_une,2012,21.349
khm,sex_m,age_10yrbands_y25_34,lms_status_une,2014,6.83
khm,sex_m,age_10yrbands_y25_34,lms_status_une,2019,6.461
khm,sex_m,age_10yrbands_y25_34,lms_status_une,2020,2.066
khm,sex_m,age_10yrbands_y25_34,lms_status_une,2021,5.514
khm,sex_m,age_10yrbands_y25_34,lms_status_une,2023,1.759
khm,sex_m,age_10yrbands_y35_44,lms_status_eip,1996,6.879
khm,sex_m,age_10yrbands_y35_44,lms_status_eip,1997,18.738
khm,sex_m,age_10yrbands_y35_44,lms_status_eip,1999,8.67
khm,sex_m,age_10yrbands_y35_44,lms_status_eip,2000,12.452
khm,sex_m,age_10yrbands_y35_44,lms_status_eip,2001,6.461
khm,sex_m,age_10yrbands_y35_44,lms_status_eip,2003,29.412
khm,sex_m,age_10yrbands_y35_44,lms_status_eip,2007,20.398
khm,sex_m,age_10yrbands_y35_44,lms_status_eip,2008,20.302
khm,sex_m,age_10yrbands_y35_44,lms_status_eip,2009,15.775
khm,sex_m,age_10yrbands_y35_44,lms_status_eip,2010,11.237
khm,sex_m,age_10yrbands_y35_44,lms_status_eip,2011,11.13
khm,sex_m,age_10yrbands_y35_44,lms_status_eip,2012,79.07
khm,sex_m,age_10yrbands_y35_44,lms_status_eip,2013,7.56
khm,sex_m,age_10yrbands_y35_44,lms_status_eip,2014,13.812
khm,sex_m,age_10yrbands_y35_44,lms_status_eip,2015,12.312
khm,sex_m,age_10yrbands_y35_44,lms_status_eip,2016,9.988
khm,sex_m,age_10yrbands_y35_44,lms_status_eip,2017,12.957
khm,sex_m,age_10yrbands_y35_44,lms_status_eip,2019,23.932
khm,sex_m,age_10yrbands_y35_44,lms_status_eip,2020,17.873
khm,sex_m,age_10yrbands_y35_44,lms_status_eip,2021,27.563
khm,sex_m,age_10yrbands_y35_44,lms_status_eip,2023,23.715
khm,sex_m,age_10yrbands_y35_44,lms_status_emp,1996,454.935
khm,sex_m,age_10yrbands_y35_44,lms_status_emp,1997,408.333
khm,sex_m,age_10yrbands_y35_44,lms_status_emp,1999,542.71
khm,sex_m,age_10yrbands_y35_44,lms_status_emp,2000,548.304
khm,sex_m,age_10yrbands_y35_44,lms_status_emp,2001,563.985
khm,sex_m,age_10yrbands_y35_44,lms_status_emp,2003,668.96
khm,sex_m,age_10yrbands_y35_44,lms_status_emp,2007,702.19
khm,sex_m,age_10yrbands_y35_44,lms_status_emp,2008,663.882
khm,sex_m,age_10yrbands_y35_44,lms_status_emp,2009,726.639
khm,sex_m,age_10yrbands_y35_44,lms_status_emp,2010,738.234
khm,sex_m,age_10yrbands_y35_44,lms_status_emp,2011,722.416
khm,sex_m,age_10yrbands_y35_44,lms_status_emp,2012,714.295
khm,sex_m,age_10yrbands_y35_44,lms_status_emp,2013,755.839
khm,sex_m,age_10yrbands_y35_44,lms_status_emp,2014,750.558
khm,sex_m,age_10yrbands_y35_44,lms_status_emp,2015,785.053
khm,sex_m,age_10yrbands_y35_44,lms_status_emp,2016,797.959
khm,sex_m,age_10yrbands_y35_44,lms_status_emp,2017,809.472
khm,sex_m,age_10yrbands_y35_44,lms_status_emp,2019,995.078
khm,sex_m,age_10yrbands_y35_44,lms_status_emp,2020,1027.274
khm,sex_m,age_10yrbands_y35_44,lms_status_emp,2021,1138.912
khm,sex_m,age_10yrbands_y35_44,lms_status_emp,2023,1266.36
khm,sex_m,age_10yrbands_y35_44,lms_status_total,1996,463.652
khm,sex_m,age_10yrbands_y35_44,lms_status_total,1997,429.045
khm,sex_m,age_10yrbands_y35_44,lms_status_total,1999,551.38
khm,sex_m,age_10yrbands_y35_44,lms_status_total,2000,564.41
khm,sex_m,age_10yrbands_y35_44,lms_status_total,2001,573.007
khm,sex_m,age_10yrbands_y35_44,lms_status_total,2003,702.722
khm,sex_m,age_10yrbands_y35_44,lms_status_total,2007,727.936
khm,sex_m,age_10yrbands_y35_44,lms_status_total,2008,687.043
khm,sex_m,age_10yrbands_y35_44,lms_status_total,2009,744.926
khm,sex_m,age_10yrbands_y35_44,lms_status_total,2010,752.395
khm,sex_m,age_10yrbands_y35_44,lms_status_total,2011,735.408
khm,sex_m,age_10yrbands_y35_44,lms_status_total,2012,800.602
khm,sex_m,age_10yrbands_y35_44,lms_status_total,2013,764.416
khm,sex_m,age_10yrbands_y35_44,lms_status_total,2014,767.059
khm,sex_m,age_10yrbands_y35_44,lms_status_total,2015,797.365
khm,sex_m,age_10yrbands_y35_44,lms_status_total,2016,810.409
khm,sex_m,age_10yrbands_y35_44,lms_status_total,2017,823.282
khm,sex_m,age_10yrbands_y35_44,lms_status_total,2019,1019.334
khm,sex_m,age_10yrbands_y35_44,lms_status_total,2020,1045.425
khm,sex_m,age_10yrbands_y35_44,lms_status_total,2021,1169.819
khm,sex_m,age_10yrbands_y35_44,lms_status_total,2023,1291.835
khm,sex_m,age_10yrbands_y35_44,lms_status_une,1996,1.837
khm,sex_m,age_10yrbands_y35_44,lms_status_une,1997,1.975
khm,sex_m,age_10yrbands_y35_44,lms_status_une,2000,3.653
khm,sex_m,age_10yrbands_y35_44,lms_status_une,2001,2.561
khm,sex_m,age_10yrbands_y35_44,lms_status_une,2003,4.35
khm,sex_m,age_10yrbands_y35_44,lms_status_une,2007,5.347
khm,sex_m,age_10yrbands_y35_44,lms_status_une,2008,2.86
khm,sex_m,age_10yrbands_y35_44,lms_status_une,2009,2.511
khm,sex_m,age_10yrbands_y35_44,lms_status_une,2012,7.237
khm,sex_m,age_10yrbands_y35_44,lms_status_une,2014,2.689
khm,sex_m,age_10yrbands_y35_44,lms_status_une,2021,3.345
khm,sex_m,age_10yrbands_y35_44,lms_status_une,2023,1.76
khm,sex_m,age_10yrbands_y45_54,lms_status_eip,1996,10.395
khm,sex_m,age_10yrbands_y45_54,lms_status_eip,1997,15.1
khm,sex_m,age_10yrbands_y45_54,lms_status_eip,1999,11.057
khm,sex_m,age_10yrbands_y45_54,lms_status_eip,2000,11.058
khm,sex_m,age_10yrbands_y45_54,lms_status_eip,2001,6.915
khm,sex_m,age_10yrbands_y45_54,lms_status_eip,2003,26.354
khm,sex_m,age_10yrbands_y45_54,lms_status_eip,2007,16.389
khm,sex_m,age_10yrbands_y45_54,lms_status_eip,2008,14.944
khm,sex_m,age_10yrbands_y45_54,lms_status_eip,2009,20.855
khm,sex_m,age_10yrbands_y45_54,lms_status_eip,2010,18.551
khm,sex_m,age_10yrbands_y45_54,lms_status_eip,2011,22.955
khm,sex_m,age_10yrbands_y45_54,lms_status_eip,2012,109.851
khm,sex_m,age_10yrbands_y45_54,lms_status_eip,2013,30.006
khm,sex_m,age_10yrbands_y45_54,lms_status_eip,2014,24.469
khm,sex_m,age_10yrbands_y45_54,lms_status_eip,2015,23.463
khm,sex_m,age_10yrbands_y45_54,lms_status_eip,2016,21.972
khm,sex_m,age_10yrbands_y45_54,lms_status_eip,2017,21.678
khm,sex_m,age_10yrbands_y45_54,lms_status_eip,2019,33.867
khm,sex_m,age_10yrbands_y45_54,lms_status_eip,2020,23.417
khm,sex_m,age_10yrbands_y45_54,lms_status_eip,2021,24.735
khm,sex_m,age_10yrbands_y45_54,lms_status_eip,2023,27.195
khm,sex_m,age_10yrbands_y45_54,lms_status_emp,1996,291.552
khm,sex_m,age_10yrbands_y45_54,lms_status_emp,1997,245.71
khm,sex_m,age_10yrbands_y45_54,lms_status_emp,1999,343.08
khm,sex_m,age_10yrbands_y45_54,lms_status_emp,2000,348.807
khm,sex_m,age_10yrbands_y45_54,lms_status_emp,2001,370.807
khm,sex_m,age_10yrbands_y45_54,lms_status_emp,2003,373.16
khm,sex_m,age_10yrbands_y45_54,lms_status_emp,2007,467.881
khm,sex_m,age_10yrbands_y45_54,lms_status_emp,2008,539.015
khm,sex_m,age_10yrbands_y45_54,lms_status_emp,2009,535.986
khm,sex_m,age_10yrbands_y45_54,lms_status_emp,2010,550.275
khm,sex_m,age_10yrbands_y45_54,lms_status_emp,2011,579.167
khm,sex_m,age_10yrbands_y45_54,lms_status_emp,2012,574.277
khm,sex_m,age_10yrbands_y45_54,lms_status_emp,2013,623.642
khm,sex_m,age_10yrbands_y45_54,lms_status_emp,2014,636.304
khm,sex_m,age_10yrbands_y45_54,lms_status_emp,2015,674.677
khm,sex_m,age_10yrbands_y45_54,lms_status_emp,2016,683.914
khm,sex_m,age_10yrbands_y45_54,lms_status_emp,2017,699.035
khm,sex_m,age_10yrbands_y45_54,lms_status_emp,2019,758.796
khm,sex_m,age_10yrbands_y45_54,lms_status_emp,2020,691.614
khm,sex_m,age_10yrbands_y45_54,lms_status_emp,2021,702.459
khm,sex_m,age_10yrbands_y45_54,lms_status_emp,2023,692.962
khm,sex_m,age_10yrbands_y45_54,lms_status_total,1996,303.324
khm,sex_m,age_10yrbands_y45_54,lms_status_total,1997,261.985
khm,sex_m,age_10yrbands_y45_54,lms_status_total,1999,354.137
khm,sex_m,age_10yrbands_y45_54,lms_status_total,2000,362.848
khm,sex_m,age_10yrbands_y45_54,lms_status_total,2001,379.23
khm,sex_m,age_10yrbands_y45_54,lms_status_total,2003,400.667
khm,sex_m,age_10yrbands_y45_54,lms_status_total,2007,485.815
khm,sex_m,age_10yrbands_y45_54,lms_status_total,2008,556.646
khm,sex_m,age_10yrbands_y45_54,lms_status_total,2009,559.67
khm,sex_m,age_10yrbands_y45_54,lms_status_total,2010,569.105
khm,sex_m,age_10yrbands_y45_54,lms_status_total,2011,611.34
khm,sex_m,age_10yrbands_y45_54,lms_status_total,2012,688.753
khm,sex_m,age_10yrbands_y45_54,lms_status_total,2013,654.579
khm,sex_m,age_10yrbands_y45_54,lms_status_total,2014,664.139
khm,sex_m,age_10yrbands_y45_54,lms_status_total,2015,701.106
khm,sex_m,age_10yrbands_y45_54,lms_status_total,2016,708.694
khm,sex_m,age_10yrbands_y45_54,lms_status_total,2017,720.713
khm,sex_m,age_10yrbands_y45_54,lms_status_total,2019,792.662
khm,sex_m,age_10yrbands_y45_54,lms_status_total,2020,715.031
khm,sex_m,age_10yrbands_y45_54,lms_status_total,2021,727.96
khm,sex_m,age_10yrbands_y45_54,lms_status_total,2023,721.268
khm,sex_m,age_10yrbands_y45_54,lms_status_une,1996,1.376
khm,sex_m,age_10yrbands_y45_54,lms_status_une,2000,2.983
khm,sex_m,age_10yrbands_y45_54,lms_status_une,2003,1.154
khm,sex_m,age_10yrbands_y45_54,lms_status_une,2008,2.687
khm,sex_m,age_10yrbands_y45_54,lms_status_une,2009,2.829
khm,sex_m,age_10yrbands_y45_54,lms_status_une,2011,9.218
khm,sex_m,age_10yrbands_y45_54,lms_status_une,2012,4.625
khm,sex_m,age_10yrbands_y45_54,lms_status_une,2014,3.366
khm,sex_m,age_10yrbands_y55_64,lms_status_eip,1996,28.376
khm,sex_m,age_10yrbands_y55_64,lms_status_eip,1997,36.957
khm,sex_m,age_10yrbands_y55_64,lms_status_eip,1999,23.101
khm,sex_m,age_10yrbands_y55_64,lms_status_eip,2000,29.754
khm,sex_m,age_10yrbands_y55_64,lms_status_eip,2001,25.955
khm,sex_m,age_10yrbands_y55_64,lms_status_eip,2003,37.167
khm,sex_m,age_10yrbands_y55_64,lms_status_eip,2007,34.914
khm,sex_m,age_10yrbands_y55_64,lms_status_eip,2008,48.577
khm,sex_m,age_10yrbands_y55_64,lms_status_eip,2009,45.334
khm,sex_m,age_10yrbands_y55_64,lms_status_eip,2010,37.617
khm,sex_m,age_10yrbands_y55_64,lms_status_eip,2011,30.57
khm,sex_m,age_10yrbands_y55_64,lms_status_eip,2012,108.751
khm,sex_m,age_10yrbands_y55_64,lms_status_eip,2013,44.627
khm,sex_m,age_10yrbands_y55_64,lms_status_eip,2014,48.354
khm,sex_m,age_10yrbands_y55_64,lms_status_eip,2015,38.444
khm,sex_m,age_10yrbands_y55_64,lms_status_eip,2016,51.648
khm,sex_m,age_10yrbands_y55_64,lms_status_eip,2017,49.744
khm,sex_m,age_10yrbands_y55_64,lms_status_eip,2019,90.936
khm,sex_m,age_10yrbands_y55_64,lms_status_eip,2020,51.267
khm,sex_m,age_10yrbands_y55_64,lms_status_eip,2021,75.891
khm,sex_m,age_10yrbands_y55_64,lms_status_eip,2023,67.814
khm,sex_m,age_10yrbands_y55_64,lms_status_emp,1996,167.844
khm,sex_m,age_10yrbands_y55_64,lms_status_emp,1997,170.025
khm,sex_m,age_10yrbands_y55_64,lms_status_emp,1999,218.411
khm,sex_m,age_10yrbands_y55_64,lms_status_emp,2000,195.157
khm,sex_m,age_10yrbands_y55_64,lms_status_emp,2001,210.971
khm,sex_m,age_10yrbands_y55_64,lms_status_emp,2003,197.685
khm,sex_m,age_10yrbands_y55_64,lms_status_emp,2007,268.517
khm,sex_m,age_10yrbands_y55_64,lms_status_emp,2008,291.232
khm,sex_m,age_10yrbands_y55_64,lms_status_emp,2009,291.465
khm,sex_m,age_10yrbands_y55_64,lms_status_emp,2010,276.266
khm,sex_m,age_10yrbands_y55_64,lms_status_emp,2011,295.425
khm,sex_m,age_10yrbands_y55_64,lms_status_emp,2012,270.122
khm,sex_m,age_10yrbands_y55_64,lms_status_emp,2013,297.64
khm,sex_m,age_10yrbands_y55_64,lms_status_emp,2014,312.12
khm,sex_m,age_10yrbands_y55_64,lms_status_emp,2015,338.106
khm,sex_m,age_10yrbands_y55_64,lms_status_emp,2016,329.414
khm,sex_m,age_10yrbands_y55_64,lms_status_emp,2017,339.922
khm,sex_m,age_10yrbands_y55_64,lms_status_emp,2019,499.805
khm,sex_m,age_10yrbands_y55_64,lms_status_emp,2020,460.816
khm,sex_m,age_10yrbands_y55_64,lms_status_emp,2021,475.126
khm,sex_m,age_10yrbands_y55_64,lms_status_emp,2023,543.8
khm,sex_m,age_10yrbands_y55_64,lms_status_total,1996,197.242
khm,sex_m,age_10yrbands_y55_64,lms_status_total,1997,207.37
khm,sex_m,age_10yrbands_y55_64,lms_status_total,1999,242.167
khm,sex_m,age_10yrbands_y55_64,lms_status_total,2000,225.411
khm,sex_m,age_10yrbands_y55_64,lms_status_total,2001,237.857
khm,sex_m,age_10yrbands_y55_64,lms_status_total,2003,235.972
khm,sex_m,age_10yrbands_y55_64,lms_status_total,2007,304.82
khm,sex_m,age_10yrbands_y55_64,lms_status_total,2008,342.017
khm,sex_m,age_10yrbands_y55_64,lms_status_total,2009,338.804
khm,sex_m,age_10yrbands_y55_64,lms_status_total,2010,315.978
khm,sex_m,age_10yrbands_y55_64,lms_status_total,2011,328.538
khm,sex_m,age_10yrbands_y55_64,lms_status_total,2012,380.16
khm,sex_m,age_10yrbands_y55_64,lms_status_total,2013,343.196
khm,sex_m,age_10yrbands_y55_64,lms_status_total,2014,362.474
khm,sex_m,age_10yrbands_y55_64,lms_status_total,2015,377.517
khm,sex_m,age_10yrbands_y55_64,lms_status_total,2016,383.375
khm,sex_m,age_10yrbands_y55_64,lms_status_total,2017,389.666
khm,sex_m,age_10yrbands_y55_64,lms_status_total,2019,591.271
khm,sex_m,age_10yrbands_y55_64,lms_status_total,2020,512.083
khm,sex_m,age_10yrbands_y55_64,lms_status_total,2021,552.591
khm,sex_m,age_10yrbands_y55_64,lms_status_total,2023,611.993
khm,sex_m,age_10yrbands_y55_64,lms_status_une,1996,1.023
khm,sex_m,age_10yrbands_y55_64,lms_status_une,2003,1.12
khm,sex_m,age_10yrbands_y55_64,lms_status_une,2009,2.006
khm,sex_m,age_10yrbands_y55_64,lms_status_une,2014,2.001
khm,sex_m,age_10yrbands_y55_64,lms_status_une,2021,1.574
khm,sex_m,age_10yrbands_yge65,lms_status_eip,1996,82.42
khm,sex_m,age_10yrbands_yge65,lms_status_eip,1997,89.976
khm,sex_m,age_10yrbands_yge65,lms_status_eip,1999,98.818
khm,sex_m,age_10yrbands_yge65,lms_status_eip,2000,90.853
khm,sex_m,age_10yrbands_yge65,lms_status_eip,2001,90.438
khm,sex_m,age_10yrbands_yge65,lms_status_eip,2003,87.728
khm,sex_m,age_10yrbands_yge65,lms_status_eip,2007,85.94
khm,sex_m,age_10yrbands_yge65,lms_status_eip,2008,130.811
khm,sex_m,age_10yrbands_yge65,lms_status_eip,2009,116.168
khm,sex_m,age_10yrbands_yge65,lms_status_eip,2010,101.452
khm,sex_m,age_10yrbands_yge65,lms_status_eip,2011,86.777
khm,sex_m,age_10yrbands_yge65,lms_status_eip,2012,201.206
khm,sex_m,age_10yrbands_yge65,lms_status_eip,2013,138.78
khm,sex_m,age_10yrbands_yge65,lms_status_eip,2014,119.313
khm,sex_m,age_10yrbands_yge65,lms_status_eip,2015,158.495
khm,sex_m,age_10yrbands_yge65,lms_status_eip,2016,116.857
khm,sex_m,age_10yrbands_yge65,lms_status_eip,2017,138.199
khm,sex_m,age_10yrbands_yge65,lms_status_eip,2019,228.338
khm,sex_m,age_10yrbands_yge65,lms_status_eip,2020,158.204
khm,sex_m,age_10yrbands_yge65,lms_status_eip,2021,186.096
khm,sex_m,age_10yrbands_yge65,lms_status_eip,2023,205.44
khm,sex_m,age_10yrbands_yge65,lms_status_emp,1996,67.799
khm,sex_m,age_10yrbands_yge65,lms_status_emp,1997,63.915
khm,sex_m,age_10yrbands_yge65,lms_status_emp,1999,93.658
khm,sex_m,age_10yrbands_yge65,lms_status_emp,2000,77.42
khm,sex_m,age_10yrbands_yge65,lms_status_emp,2001,98.542
khm,sex_m,age_10yrbands_yge65,lms_status_emp,2003,105.606
khm,sex_m,age_10yrbands_yge65,lms_status_emp,2007,134.812
khm,sex_m,age_10yrbands_yge65,lms_status_emp,2008,146.517
khm,sex_m,age_10yrbands_yge65,lms_status_emp,2009,138.399
khm,sex_m,age_10yrbands_yge65,lms_status_emp,2010,145.152
khm,sex_m,age_10yrbands_yge65,lms_status_emp,2011,152.724
khm,sex_m,age_10yrbands_yge65,lms_status_emp,2012,117.513
khm,sex_m,age_10yrbands_yge65,lms_status_emp,2013,160.498
khm,sex_m,age_10yrbands_yge65,lms_status_emp,2014,157.066
khm,sex_m,age_10yrbands_yge65,lms_status_emp,2015,149.61
khm,sex_m,age_10yrbands_yge65,lms_status_emp,2016,185.057
khm,sex_m,age_10yrbands_yge65,lms_status_emp,2017,171.784
khm,sex_m,age_10yrbands_yge65,lms_status_emp,2019,204.608
khm,sex_m,age_10yrbands_yge65,lms_status_emp,2020,205.782
khm,sex_m,age_10yrbands_yge65,lms_status_emp,2021,215.062
khm,sex_m,age_10yrbands_yge65,lms_status_emp,2023,237.356
khm,sex_m,age_10yrbands_yge65,lms_status_total,1996,150.399
khm,sex_m,age_10yrbands_yge65,lms_status_total,1997,153.891
khm,sex_m,age_10yrbands_yge65,lms_status_total,1999,192.476
khm,sex_m,age_10yrbands_yge65,lms_status_total,2000,168.272
khm,sex_m,age_10yrbands_yge65,lms_status_total,2001,188.98
khm,sex_m,age_10yrbands_yge65,lms_status_total,2003,193.334
khm,sex_m,age_10yrbands_yge65,lms_status_total,2007,220.94
khm,sex_m,age_10yrbands_yge65,lms_status_total,2008,277.329
khm,sex_m,age_10yrbands_yge65,lms_status_total,2009,256.302
khm,sex_m,age_10yrbands_yge65,lms_status_total,2010,248.186
khm,sex_m,age_10yrbands_yge65,lms_status_total,2011,239.502
khm,sex_m,age_10yrbands_yge65,lms_status_total,2012,319.64
khm,sex_m,age_10yrbands_yge65,lms_status_total,2013,299.278
khm,sex_m,age_10yrbands_yge65,lms_status_total,2014,278.393
khm,sex_m,age_10yrbands_yge65,lms_status_total,2015,309.569
khm,sex_m,age_10yrbands_yge65,lms_status_total,2016,305.538
khm,sex_m,age_10yrbands_yge65,lms_status_total,2017,309.983
khm,sex_m,age_10yrbands_yge65,lms_status_total,2019,433.271
khm,sex_m,age_10yrbands_yge65,lms_status_total,2020,363.986
khm,sex_m,age_10yrbands_yge65,lms_status_total,2021,401.158
khm,sex_m,age_10yrbands_yge65,lms_status_total,2023,442.796
khm,sex_m,age_10yrbands_yge65,lms_status_une,2009,1.734
khm,sex_m,age_10yrbands_yge65,lms_status_une,2014,2.015
khm,sex_m,age_aggregate_total,lms_status_eip,1996,458.503
khm,sex_m,age_aggregate_total,lms_status_eip,1997,552.851
khm,sex_m,age_aggregate_total,lms_status_eip,1999,543.552
khm,sex_m,age_aggregate_total,lms_status_eip,2000,594.953
khm,sex_m,age_aggregate_total,lms_status_eip,2001,492.596
khm,sex_m,age_aggregate_total,lms_status_eip,2003,552.028
khm,sex_m,age_aggregate_total,lms_status_eip,2007,471.118
khm,sex_m,age_aggregate_total,lms_status_eip,2008,558.227
khm,sex_m,age_aggregate_total,lms_status_eip,2009,576.67
khm,sex_m,age_aggregate_total,lms_status_eip,2010,512.638
khm,sex_m,age_aggregate_total,lms_status_eip,2011,487.924
khm,sex_m,age_aggregate_total,lms_status_eip,2012,1300.249
khm,sex_m,age_aggregate_total,lms_status_eip,2013,654.021
khm,sex_m,age_aggregate_total,lms_status_eip,2014,684.285
khm,sex_m,age_aggregate_total,lms_status_eip,2015,708.643
khm,sex_m,age_aggregate_total,lms_status_eip,2016,630.274
khm,sex_m,age_aggregate_total,lms_status_eip,2017,706.101
khm,sex_m,age_aggregate_total,lms_status_eip,2019,921.91
khm,sex_m,age_aggregate_total,lms_status_eip,2020,648.53
khm,sex_m,age_aggregate_total,lms_status_eip,2021,803.209
khm,sex_m,age_aggregate_total,lms_status_eip,2023,816.578
khm,sex_m,age_aggregate_total,lms_status_emp,1996,2219.518
khm,sex_m,age_aggregate_total,lms_status_emp,1997,1987.061
khm,sex_m,age_aggregate_total,lms_status_emp,1999,2576.251
khm,sex_m,age_aggregate_total,lms_status_emp,2000,2475.099
khm,sex_m,age_aggregate_total,lms_status_emp,2001,2837.877
khm,sex_m,age_aggregate_total,lms_status_emp,2003,3339.063
khm,sex_m,age_aggregate_total,lms_status_emp,2007,3609.256
khm,sex_m,age_aggregate_total,lms_status_emp,2008,3635.343
khm,sex_m,age_aggregate_total,lms_status_emp,2009,3892.588
khm,sex_m,age_aggregate_total,lms_status_emp,2010,3950.915
khm,sex_m,age_aggregate_total,lms_status_emp,2011,4084.498
khm,sex_m,age_aggregate_total,lms_status_emp,2012,3797.706
khm,sex_m,age_aggregate_total,lms_status_emp,2013,4228.804
khm,sex_m,age_aggregate_total,lms_status_emp,2014,4428.744
khm,sex_m,age_aggregate_total,lms_status_emp,2015,4472.268
khm,sex_m,age_aggregate_total,lms_status_emp,2016,4625.92
khm,sex_m,age_aggregate_total,lms_status_emp,2017,4654.762
khm,sex_m,age_aggregate_total,lms_status_emp,2019,4459.621
khm,sex_m,age_aggregate_total,lms_status_emp,2020,4692.714
khm,sex_m,age_aggregate_total,lms_status_emp,2021,4842.741
khm,sex_m,age_aggregate_total,lms_status_emp,2023,5041.888
khm,sex_m,age_aggregate_total,lms_status_total,1996,2694.538
khm,sex_m,age_aggregate_total,lms_status_total,1997,2552.691
khm,sex_m,age_aggregate_total,lms_status_total,1999,3121.131
khm,sex_m,age_aggregate_total,lms_status_total,2000,3130.663
khm,sex_m,age_aggregate_total,lms_status_total,2001,3381.735
khm,sex_m,age_aggregate_total,lms_status_total,2003,3921.084
khm,sex_m,age_aggregate_total,lms_status_total,2007,4128.661
khm,sex_m,age_aggregate_total,lms_status_total,2008,4222.521
khm,sex_m,age_aggregate_total,lms_status_total,2009,4492.763
khm,sex_m,age_aggregate_total,lms_status_total,2010,4493.277
khm,sex_m,age_aggregate_total,lms_status_total,2011,4600.33
khm,sex_m,age_aggregate_total,lms_status_total,2012,5152.234
khm,sex_m,age_aggregate_total,lms_status_total,2013,4898.19
khm,sex_m,age_aggregate_total,lms_status_total,2014,5143.744
khm,sex_m,age_aggregate_total,lms_status_total,2015,5195.89
khm,sex_m,age_aggregate_total,lms_status_total,2016,5283.629
khm,sex_m,age_aggregate_total,lms_status_total,2017,5365.954
khm,sex_m,age_aggregate_total,lms_status_total,2019,5403.102
khm,sex_m,age_aggregate_total,lms_status_total,2020,5347.621
khm,sex_m,age_aggregate_total,lms_status_total,2021,5664.3
khm,sex_m,age_aggregate_total,lms_status_total,2023,5873.679
khm,sex_m,age_aggregate_total,lms_status_une,1996,16.517
khm,sex_m,age_aggregate_total,lms_status_une,1997,12.779
khm,sex_m,age_aggregate_total,lms_status_une,1999,1.328
khm,sex_m,age_aggregate_total,lms_status_une,2000,60.611
khm,sex_m,age_aggregate_total,lms_status_une,2001,51.261
khm,sex_m,age_aggregate_total,lms_status_une,2003,29.993
khm,sex_m,age_aggregate_total,lms_status_une,2007,48.288
khm,sex_m,age_aggregate_total,lms_status_une,2008,28.95
khm,sex_m,age_aggregate_total,lms_status_une,2009,23.505
khm,sex_m,age_aggregate_total,lms_status_une,2010,29.724
khm,sex_m,age_aggregate_total,lms_status_une,2011,27.908
khm,sex_m,age_aggregate_total,lms_status_une,2012,54.28
khm,sex_m,age_aggregate_total,lms_status_une,2013,15.366
khm,sex_m,age_aggregate_total,lms_status_une,2014,30.715
khm,sex_m,age_aggregate_total,lms_status_une,2015,14.98
khm,sex_m,age_aggregate_total,lms_status_une,2016,27.435
khm,sex_m,age_aggregate_total,lms_status_une,2017,5.091
khm,sex_m,age_aggregate_total,lms_status_une,2019,21.571
khm,sex_m,age_aggregate_total,lms_status_une,2020,6.377
khm,sex_m,age_aggregate_total,lms_status_une,2021,18.35
khm,sex_m,age_aggregate_total,lms_status_une,2023,15.213
khm,sex_m,age_aggregate_y15_24,lms_status_eip,1996,304.992
khm,sex_m,age_aggregate_y15_24,lms_status_eip,1997,341.418
khm,sex_m,age_aggregate_y15_24,lms_status_eip,1999,385.906
khm,sex_m,age_aggregate_y15_24,lms_status_eip,2000,433.002
khm,sex_m,age_aggregate_y15_24,lms_status_eip,2001,347.578
khm,sex_m,age_aggregate_y15_24,lms_status_eip,2003,333.54
khm,sex_m,age_aggregate_y15_24,lms_status_eip,2007,287.297
khm,sex_m,age_aggregate_y15_24,lms_status_eip,2008,310.926
khm,sex_m,age_aggregate_y15_24,lms_status_eip,2009,345.115
khm,sex_m,age_aggregate_y15_24,lms_status_eip,2010,316.968
khm,sex_m,age_aggregate_y15_24,lms_status_eip,2011,322.727
khm,sex_m,age_aggregate_y15_24,lms_status_eip,2012,656.496
khm,sex_m,age_aggregate_y15_24,lms_status_eip,2013,403.553
khm,sex_m,age_aggregate_y15_24,lms_status_eip,2014,442.244
khm,sex_m,age_aggregate_y15_24,lms_status_eip,2015,436.452
khm,sex_m,age_aggregate_y15_24,lms_status_eip,2016,411.873
khm,sex_m,age_aggregate_y15_24,lms_status_eip,2017,450.126
khm,sex_m,age_aggregate_y15_24,lms_status_eip,2019,490.196
khm,sex_m,age_aggregate_y15_24,lms_status_eip,2020,359.012
khm,sex_m,age_aggregate_y15_24,lms_status_eip,2021,438.138
khm,sex_m,age_aggregate_y15_24,lms_status_eip,2023,455.827
khm,sex_m,age_aggregate_y15_24,lms_status_emp,1996,578.253
khm,sex_m,age_aggregate_y15_24,lms_status_emp,1997,479.488
khm,sex_m,age_aggregate_y15_24,lms_status_emp,1999,710.458
khm,sex_m,age_aggregate_y15_24,lms_status_emp,2000,713.7
khm,sex_m,age_aggregate_y15_24,lms_status_emp,2001,954.323
khm,sex_m,age_aggregate_y15_24,lms_status_emp,2003,1239.492
khm,sex_m,age_aggregate_y15_24,lms_status_emp,2007,1133.277
khm,sex_m,age_aggregate_y15_24,lms_status_emp,2008,1075.842
khm,sex_m,age_aggregate_y15_24,lms_status_emp,2009,1223.139
khm,sex_m,age_aggregate_y15_24,lms_status_emp,2010,1236.889
khm,sex_m,age_aggregate_y15_24,lms_status_emp,2011,1210.881
khm,sex_m,age_aggregate_y15_24,lms_status_emp,2012,1039.731
khm,sex_m,age_aggregate_y15_24,lms_status_emp,2013,1209.632
khm,sex_m,age_aggregate_y15_24,lms_status_emp,2014,1272.112
khm,sex_m,age_aggregate_y15_24,lms_status_emp,2015,1245.222
khm,sex_m,age_aggregate_y15_24,lms_status_emp,2016,1303.08
khm,sex_m,age_aggregate_y15_24,lms_status_emp,2017,1299.775
khm,sex_m,age_aggregate_y15_24,lms_status_emp,2019,773.798
khm,sex_m,age_aggregate_y15_24,lms_status_emp,2020,1005.652
khm,sex_m,age_aggregate_y15_24,lms_status_emp,2021,1000.157
khm,sex_m,age_aggregate_y15_24,lms_status_emp,2023,986.242
khm,sex_m,age_aggregate_y15_24,lms_status_total,1996,891.039
khm,sex_m,age_aggregate_y15_24,lms_status_total,1997,826.167
khm,sex_m,age_aggregate_y15_24,lms_status_total,1999,1096.857
khm,sex_m,age_aggregate_y15_24,lms_status_total,2000,1187.613
khm,sex_m,age_aggregate_y15_24,lms_status_total,2001,1337.55
khm,sex_m,age_aggregate_y15_24,lms_status_total,2003,1593.074
khm,sex_m,age_aggregate_y15_24,lms_status_total,2007,1448.592
khm,sex_m,age_aggregate_y15_24,lms_status_total,2008,1403.401
khm,sex_m,age_aggregate_y15_24,lms_status_total,2009,1577.819
khm,sex_m,age_aggregate_y15_24,lms_status_total,2010,1566.225
khm,sex_m,age_aggregate_y15_24,lms_status_total,2011,1542.998
khm,sex_m,age_aggregate_y15_24,lms_status_total,2012,1715.088
khm,sex_m,age_aggregate_y15_24,lms_status_total,2013,1622.911
khm,sex_m,age_aggregate_y15_24,lms_status_total,2014,1728.171
khm,sex_m,age_aggregate_y15_24,lms_status_total,2015,1688.262
khm,sex_m,age_aggregate_y15_24,lms_status_total,2016,1728.5
khm,sex_m,age_aggregate_y15_24,lms_status_total,2017,1754.14
khm,sex_m,age_aggregate_y15_24,lms_status_total,2019,1277.927
khm,sex_m,age_aggregate_y15_24,lms_status_total,2020,1368.698
khm,sex_m,age_aggregate_y15_24,lms_status_total,2021,1445.446
khm,sex_m,age_aggregate_y15_24,lms_status_total,2023,1452.273
khm,sex_m,age_aggregate_y15_24,lms_status_une,1996,7.794
khm,sex_m,age_aggregate_y15_24,lms_status_une,1997,5.261
khm,sex_m,age_aggregate_y15_24,lms_status_une,2000,40.91
khm,sex_m,age_aggregate_y15_24,lms_status_une,2001,35.648
khm,sex_m,age_aggregate_y15_24,lms_status_une,2003,20.042
khm,sex_m,age_aggregate_y15_24,lms_status_une,2007,28.018
khm,sex_m,age_aggregate_y15_24,lms_status_une,2008,16.632
khm,sex_m,age_aggregate_y15_24,lms_status_une,2009,9.566
khm,sex_m,age_aggregate_y15_24,lms_status_une,2010,12.368
khm,sex_m,age_aggregate_y15_24,lms_status_une,2011,9.391
khm,sex_m,age_aggregate_y15_24,lms_status_une,2012,18.861
khm,sex_m,age_aggregate_y15_24,lms_status_une,2013,9.726
khm,sex_m,age_aggregate_y15_24,lms_status_une,2014,13.815
khm,sex_m,age_aggregate_y15_24,lms_status_une,2015,6.588
khm,sex_m,age_aggregate_y15_24,lms_status_une,2016,13.547
khm,sex_m,age_aggregate_y15_24,lms_status_une,2019,13.932
khm,sex_m,age_aggregate_y15_24,lms_status_une,2020,4.034
khm,sex_m,age_aggregate_y15_24,lms_status_une,2021,7.151
khm,sex_m,age_aggregate_y15_24,lms_status_une,2023,10.204
khm,sex_m,age_aggregate_y25_54,lms_status_eip,1996,42.715
khm,sex_m,age_aggregate_y25_54,lms_status_eip,1997,84.5
khm,sex_m,age_aggregate_y25_54,lms_status_eip,1999,35.727
khm,sex_m,age_aggregate_y25_54,lms_status_eip,2000,41.344
khm,sex_m,age_aggregate_y25_54,lms_status_eip,2001,28.625
khm,sex_m,age_aggregate_y25_54,lms_status_eip,2003,93.593
khm,sex_m,age_aggregate_y25_54,lms_status_eip,2007,62.967
khm,sex_m,age_aggregate_y25_54,lms_status_eip,2008,67.912
khm,sex_m,age_aggregate_y25_54,lms_status_eip,2009,70.054
khm,sex_m,age_aggregate_y25_54,lms_status_eip,2010,56.6
khm,sex_m,age_aggregate_y25_54,lms_status_eip,2011,47.849
khm,sex_m,age_aggregate_y25_54,lms_status_eip,2012,333.796
khm,sex_m,age_aggregate_y25_54,lms_status_eip,2013,67.061
khm,sex_m,age_aggregate_y25_54,lms_status_eip,2014,74.375
khm,sex_m,age_aggregate_y25_54,lms_status_eip,2015,75.252
khm,sex_m,age_aggregate_y25_54,lms_status_eip,2016,49.896
khm,sex_m,age_aggregate_y25_54,lms_status_eip,2017,68.032
khm,sex_m,age_aggregate_y25_54,lms_status_eip,2019,112.439
khm,sex_m,age_aggregate_y25_54,lms_status_eip,2020,80.046
khm,sex_m,age_aggregate_y25_54,lms_status_eip,2021,103.084
khm,sex_m,age_aggregate_y25_54,lms_status_eip,2023,87.497
khm,sex_m,age_aggregate_y25_54,lms_status_emp,1996,1405.622
khm,sex_m,age_aggregate_y25_54,lms_status_emp,1997,1273.634
khm,sex_m,age_aggregate_y25_54,lms_status_emp,1999,1553.725
khm,sex_m,age_aggregate_y25_54,lms_status_emp,2000,1488.823
khm,sex_m,age_aggregate_y25_54,lms_status_emp,2001,1574.04
khm,sex_m,age_aggregate_y25_54,lms_status_emp,2003,1796.28
khm,sex_m,age_aggregate_y25_54,lms_status_emp,2007,2072.65
khm,sex_m,age_aggregate_y25_54,lms_status_emp,2008,2121.751
khm,sex_m,age_aggregate_y25_54,lms_status_emp,2009,2239.585
khm,sex_m,age_aggregate_y25_54,lms_status_emp,2010,2292.608
khm,sex_m,age_aggregate_y25_54,lms_status_emp,2011,2425.468
khm,sex_m,age_aggregate_y25_54,lms_status_emp,2012,2370.34
khm,sex_m,age_aggregate_y25_54,lms_status_emp,2013,2561.034
khm,sex_m,age_aggregate_y25_54,lms_status_emp,2014,2687.447
khm,sex_m,age_aggregate_y25_54,lms_status_emp,2015,2739.329
khm,sex_m,age_aggregate_y25_54,lms_status_emp,2016,2808.369
khm,sex_m,age_aggregate_y25_54,lms_status_emp,2017,2843.282
khm,sex_m,age_aggregate_y25_54,lms_status_emp,2019,2981.409
khm,sex_m,age_aggregate_y25_54,lms_status_emp,2020,3020.465
khm,sex_m,age_aggregate_y25_54,lms_status_emp,2021,3152.397
khm,sex_m,age_aggregate_y25_54,lms_status_emp,2023,3274.49
khm,sex_m,age_aggregate_y25_54,lms_status_total,1996,1455.857
khm,sex_m,age_aggregate_y25_54,lms_status_total,1997,1365.262
khm,sex_m,age_aggregate_y25_54,lms_status_total,1999,1589.632
khm,sex_m,age_aggregate_y25_54,lms_status_total,2000,1549.368
khm,sex_m,age_aggregate_y25_54,lms_status_total,2001,1617.348
khm,sex_m,age_aggregate_y25_54,lms_status_total,2003,1898.704
khm,sex_m,age_aggregate_y25_54,lms_status_total,2007,2154.309
khm,sex_m,age_aggregate_y25_54,lms_status_total,2008,2199.775
khm,sex_m,age_aggregate_y25_54,lms_status_total,2009,2319.838
khm,sex_m,age_aggregate_y25_54,lms_status_total,2010,2362.887
khm,sex_m,age_aggregate_y25_54,lms_status_total,2011,2489.291
khm,sex_m,age_aggregate_y25_54,lms_status_total,2012,2737.346
khm,sex_m,age_aggregate_y25_54,lms_status_total,2013,2632.806
khm,sex_m,age_aggregate_y25_54,lms_status_total,2014,2774.707
khm,sex_m,age_aggregate_y25_54,lms_status_total,2015,2820.541
khm,sex_m,age_aggregate_y25_54,lms_status_total,2016,2866.217
khm,sex_m,age_aggregate_y25_54,lms_status_total,2017,2912.166
khm,sex_m,age_aggregate_y25_54,lms_status_total,2019,3100.633
khm,sex_m,age_aggregate_y25_54,lms_status_total,2020,3102.854
khm,sex_m,age_aggregate_y25_54,lms_status_total,2021,3265.105
khm,sex_m,age_aggregate_y25_54,lms_status_total,2023,3366.617
khm,sex_m,age_aggregate_y25_54,lms_status_une,1996,7.52
khm,sex_m,age_aggregate_y25_54,lms_status_une,1997,7.129
khm,sex_m,age_aggregate_y25_54,lms_status_une,2000,19.201
khm,sex_m,age_aggregate_y25_54,lms_status_une,2001,14.683
khm,sex_m,age_aggregate_y25_54,lms_status_une,2003,8.831
khm,sex_m,age_aggregate_y25_54,lms_status_une,2007,18.692
khm,sex_m,age_aggregate_y25_54,lms_status_une,2008,10.111
khm,sex_m,age_aggregate_y25_54,lms_status_une,2009,10.199
khm,sex_m,age_aggregate_y25_54,lms_status_une,2010,13.68
khm,sex_m,age_aggregate_y25_54,lms_status_une,2011,15.974
khm,sex_m,age_aggregate_y25_54,lms_status_une,2012,33.21
khm,sex_m,age_aggregate_y25_54,lms_status_une,2013,4.71
khm,sex_m,age_aggregate_y25_54,lms_status_une,2014,12.885
khm,sex_m,age_aggregate_y25_54,lms_status_une,2015,5.961
khm,sex_m,age_aggregate_y25_54,lms_status_une,2016,7.951
khm,sex_m,age_aggregate_y25_54,lms_status_une,2019,6.785
khm,sex_m,age_aggregate_y25_54,lms_status_une,2020,2.343
khm,sex_m,age_aggregate_y25_54,lms_status_une,2021,9.625
khm,sex_m,age_aggregate_y25_54,lms_status_une,2023,4.63
khm,sex_m,age_aggregate_y55_64,lms_status_eip,1996,28.376
khm,sex_m,age_aggregate_y55_64,lms_status_eip,1997,36.957
khm,sex_m,age_aggregate_y55_64,lms_status_eip,1999,23.101
khm,sex_m,age_aggregate_y55_64,lms_status_eip,2000,29.754
khm,sex_m,age_aggregate_y55_64,lms_status_eip,2001,25.955
khm,sex_m,age_aggregate_y55_64,lms_status_eip,2003,37.167
khm,sex_m,age_aggregate_y55_64,lms_status_eip,2007,34.914
khm,sex_m,age_aggregate_y55_64,lms_status_eip,2008,48.577
khm,sex_m,age_aggregate_y55_64,lms_status_eip,2009,45.334
khm,sex_m,age_aggregate_y55_64,lms_status_eip,2010,37.617
khm,sex_m,age_aggregate_y55_64,lms_status_eip,2011,30.57
khm,sex_m,age_aggregate_y55_64,lms_status_eip,2012,108.751
khm,sex_m,age_aggregate_y55_64,lms_status_eip,2013,44.627
khm,sex_m,age_aggregate_y55_64,lms_status_eip,2014,48.354
khm,sex_m,age_aggregate_y55_64,lms_status_eip,2015,38.444
khm,sex_m,age_aggregate_y55_64,lms_status_eip,2016,51.648
khm,sex_m,age_aggregate_y55_64,lms_status_eip,2017,49.744
khm,sex_m,age_aggregate_y55_64,lms_status_eip,2019,90.936
khm,sex_m,age_aggregate_y55_64,lms_status_eip,2020,51.267
khm,sex_m,age_aggregate_y55_64,lms_status_eip,2021,75.891
khm,sex_m,age_aggregate_y55_64,lms_status_eip,2023,67.814
khm,sex_m,age_aggregate_y55_64,lms_status_emp,1996,167.844
khm,sex_m,age_aggregate_y55_64,lms_status_emp,1997,170.025
khm,sex_m,age_aggregate_y55_64,lms_status_emp,1999,218.411
khm,sex_m,age_aggregate_y55_64,lms_status_emp,2000,195.157
khm,sex_m,age_aggregate_y55_64,lms_status_emp,2001,210.971
khm,sex_m,age_aggregate_y55_64,lms_status_emp,2003,197.685
khm,sex_m,age_aggregate_y55_64,lms_status_emp,2007,268.517
khm,sex_m,age_aggregate_y55_64,lms_status_emp,2008,291.232
khm,sex_m,age_aggregate_y55_64,lms_status_emp,2009,291.465
khm,sex_m,age_aggregate_y55_64,lms_status_emp,2010,276.266
khm,sex_m,age_aggregate_y55_64,lms_status_emp,2011,295.425
khm,sex_m,age_aggregate_y55_64,lms_status_emp,2012,270.122
khm,sex_m,age_aggregate_y55_64,lms_status_emp,2013,297.64
khm,sex_m,age_aggregate_y55_64,lms_status_emp,2014,312.12
khm,sex_m,age_aggregate_y55_64,lms_status_emp,2015,338.106
khm,sex_m,age_aggregate_y55_64,lms_status_emp,2016,329.414
khm,sex_m,age_aggregate_y55_64,lms_status_emp,2017,339.922
khm,sex_m,age_aggregate_y55_64,lms_status_emp,2019,499.805
khm,sex_m,age_aggregate_y55_64,lms_status_emp,2020,460.816
khm,sex_m,age_aggregate_y55_64,lms_status_emp,2021,475.126
khm,sex_m,age_aggregate_y55_64,lms_status_emp,2023,543.8
khm,sex_m,age_aggregate_y55_64,lms_status_total,1996,197.242
khm,sex_m,age_aggregate_y55_64,lms_status_total,1997,207.37
khm,sex_m,age_aggregate_y55_64,lms_status_total,1999,242.167
khm,sex_m,age_aggregate_y55_64,lms_status_total,2000,225.411
khm,sex_m,age_aggregate_y55_64,lms_status_total,2001,237.857
khm,sex_m,age_aggregate_y55_64,lms_status_total,2003,235.972
khm,sex_m,age_aggregate_y55_64,lms_status_total,2007,304.82
khm,sex_m,age_aggregate_y55_64,lms_status_total,2008,342.017
khm,sex_m,age_aggregate_y55_64,lms_status_total,2009,338.804
khm,sex_m,age_aggregate_y55_64,lms_status_total,2010,315.978
khm,sex_m,age_aggregate_y55_64,lms_status_total,2011,328.538
khm,sex_m,age_aggregate_y55_64,lms_status_total,2012,380.16
khm,sex_m,age_aggregate_y55_64,lms_status_total,2013,343.196
khm,sex_m,age_aggregate_y55_64,lms_status_total,2014,362.474
khm,sex_m,age_aggregate_y55_64,lms_status_total,2015,377.517
khm,sex_m,age_aggregate_y55_64,lms_status_total,2016,383.375
khm,sex_m,age_aggregate_y55_64,lms_status_total,2017,389.666
khm,sex_m,age_aggregate_y55_64,lms_status_total,2019,591.271
khm,sex_m,age_aggregate_y55_64,lms_status_total,2020,512.083
khm,sex_m,age_aggregate_y55_64,lms_status_total,2021,552.591
khm,sex_m,age_aggregate_y55_64,lms_status_total,2023,611.993
khm,sex_m,age_aggregate_y55_64,lms_status_une,1996,1.023
khm,sex_m,age_aggregate_y55_64,lms_status_une,2003,1.12
khm,sex_m,age_aggregate_y55_64,lms_status_une,2009,2.006
khm,sex_m,age_aggregate_y55_64,lms_status_une,2014,2.001
khm,sex_m,age_aggregate_y55_64,lms_status_une,2021,1.574
khm,sex_m,age_aggregate_yge65,lms_status_eip,1996,82.42
khm,sex_m,age_aggregate_yge65,lms_status_eip,1997,89.976
khm,sex_m,age_aggregate_yge65,lms_status_eip,1999,98.818
khm,sex_m,age_aggregate_yge65,lms_status_eip,2000,90.853
khm,sex_m,age_aggregate_yge65,lms_status_eip,2001,90.438
khm,sex_m,age_aggregate_yge65,lms_status_eip,2003,87.728
khm,sex_m,age_aggregate_yge65,lms_status_eip,2007,85.94
khm,sex_m,age_aggregate_yge65,lms_status_eip,2008,130.811
khm,sex_m,age_aggregate_yge65,lms_status_eip,2009,116.168
khm,sex_m,age_aggregate_yge65,lms_status_eip,2010,101.452
khm,sex_m,age_aggregate_yge65,lms_status_eip,2011,86.777
khm,sex_m,age_aggregate_yge65,lms_status_eip,2012,201.206
khm,sex_m,age_aggregate_yge65,lms_status_eip,2013,138.78
khm,sex_m,age_aggregate_yge65,lms_status_eip,2014,119.313
khm,sex_m,age_aggregate_yge65,lms_status_eip,2015,158.495
khm,sex_m,age_aggregate_yge65,lms_status_eip,2016,116.857
khm,sex_m,age_aggregate_yge65,lms_status_eip,2017,138.199
khm,sex_m,age_aggregate_yge65,lms_status_eip,2019,228.338
khm,sex_m,age_aggregate_yge65,lms_status_eip,2020,158.204
khm,sex_m,age_aggregate_yge65,lms_status_eip,2021,186.096
khm,sex_m,age_aggregate_yge65,lms_status_eip,2023,205.44
khm,sex_m,age_aggregate_yge65,lms_status_emp,1996,67.799
khm,sex_m,age_aggregate_yge65,lms_status_emp,1997,63.915
khm,sex_m,age_aggregate_yge65,lms_status_emp,1999,93.658
khm,sex_m,age_aggregate_yge65,lms_status_emp,2000,77.42
khm,sex_m,age_aggregate_yge65,lms_status_emp,2001,98.542
khm,sex_m,age_aggregate_yge65,lms_status_emp,2003,105.606
khm,sex_m,age_aggregate_yge65,lms_status_emp,2007,134.812
khm,sex_m,age_aggregate_yge65,lms_status_emp,2008,146.517
khm,sex_m,age_aggregate_yge65,lms_status_emp,2009,138.399
khm,sex_m,age_aggregate_yge65,lms_status_emp,2010,145.152
khm,sex_m,age_aggregate_yge65,lms_status_emp,2011,152.724
khm,sex_m,age_aggregate_yge65,lms_status_emp,2012,117.513
khm,sex_m,age_aggregate_yge65,lms_status_emp,2013,160.498
khm,sex_m,age_aggregate_yge65,lms_status_emp,2014,157.066
khm,sex_m,age_aggregate_yge65,lms_status_emp,2015,149.61
khm,sex_m,age_aggregate_yge65,lms_status_emp,2016,185.057
khm,sex_m,age_aggregate_yge65,lms_status_emp,2017,171.784
khm,sex_m,age_aggregate_yge65,lms_status_emp,2019,204.608
khm,sex_m,age_aggregate_yge65,lms_status_emp,2020,205.782
khm,sex_m,age_aggregate_yge65,lms_status_emp,2021,215.062
khm,sex_m,age_aggregate_yge65,lms_status_emp,2023,237.356
khm,sex_m,age_aggregate_yge65,lms_status_total,1996,150.399
khm,sex_m,age_aggregate_yge65,lms_status_total,1997,153.891
khm,sex_m,age_aggregate_yge65,lms_status_total,1999,192.476
khm,sex_m,age_aggregate_yge65,lms_status_total,2000,168.272
khm,sex_m,age_aggregate_yge65,lms_status_total,2001,188.98
khm,sex_m,age_aggregate_yge65,lms_status_total,2003,193.334
khm,sex_m,age_aggregate_yge65,lms_status_total,2007,220.94
khm,sex_m,age_aggregate_yge65,lms_status_total,2008,277.329
khm,sex_m,age_aggregate_yge65,lms_status_total,2009,256.302
khm,sex_m,age_aggregate_yge65,lms_status_total,2010,248.186
khm,sex_m,age_aggregate_yge65,lms_status_total,2011,239.502
khm,sex_m,age_aggregate_yge65,lms_status_total,2012,319.64
khm,sex_m,age_aggregate_yge65,lms_status_total,2013,299.278
khm,sex_m,age_aggregate_yge65,lms_status_total,2014,278.393
khm,sex_m,age_aggregate_yge65,lms_status_total,2015,309.569
khm,sex_m,age_aggregate_yge65,lms_status_total,2016,305.538
khm,sex_m,age_aggregate_yge65,lms_status_total,2017,309.983
khm,sex_m,age_aggregate_yge65,lms_status_total,2019,433.271
khm,sex_m,age_aggregate_yge65,lms_status_total,2020,363.986
khm,sex_m,age_aggregate_yge65,lms_status_total,2021,401.158
khm,sex_m,age_aggregate_yge65,lms_status_total,2023,442.796
khm,sex_m,age_aggregate_yge65,lms_status_une,2009,1.734
khm,sex_m,age_aggregate_yge65,lms_status_une,2014,2.015
khm,sex_m,age_ythadult_y15_24,lms_status_eip,1996,304.992
khm,sex_m,age_ythadult_y15_24,lms_status_eip,1997,341.418
khm,sex_m,age_ythadult_y15_24,lms_status_eip,1999,385.906
khm,sex_m,age_ythadult_y15_24,lms_status_eip,2000,433.002
khm,sex_m,age_ythadult_y15_24,lms_status_eip,2001,347.578
khm,sex_m,age_ythadult_y15_24,lms_status_eip,2003,333.54
khm,sex_m,age_ythadult_y15_24,lms_status_eip,2007,287.297
khm,sex_m,age_ythadult_y15_24,lms_status_eip,2008,310.926
khm,sex_m,age_ythadult_y15_24,lms_status_eip,2009,345.115
khm,sex_m,age_ythadult_y15_24,lms_status_eip,2010,316.968
khm,sex_m,age_ythadult_y15_24,lms_status_eip,2011,322.727
khm,sex_m,age_ythadult_y15_24,lms_status_eip,2012,656.496
khm,sex_m,age_ythadult_y15_24,lms_status_eip,2013,403.553
khm,sex_m,age_ythadult_y15_24,lms_status_eip,2014,442.244
khm,sex_m,age_ythadult_y15_24,lms_status_eip,2015,436.452
khm,sex_m,age_ythadult_y15_24,lms_status_eip,2016,411.873
khm,sex_m,age_ythadult_y15_24,lms_status_eip,2017,450.126
khm,sex_m,age_ythadult_y15_24,lms_status_eip,2019,490.196
khm,sex_m,age_ythadult_y15_24,lms_status_eip,2020,359.012
khm,sex_m,age_ythadult_y15_24,lms_status_eip,2021,438.138
khm,sex_m,age_ythadult_y15_24,lms_status_eip,2023,455.827
khm,sex_m,age_ythadult_y15_24,lms_status_emp,1996,578.253
khm,sex_m,age_ythadult_y15_24,lms_status_emp,1997,479.488
khm,sex_m,age_ythadult_y15_24,lms_status_emp,1999,710.458
khm,sex_m,age_ythadult_y15_24,lms_status_emp,2000,713.7
khm,sex_m,age_ythadult_y15_24,lms_status_emp,2001,954.323
khm,sex_m,age_ythadult_y15_24,lms_status_emp,2003,1239.492
khm,sex_m,age_ythadult_y15_24,lms_status_emp,2007,1133.277
khm,sex_m,age_ythadult_y15_24,lms_status_emp,2008,1075.842
khm,sex_m,age_ythadult_y15_24,lms_status_emp,2009,1223.139
khm,sex_m,age_ythadult_y15_24,lms_status_emp,2010,1236.889
khm,sex_m,age_ythadult_y15_24,lms_status_emp,2011,1210.881
khm,sex_m,age_ythadult_y15_24,lms_status_emp,2012,1039.731
khm,sex_m,age_ythadult_y15_24,lms_status_emp,2013,1209.632
khm,sex_m,age_ythadult_y15_24,lms_status_emp,2014,1272.112
khm,sex_m,age_ythadult_y15_24,lms_status_emp,2015,1245.222
khm,sex_m,age_ythadult_y15_24,lms_status_emp,2016,1303.08
khm,sex_m,age_ythadult_y15_24,lms_status_emp,2017,1299.775
khm,sex_m,age_ythadult_y15_24,lms_status_emp,2019,773.798
khm,sex_m,age_ythadult_y15_24,lms_status_emp,2020,1005.652
khm,sex_m,age_ythadult_y15_24,lms_status_emp,2021,1000.157
khm,sex_m,age_ythadult_y15_24,lms_status_emp,2023,986.242
khm,sex_m,age_ythadult_y15_24,lms_status_total,1996,891.039
khm,sex_m,age_ythadult_y15_24,lms_status_total,1997,826.167
khm,sex_m,age_ythadult_y15_24,lms_status_total,1999,1096.857
khm,sex_m,age_ythadult_y15_24,lms_status_total,2000,1187.613
khm,sex_m,age_ythadult_y15_24,lms_status_total,2001,1337.55
khm,sex_m,age_ythadult_y15_24,lms_status_total,2003,1593.074
khm,sex_m,age_ythadult_y15_24,lms_status_total,2007,1448.592
khm,sex_m,age_ythadult_y15_24,lms_status_total,2008,1403.401
khm,sex_m,age_ythadult_y15_24,lms_status_total,2009,1577.819
khm,sex_m,age_ythadult_y15_24,lms_status_total,2010,1566.225
khm,sex_m,age_ythadult_y15_24,lms_status_total,2011,1542.998
khm,sex_m,age_ythadult_y15_24,lms_status_total,2012,1715.088
khm,sex_m,age_ythadult_y15_24,lms_status_total,2013,1622.911
khm,sex_m,age_ythadult_y15_24,lms_status_total,2014,1728.171
khm,sex_m,age_ythadult_y15_24,lms_status_total,2015,1688.262
khm,sex_m,age_ythadult_y15_24,lms_status_total,2016,1728.5
khm,sex_m,age_ythadult_y15_24,lms_status_total,2017,1754.14
khm,sex_m,age_ythadult_y15_24,lms_status_total,2019,1277.927
khm,sex_m,age_ythadult_y15_24,lms_status_total,2020,1368.698
khm,sex_m,age_ythadult_y15_24,lms_status_total,2021,1445.446
khm,sex_m,age_ythadult_y15_24,lms_status_total,2023,1452.273
khm,sex_m,age_ythadult_y15_24,lms_status_une,1996,7.794
khm,sex_m,age_ythadult_y15_24,lms_status_une,1997,5.261
khm,sex_m,age_ythadult_y15_24,lms_status_une,2000,40.91
khm,sex_m,age_ythadult_y15_24,lms_status_une,2001,35.648
khm,sex_m,age_ythadult_y15_24,lms_status_une,2003,20.042
khm,sex_m,age_ythadult_y15_24,lms_status_une,2007,28.018
khm,sex_m,age_ythadult_y15_24,lms_status_une,2008,16.632
khm,sex_m,age_ythadult_y15_24,lms_status_une,2009,9.566
khm,sex_m,age_ythadult_y15_24,lms_status_une,2010,12.368
khm,sex_m,age_ythadult_y15_24,lms_status_une,2011,9.391
khm,sex_m,age_ythadult_y15_24,lms_status_une,2012,18.861
khm,sex_m,age_ythadult_y15_24,lms_status_une,2013,9.726
khm,sex_m,age_ythadult_y15_24,lms_status_une,2014,13.815
khm,sex_m,age_ythadult_y15_24,lms_status_une,2015,6.588
khm,sex_m,age_ythadult_y15_24,lms_status_une,2016,13.547
khm,sex_m,age_ythadult_y15_24,lms_status_une,2019,13.932
khm,sex_m,age_ythadult_y15_24,lms_status_une,2020,4.034
khm,sex_m,age_ythadult_y15_24,lms_status_une,2021,7.151
khm,sex_m,age_ythadult_y15_24,lms_status_une,2023,10.204
khm,sex_m,age_ythadult_y15_64,lms_status_eip,1996,376.083
khm,sex_m,age_ythadult_y15_64,lms_status_eip,1997,462.874
khm,sex_m,age_ythadult_y15_64,lms_status_eip,1999,444.733
khm,sex_m,age_ythadult_y15_64,lms_status_eip,2000,504.101
khm,sex_m,age_ythadult_y15_64,lms_status_eip,2001,402.158
khm,sex_m,age_ythadult_y15_64,lms_status_eip,2003,464.299
khm,sex_m,age_ythadult_y15_64,lms_status_eip,2007,385.178
khm,sex_m,age_ythadult_y15_64,lms_status_eip,2008,427.416
khm,sex_m,age_ythadult_y15_64,lms_status_eip,2009,460.502
khm,sex_m,age_ythadult_y15_64,lms_status_eip,2010,411.185
khm,sex_m,age_ythadult_y15_64,lms_status_eip,2011,401.146
khm,sex_m,age_ythadult_y15_64,lms_status_eip,2012,1099.043
khm,sex_m,age_ythadult_y15_64,lms_status_eip,2013,515.241
khm,sex_m,age_ythadult_y15_64,lms_status_eip,2014,564.973
khm,sex_m,age_ythadult_y15_64,lms_status_eip,2015,550.148
khm,sex_m,age_ythadult_y15_64,lms_status_eip,2016,513.417
khm,sex_m,age_ythadult_y15_64,lms_status_eip,2017,567.902
khm,sex_m,age_ythadult_y15_64,lms_status_eip,2019,693.572
khm,sex_m,age_ythadult_y15_64,lms_status_eip,2020,490.326
khm,sex_m,age_ythadult_y15_64,lms_status_eip,2021,617.113
khm,sex_m,age_ythadult_y15_64,lms_status_eip,2023,611.138
khm,sex_m,age_ythadult_y15_64,lms_status_emp,1996,2151.719
khm,sex_m,age_ythadult_y15_64,lms_status_emp,1997,1923.147
khm,sex_m,age_ythadult_y15_64,lms_status_emp,1999,2482.594
khm,sex_m,age_ythadult_y15_64,lms_status_emp,2000,2397.68
khm,sex_m,age_ythadult_y15_64,lms_status_emp,2001,2739.335
khm,sex_m,age_ythadult_y15_64,lms_status_emp,2003,3233.457
khm,sex_m,age_ythadult_y15_64,lms_status_emp,2007,3474.444
khm,sex_m,age_ythadult_y15_64,lms_status_emp,2008,3488.826
khm,sex_m,age_ythadult_y15_64,lms_status_emp,2009,3754.189
khm,sex_m,age_ythadult_y15_64,lms_status_emp,2010,3805.763
khm,sex_m,age_ythadult_y15_64,lms_status_emp,2011,3931.774
khm,sex_m,age_ythadult_y15_64,lms_status_emp,2012,3680.193
khm,sex_m,age_ythadult_y15_64,lms_status_emp,2013,4068.306
khm,sex_m,age_ythadult_y15_64,lms_status_emp,2014,4271.678
khm,sex_m,age_ythadult_y15_64,lms_status_emp,2015,4322.658
khm,sex_m,age_ythadult_y15_64,lms_status_emp,2016,4440.863
khm,sex_m,age_ythadult_y15_64,lms_status_emp,2017,4482.978
khm,sex_m,age_ythadult_y15_64,lms_status_emp,2019,4255.013
khm,sex_m,age_ythadult_y15_64,lms_status_emp,2020,4486.933
khm,sex_m,age_ythadult_y15_64,lms_status_emp,2021,4627.679
khm,sex_m,age_ythadult_y15_64,lms_status_emp,2023,4804.532
khm,sex_m,age_ythadult_y15_64,lms_status_total,1996,2544.139
khm,sex_m,age_ythadult_y15_64,lms_status_total,1997,2398.8
khm,sex_m,age_ythadult_y15_64,lms_status_total,1999,2928.655
khm,sex_m,age_ythadult_y15_64,lms_status_total,2000,2962.391
khm,sex_m,age_ythadult_y15_64,lms_status_total,2001,3192.755
khm,sex_m,age_ythadult_y15_64,lms_status_total,2003,3727.75
khm,sex_m,age_ythadult_y15_64,lms_status_total,2007,3907.721
khm,sex_m,age_ythadult_y15_64,lms_status_total,2008,3945.192
khm,sex_m,age_ythadult_y15_64,lms_status_total,2009,4236.462
khm,sex_m,age_ythadult_y15_64,lms_status_total,2010,4245.09
khm,sex_m,age_ythadult_y15_64,lms_status_total,2011,4360.828
khm,sex_m,age_ythadult_y15_64,lms_status_total,2012,4832.594
khm,sex_m,age_ythadult_y15_64,lms_status_total,2013,4598.913
khm,sex_m,age_ythadult_y15_64,lms_status_total,2014,4865.352
khm,sex_m,age_ythadult_y15_64,lms_status_total,2015,4886.321
khm,sex_m,age_ythadult_y15_64,lms_status_total,2016,4978.092
khm,sex_m,age_ythadult_y15_64,lms_status_total,2017,5055.972
khm,sex_m,age_ythadult_y15_64,lms_status_total,2019,4969.831
khm,sex_m,age_ythadult_y15_64,lms_status_total,2020,4983.635
khm,sex_m,age_ythadult_y15_64,lms_status_total,2021,5263.142
khm,sex_m,age_ythadult_y15_64,lms_status_total,2023,5430.883
khm,sex_m,age_ythadult_y15_64,lms_status_une,1996,16.337
khm,sex_m,age_ythadult_y15_64,lms_status_une,1997,12.779
khm,sex_m,age_ythadult_y15_64,lms_status_une,1999,1.328
khm,sex_m,age_ythadult_y15_64,lms_status_une,2000,60.611
khm,sex_m,age_ythadult_y15_64,lms_status_une,2001,51.261
khm,sex_m,age_ythadult_y15_64,lms_status_une,2003,29.993
khm,sex_m,age_ythadult_y15_64,lms_status_une,2007,48.099
khm,sex_m,age_ythadult_y15_64,lms_status_une,2008,28.95
khm,sex_m,age_ythadult_y15_64,lms_status_une,2009,21.771
khm,sex_m,age_ythadult_y15_64,lms_status_une,2010,28.142
khm,sex_m,age_ythadult_y15_64,lms_status_une,2011,27.908
khm,sex_m,age_ythadult_y15_64,lms_status_une,2012,53.359
khm,sex_m,age_ythadult_y15_64,lms_status_une,2013,15.366
khm,sex_m,age_ythadult_y15_64,lms_status_une,2014,28.701
khm,sex_m,age_ythadult_y15_64,lms_status_une,2015,13.515
khm,sex_m,age_ythadult_y15_64,lms_status_une,2016,23.812
khm,sex_m,age_ythadult_y15_64,lms_status_une,2019,21.246
khm,sex_m,age_ythadult_y15_64,lms_status_une,2020,6.377
khm,sex_m,age_ythadult_y15_64,lms_status_une,2021,18.35
khm,sex_m,age_ythadult_y15_64,lms_status_une,2023,15.213
khm,sex_m,age_ythadult_yge15,lms_status_eip,1996,458.503
khm,sex_m,age_ythadult_yge15,lms_status_eip,1997,552.851
khm,sex_m,age_ythadult_yge15,lms_status_eip,1999,543.552
khm,sex_m,age_ythadult_yge15,lms_status_eip,2000,594.953
khm,sex_m,age_ythadult_yge15,lms_status_eip,2001,492.596
khm,sex_m,age_ythadult_yge15,lms_status_eip,2003,552.028
khm,sex_m,age_ythadult_yge15,lms_status_eip,2007,471.118
khm,sex_m,age_ythadult_yge15,lms_status_eip,2008,558.227
khm,sex_m,age_ythadult_yge15,lms_status_eip,2009,576.67
khm,sex_m,age_ythadult_yge15,lms_status_eip,2010,512.638
khm,sex_m,age_ythadult_yge15,lms_status_eip,2011,487.924
khm,sex_m,age_ythadult_yge15,lms_status_eip,2012,1300.249
khm,sex_m,age_ythadult_yge15,lms_status_eip,2013,654.021
khm,sex_m,age_ythadult_yge15,lms_status_eip,2014,684.285
khm,sex_m,age_ythadult_yge15,lms_status_eip,2015,708.643
khm,sex_m,age_ythadult_yge15,lms_status_eip,2016,630.274
khm,sex_m,age_ythadult_yge15,lms_status_eip,2017,706.101
khm,sex_m,age_ythadult_yge15,lms_status_eip,2019,921.91
khm,sex_m,age_ythadult_yge15,lms_status_eip,2020,648.53
khm,sex_m,age_ythadult_yge15,lms_status_eip,2021,803.209
khm,sex_m,age_ythadult_yge15,lms_status_eip,2023,816.578
khm,sex_m,age_ythadult_yge15,lms_status_emp,1996,2219.518
khm,sex_m,age_ythadult_yge15,lms_status_emp,1997,1987.061
khm,sex_m,age_ythadult_yge15,lms_status_emp,1999,2576.251
khm,sex_m,age_ythadult_yge15,lms_status_emp,2000,2475.099
khm,sex_m,age_ythadult_yge15,lms_status_emp,2001,2837.877
khm,sex_m,age_ythadult_yge15,lms_status_emp,2003,3339.063
khm,sex_m,age_ythadult_yge15,lms_status_emp,2007,3609.256
khm,sex_m,age_ythadult_yge15,lms_status_emp,2008,3635.343
khm,sex_m,age_ythadult_yge15,lms_status_emp,2009,3892.588
khm,sex_m,age_ythadult_yge15,lms_status_emp,2010,3950.915
khm,sex_m,age_ythadult_yge15,lms_status_emp,2011,4084.498
khm,sex_m,age_ythadult_yge15,lms_status_emp,2012,3797.706
khm,sex_m,age_ythadult_yge15,lms_status_emp,2013,4228.804
khm,sex_m,age_ythadult_yge15,lms_status_emp,2014,4428.744
khm,sex_m,age_ythadult_yge15,lms_status_emp,2015,4472.268
khm,sex_m,age_ythadult_yge15,lms_status_emp,2016,4625.92
khm,sex_m,age_ythadult_yge15,lms_status_emp,2017,4654.762
khm,sex_m,age_ythadult_yge15,lms_status_emp,2019,4459.621
khm,sex_m,age_ythadult_yge15,lms_status_emp,2020,4692.714
khm,sex_m,age_ythadult_yge15,lms_status_emp,2021,4842.741
khm,sex_m,age_ythadult_yge15,lms_status_emp,2023,5041.888
khm,sex_m,age_ythadult_yge15,lms_status_total,1996,2694.538
khm,sex_m,age_ythadult_yge15,lms_status_total,1997,2552.691
khm,sex_m,age_ythadult_yge15,lms_status_total,1999,3121.131
khm,sex_m,age_ythadult_yge15,lms_status_total,2000,3130.663
khm,sex_m,age_ythadult_yge15,lms_status_total,2001,3381.735
khm,sex_m,age_ythadult_yge15,lms_status_total,2003,3921.084
khm,sex_m,age_ythadult_yge15,lms_status_total,2007,4128.661
khm,sex_m,age_ythadult_yge15,lms_status_total,2008,4222.521
khm,sex_m,age_ythadult_yge15,lms_status_total,2009,4492.763
khm,sex_m,age_ythadult_yge15,lms_status_total,2010,4493.277
khm,sex_m,age_ythadult_yge15,lms_status_total,2011,4600.33
khm,sex_m,age_ythadult_yge15,lms_status_total,2012,5152.234
khm,sex_m,age_ythadult_yge15,lms_status_total,2013,4898.19
khm,sex_m,age_ythadult_yge15,lms_status_total,2014,5143.744
khm,sex_m,age_ythadult_yge15,lms_status_total,2015,5195.89
khm,sex_m,age_ythadult_yge15,lms_status_total,2016,5283.629
khm,sex_m,age_ythadult_yge15,lms_status_total,2017,5365.954
khm,sex_m,age_ythadult_yge15,lms_status_total,2019,5403.102
khm,sex_m,age_ythadult_yge15,lms_status_total,2020,5347.621
khm,sex_m,age_ythadult_yge15,lms_status_total,2021,5664.3
khm,sex_m,age_ythadult_yge15,lms_status_total,2023,5873.679
khm,sex_m,age_ythadult_yge15,lms_status_une,1996,16.517
khm,sex_m,age_ythadult_yge15,lms_status_une,1997,12.779
khm,sex_m,age_ythadult_yge15,lms_status_une,1999,1.328
khm,sex_m,age_ythadult_yge15,lms_status_une,2000,60.611
khm,sex_m,age_ythadult_yge15,lms_status_une,2001,51.261
khm,sex_m,age_ythadult_yge15,lms_status_une,2003,29.993
khm,sex_m,age_ythadult_yge15,lms_status_une,2007,48.288
khm,sex_m,age_ythadult_yge15,lms_status_une,2008,28.95
khm,sex_m,age_ythadult_yge15,lms_status_une,2009,23.505
khm,sex_m,age_ythadult_yge15,lms_status_une,2010,29.724
khm,sex_m,age_ythadult_yge15,lms_status_une,2011,27.908
khm,sex_m,age_ythadult_yge15,lms_status_une,2012,54.28
khm,sex_m,age_ythadult_yge15,lms_status_une,2013,15.366
khm,sex_m,age_ythadult_yge15,lms_status_une,2014,30.715
khm,sex_m,age_ythadult_yge15,lms_status_une,2015,14.98
khm,sex_m,age_ythadult_yge15,lms_status_une,2016,27.435
khm,sex_m,age_ythadult_yge15,lms_status_une,2017,5.091
khm,sex_m,age_ythadult_yge15,lms_status_une,2019,21.571
khm,sex_m,age_ythadult_yge15,lms_status_une,2020,6.377
khm,sex_m,age_ythadult_yge15,lms_status_une,2021,18.35
khm,sex_m,age_ythadult_yge15,lms_status_une,2023,15.213
khm,sex_m,age_ythadult_yge25,lms_status_eip,1996,153.511
khm,sex_m,age_ythadult_yge25,lms_status_eip,1997,211.433
khm,sex_m,age_ythadult_yge25,lms_status_eip,1999,157.646
khm,sex_m,age_ythadult_yge25,lms_status_eip,2000,161.951
khm,sex_m,age_ythadult_yge25,lms_status_eip,2001,145.018
khm,sex_m,age_ythadult_yge25,lms_status_eip,2003,218.488
khm,sex_m,age_ythadult_yge25,lms_status_eip,2007,183.821
khm,sex_m,age_ythadult_yge25,lms_status_eip,2008,247.301
khm,sex_m,age_ythadult_yge25,lms_status_eip,2009,231.556
khm,sex_m,age_ythadult_yge25,lms_status_eip,2010,195.67
khm,sex_m,age_ythadult_yge25,lms_status_eip,2011,165.197
khm,sex_m,age_ythadult_yge25,lms_status_eip,2012,643.753
khm,sex_m,age_ythadult_yge25,lms_status_eip,2013,250.468
khm,sex_m,age_ythadult_yge25,lms_status_eip,2014,242.041
khm,sex_m,age_ythadult_yge25,lms_status_eip,2015,272.191
khm,sex_m,age_ythadult_yge25,lms_status_eip,2016,218.401
khm,sex_m,age_ythadult_yge25,lms_status_eip,2017,255.974
khm,sex_m,age_ythadult_yge25,lms_status_eip,2019,431.713
khm,sex_m,age_ythadult_yge25,lms_status_eip,2020,289.518
khm,sex_m,age_ythadult_yge25,lms_status_eip,2021,365.071
khm,sex_m,age_ythadult_yge25,lms_status_eip,2023,360.751
khm,sex_m,age_ythadult_yge25,lms_status_emp,1996,1641.265
khm,sex_m,age_ythadult_yge25,lms_status_emp,1997,1507.573
khm,sex_m,age_ythadult_yge25,lms_status_emp,1999,1865.793
khm,sex_m,age_ythadult_yge25,lms_status_emp,2000,1761.399
khm,sex_m,age_ythadult_yge25,lms_status_emp,2001,1883.554
khm,sex_m,age_ythadult_yge25,lms_status_emp,2003,2099.571
khm,sex_m,age_ythadult_yge25,lms_status_emp,2007,2475.979
khm,sex_m,age_ythadult_yge25,lms_status_emp,2008,2559.501
khm,sex_m,age_ythadult_yge25,lms_status_emp,2009,2669.449
khm,sex_m,age_ythadult_yge25,lms_status_emp,2010,2714.026
khm,sex_m,age_ythadult_yge25,lms_status_emp,2011,2873.617
khm,sex_m,age_ythadult_yge25,lms_status_emp,2012,2757.975
khm,sex_m,age_ythadult_yge25,lms_status_emp,2013,3019.172
khm,sex_m,age_ythadult_yge25,lms_status_emp,2014,3156.632
khm,sex_m,age_ythadult_yge25,lms_status_emp,2015,3227.046
khm,sex_m,age_ythadult_yge25,lms_status_emp,2016,3322.84
khm,sex_m,age_ythadult_yge25,lms_status_emp,2017,3354.988
khm,sex_m,age_ythadult_yge25,lms_status_emp,2019,3685.823
khm,sex_m,age_ythadult_yge25,lms_status_emp,2020,3687.063
khm,sex_m,age_ythadult_yge25,lms_status_emp,2021,3842.584
khm,sex_m,age_ythadult_yge25,lms_status_emp,2023,4055.646
khm,sex_m,age_ythadult_yge25,lms_status_total,1996,1803.499
khm,sex_m,age_ythadult_yge25,lms_status_total,1997,1726.524
khm,sex_m,age_ythadult_yge25,lms_status_total,1999,2024.274
khm,sex_m,age_ythadult_yge25,lms_status_total,2000,1943.051
khm,sex_m,age_ythadult_yge25,lms_status_total,2001,2044.185
khm,sex_m,age_ythadult_yge25,lms_status_total,2003,2328.01
khm,sex_m,age_ythadult_yge25,lms_status_total,2007,2680.069
khm,sex_m,age_ythadult_yge25,lms_status_total,2008,2819.12
khm,sex_m,age_ythadult_yge25,lms_status_total,2009,2914.944
khm,sex_m,age_ythadult_yge25,lms_status_total,2010,2927.052
khm,sex_m,age_ythadult_yge25,lms_status_total,2011,3057.332
khm,sex_m,age_ythadult_yge25,lms_status_total,2012,3437.146
khm,sex_m,age_ythadult_yge25,lms_status_total,2013,3275.279
khm,sex_m,age_ythadult_yge25,lms_status_total,2014,3415.574
khm,sex_m,age_ythadult_yge25,lms_status_total,2015,3507.628
khm,sex_m,age_ythadult_yge25,lms_status_total,2016,3555.129
khm,sex_m,age_ythadult_yge25,lms_status_total,2017,3611.814
khm,sex_m,age_ythadult_yge25,lms_status_total,2019,4125.175
khm,sex_m,age_ythadult_yge25,lms_status_total,2020,3978.923
khm,sex_m,age_ythadult_yge25,lms_status_total,2021,4218.854
khm,sex_m,age_ythadult_yge25,lms_status_total,2023,4421.406
khm,sex_m,age_ythadult_yge25,lms_status_une,1996,8.723
khm,sex_m,age_ythadult_yge25,lms_status_une,1997,7.518
khm,sex_m,age_ythadult_yge25,lms_status_une,2000,19.7
khm,sex_m,age_ythadult_yge25,lms_status_une,2001,15.613
khm,sex_m,age_ythadult_yge25,lms_status_une,2003,9.951
khm,sex_m,age_ythadult_yge25,lms_status_une,2007,20.27
khm,sex_m,age_ythadult_yge25,lms_status_une,2008,12.318
khm,sex_m,age_ythadult_yge25,lms_status_une,2009,13.939
khm,sex_m,age_ythadult_yge25,lms_status_une,2010,17.356
khm,sex_m,age_ythadult_yge25,lms_status_une,2011,18.518
khm,sex_m,age_ythadult_yge25,lms_status_une,2012,35.419
khm,sex_m,age_ythadult_yge25,lms_status_une,2013,5.639
khm,sex_m,age_ythadult_yge25,lms_status_une,2014,16.901
khm,sex_m,age_ythadult_yge25,lms_status_une,2015,8.392
khm,sex_m,age_ythadult_yge25,lms_status_une,2016,13.888
khm,sex_m,age_ythadult_yge25,lms_status_une,2019,7.639
khm,sex_m,age_ythadult_yge25,lms_status_une,2020,2.343
khm,sex_m,age_ythadult_yge25,lms_status_une,2021,11.199
khm,sex_m,age_ythadult_yge25,lms_status_une,2023,5.009
khm,sex_t,age_10yrbands_total,lms_status_eip,1996,1204.01
khm,sex_t,age_10yrbands_total,lms_status_eip,1997,1460.067
khm,sex_t,age_10yrbands_total,lms_status_eip,1999,1320.542
khm,sex_t,age_10yrbands_total,lms_status_eip,2000,1441.411
khm,sex_t,age_10yrbands_total,lms_status_eip,2001,1187.22
khm,sex_t,age_10yrbands_total,lms_status_eip,2003,1627.173
khm,sex_t,age_10yrbands_total,lms_status_eip,2007,1651.64
khm,sex_t,age_10yrbands_total,lms_status_eip,2008,1900.151
khm,sex_t,age_10yrbands_total,lms_status_eip,2009,1705.402
khm,sex_t,age_10yrbands_total,lms_status_eip,2010,1442.494
khm,sex_t,age_10yrbands_total,lms_status_eip,2011,1405.681
khm,sex_t,age_10yrbands_total,lms_status_eip,2012,3459.303
khm,sex_t,age_10yrbands_total,lms_status_eip,2013,2049.164
khm,sex_t,age_10yrbands_total,lms_status_eip,2014,2105.888
khm,sex_t,age_10yrbands_total,lms_status_eip,2015,2218.871
khm,sex_t,age_10yrbands_total,lms_status_eip,2016,2015.59
khm,sex_t,age_10yrbands_total,lms_status_eip,2017,2081.443
khm,sex_t,age_10yrbands_total,lms_status_eip,2019,2759.119
khm,sex_t,age_10yrbands_total,lms_status_eip,2020,1996.672
khm,sex_t,age_10yrbands_total,lms_status_eip,2021,2427.168
khm,sex_t,age_10yrbands_total,lms_status_eip,2023,2448.255
khm,sex_t,age_10yrbands_total,lms_status_emp,1996,4679.102
khm,sex_t,age_10yrbands_total,lms_status_emp,1997,4144.442
khm,sex_t,age_10yrbands_total,lms_status_emp,1999,5425.88
khm,sex_t,age_10yrbands_total,lms_status_emp,2000,5146.233
khm,sex_t,age_10yrbands_total,lms_status_emp,2001,5903.162
khm,sex_t,age_10yrbands_total,lms_status_emp,2003,6622.222
khm,sex_t,age_10yrbands_total,lms_status_emp,2007,7056.086
khm,sex_t,age_10yrbands_total,lms_status_emp,2008,7063.307
khm,sex_t,age_10yrbands_total,lms_status_emp,2009,7732.463
khm,sex_t,age_10yrbands_total,lms_status_emp,2010,7955.347
khm,sex_t,age_10yrbands_total,lms_status_emp,2011,8200.236
khm,sex_t,age_10yrbands_total,lms_status_emp,2012,7197.416
khm,sex_t,age_10yrbands_total,lms_status_emp,2013,8273.638
khm,sex_t,age_10yrbands_total,lms_status_emp,2014,8520.559
khm,sex_t,age_10yrbands_total,lms_status_emp,2015,8625.515
khm,sex_t,age_10yrbands_total,lms_status_emp,2016,8954.89
khm,sex_t,age_10yrbands_total,lms_status_emp,2017,9101.786
khm,sex_t,age_10yrbands_total,lms_status_emp,2019,8711.905
khm,sex_t,age_10yrbands_total,lms_status_emp,2020,9228.709
khm,sex_t,age_10yrbands_total,lms_status_emp,2021,9381.285
khm,sex_t,age_10yrbands_total,lms_status_emp,2023,9756.289
khm,sex_t,age_10yrbands_total,lms_status_total,1996,5928.618
khm,sex_t,age_10yrbands_total,lms_status_total,1997,5631.112
khm,sex_t,age_10yrbands_total,lms_status_total,1999,6748.525
khm,sex_t,age_10yrbands_total,lms_status_total,2000,6733.943
khm,sex_t,age_10yrbands_total,lms_status_total,2001,7214.249
khm,sex_t,age_10yrbands_total,lms_status_total,2003,8310.159
khm,sex_t,age_10yrbands_total,lms_status_total,2007,8797.557
khm,sex_t,age_10yrbands_total,lms_status_total,2008,9022.177
khm,sex_t,age_10yrbands_total,lms_status_total,2009,9482.868
khm,sex_t,age_10yrbands_total,lms_status_total,2010,9459.622
khm,sex_t,age_10yrbands_total,lms_status_total,2011,9653.542
khm,sex_t,age_10yrbands_total,lms_status_total,2012,10749.946
khm,sex_t,age_10yrbands_total,lms_status_total,2013,10359.159
khm,sex_t,age_10yrbands_total,lms_status_total,2014,10685.793
khm,sex_t,age_10yrbands_total,lms_status_total,2015,10878.423
khm,sex_t,age_10yrbands_total,lms_status_total,2016,11035.083
khm,sex_t,age_10yrbands_total,lms_status_total,2017,11196.112
khm,sex_t,age_10yrbands_total,lms_status_total,2019,11514.682
khm,sex_t,age_10yrbands_total,lms_status_total,2020,11241.273
khm,sex_t,age_10yrbands_total,lms_status_total,2021,11845.765
khm,sex_t,age_10yrbands_total,lms_status_total,2023,12229.571
khm,sex_t,age_10yrbands_total,lms_status_une,1996,45.507
khm,sex_t,age_10yrbands_total,lms_status_une,1997,26.602
khm,sex_t,age_10yrbands_total,lms_status_une,1999,2.102
khm,sex_t,age_10yrbands_total,lms_status_une,2000,146.299
khm,sex_t,age_10yrbands_total,lms_status_une,2001,123.867
khm,sex_t,age_10yrbands_total,lms_status_une,2003,60.763
khm,sex_t,age_10yrbands_total,lms_status_une,2007,89.83
khm,sex_t,age_10yrbands_total,lms_status_une,2008,58.719
khm,sex_t,age_10yrbands_total,lms_status_une,2009,45.003
khm,sex_t,age_10yrbands_total,lms_status_une,2010,61.782
khm,sex_t,age_10yrbands_total,lms_status_une,2011,47.625
khm,sex_t,age_10yrbands_total,lms_status_une,2012,93.228
khm,sex_t,age_10yrbands_total,lms_status_une,2013,36.357
khm,sex_t,age_10yrbands_total,lms_status_une,2014,59.347
khm,sex_t,age_10yrbands_total,lms_status_une,2015,34.037
khm,sex_t,age_10yrbands_total,lms_status_une,2016,64.602
khm,sex_t,age_10yrbands_total,lms_status_une,2017,12.883
khm,sex_t,age_10yrbands_total,lms_status_une,2019,43.659
khm,sex_t,age_10yrbands_total,lms_status_une,2020,15.892
khm,sex_t,age_10yrbands_total,lms_status_une,2021,37.312
khm,sex_t,age_10yrbands_total,lms_status_une,2023,25.028
khm,sex_t,age_10yrbands_y15_24,lms_status_eip,1996,555.812
khm,sex_t,age_10yrbands_y15_24,lms_status_eip,1997,630.366
khm,sex_t,age_10yrbands_y15_24,lms_status_eip,1999,683.631
khm,sex_t,age_10yrbands_y15_24,lms_status_eip,2000,780.304
khm,sex_t,age_10yrbands_y15_24,lms_status_eip,2001,621.371
khm,sex_t,age_10yrbands_y15_24,lms_status_eip,2003,700.802
khm,sex_t,age_10yrbands_y15_24,lms_status_eip,2007,659.437
khm,sex_t,age_10yrbands_y15_24,lms_status_eip,2008,737.467
khm,sex_t,age_10yrbands_y15_24,lms_status_eip,2009,729.668
khm,sex_t,age_10yrbands_y15_24,lms_status_eip,2010,643.058
khm,sex_t,age_10yrbands_y15_24,lms_status_eip,2011,647.395
khm,sex_t,age_10yrbands_y15_24,lms_status_eip,2012,1309.436
khm,sex_t,age_10yrbands_y15_24,lms_status_eip,2013,901.932
khm,sex_t,age_10yrbands_y15_24,lms_status_eip,2014,939.812
khm,sex_t,age_10yrbands_y15_24,lms_status_eip,2015,933.414
khm,sex_t,age_10yrbands_y15_24,lms_status_eip,2016,912.233
khm,sex_t,age_10yrbands_y15_24,lms_status_eip,2017,969.825
khm,sex_t,age_10yrbands_y15_24,lms_status_eip,2019,1085.916
khm,sex_t,age_10yrbands_y15_24,lms_status_eip,2020,798.351
khm,sex_t,age_10yrbands_y15_24,lms_status_eip,2021,947.822
khm,sex_t,age_10yrbands_y15_24,lms_status_eip,2023,1001.812
khm,sex_t,age_10yrbands_y15_24,lms_status_emp,1996,1296.215
khm,sex_t,age_10yrbands_y15_24,lms_status_emp,1997,1098.133
khm,sex_t,age_10yrbands_y15_24,lms_status_emp,1999,1593.828
khm,sex_t,age_10yrbands_y15_24,lms_status_emp,2000,1569.088
khm,sex_t,age_10yrbands_y15_24,lms_status_emp,2001,2023.414
khm,sex_t,age_10yrbands_y15_24,lms_status_emp,2003,2412.009
khm,sex_t,age_10yrbands_y15_24,lms_status_emp,2007,2240.84
khm,sex_t,age_10yrbands_y15_24,lms_status_emp,2008,2107.471
khm,sex_t,age_10yrbands_y15_24,lms_status_emp,2009,2357.051
khm,sex_t,age_10yrbands_y15_24,lms_status_emp,2010,2395.882
khm,sex_t,age_10yrbands_y15_24,lms_status_emp,2011,2391.61
khm,sex_t,age_10yrbands_y15_24,lms_status_emp,2012,2072.172
khm,sex_t,age_10yrbands_y15_24,lms_status_emp,2013,2288.69
khm,sex_t,age_10yrbands_y15_24,lms_status_emp,2014,2392.721
khm,sex_t,age_10yrbands_y15_24,lms_status_emp,2015,2366.407
khm,sex_t,age_10yrbands_y15_24,lms_status_emp,2016,2430.598
khm,sex_t,age_10yrbands_y15_24,lms_status_emp,2017,2438.388
khm,sex_t,age_10yrbands_y15_24,lms_status_emp,2019,1580.206
khm,sex_t,age_10yrbands_y15_24,lms_status_emp,2020,1956.891
khm,sex_t,age_10yrbands_y15_24,lms_status_emp,2021,1921.108
khm,sex_t,age_10yrbands_y15_24,lms_status_emp,2023,1857.137
khm,sex_t,age_10yrbands_y15_24,lms_status_total,1996,1870.478
khm,sex_t,age_10yrbands_y15_24,lms_status_total,1997,1739.078
khm,sex_t,age_10yrbands_y15_24,lms_status_total,1999,2277.952
khm,sex_t,age_10yrbands_y15_24,lms_status_total,2000,2437.951
khm,sex_t,age_10yrbands_y15_24,lms_status_total,2001,2720.134
khm,sex_t,age_10yrbands_y15_24,lms_status_total,2003,3148.573
khm,sex_t,age_10yrbands_y15_24,lms_status_total,2007,2947.671
khm,sex_t,age_10yrbands_y15_24,lms_status_total,2008,2873.545
khm,sex_t,age_10yrbands_y15_24,lms_status_total,2009,3105.793
khm,sex_t,age_10yrbands_y15_24,lms_status_total,2010,3062.338
khm,sex_t,age_10yrbands_y15_24,lms_status_total,2011,3053.414
khm,sex_t,age_10yrbands_y15_24,lms_status_total,2012,3414.894
khm,sex_t,age_10yrbands_y15_24,lms_status_total,2013,3208.021
khm,sex_t,age_10yrbands_y15_24,lms_status_total,2014,3357.795
khm,sex_t,age_10yrbands_y15_24,lms_status_total,2015,3317.244
khm,sex_t,age_10yrbands_y15_24,lms_status_total,2016,3370.235
khm,sex_t,age_10yrbands_y15_24,lms_status_total,2017,3417.586
khm,sex_t,age_10yrbands_y15_24,lms_status_total,2019,2692.746
khm,sex_t,age_10yrbands_y15_24,lms_status_total,2020,2764.601
khm,sex_t,age_10yrbands_y15_24,lms_status_total,2021,2885.059
khm,sex_t,age_10yrbands_y15_24,lms_status_total,2023,2872.737
khm,sex_t,age_10yrbands_y15_24,lms_status_une,1996,18.452
khm,sex_t,age_10yrbands_y15_24,lms_status_une,1997,10.58
khm,sex_t,age_10yrbands_y15_24,lms_status_une,2000,88.559
khm,sex_t,age_10yrbands_y15_24,lms_status_une,2001,75.349
khm,sex_t,age_10yrbands_y15_24,lms_status_une,2003,35.762
khm,sex_t,age_10yrbands_y15_24,lms_status_une,2007,47.394
khm,sex_t,age_10yrbands_y15_24,lms_status_une,2008,28.607
khm,sex_t,age_10yrbands_y15_24,lms_status_une,2009,19.074
khm,sex_t,age_10yrbands_y15_24,lms_status_une,2010,23.398
khm,sex_t,age_10yrbands_y15_24,lms_status_une,2011,14.408
khm,sex_t,age_10yrbands_y15_24,lms_status_une,2012,33.286
khm,sex_t,age_10yrbands_y15_24,lms_status_une,2013,17.399
khm,sex_t,age_10yrbands_y15_24,lms_status_une,2014,25.262
khm,sex_t,age_10yrbands_y15_24,lms_status_une,2015,17.423
khm,sex_t,age_10yrbands_y15_24,lms_status_une,2016,27.404
khm,sex_t,age_10yrbands_y15_24,lms_status_une,2017,9.373
khm,sex_t,age_10yrbands_y15_24,lms_status_une,2019,26.623
khm,sex_t,age_10yrbands_y15_24,lms_status_une,2020,9.359
khm,sex_t,age_10yrbands_y15_24,lms_status_une,2021,16.129
khm,sex_t,age_10yrbands_y15_24,lms_status_une,2023,13.787
khm,sex_t,age_10yrbands_y25_34,lms_status_eip,1996,145.566
khm,sex_t,age_10yrbands_y25_34,lms_status_eip,1997,218.11
khm,sex_t,age_10yrbands_y25_34,lms_status_eip,1999,117.514
khm,sex_t,age_10yrbands_y25_34,lms_status_eip,2000,124.372
khm,sex_t,age_10yrbands_y25_34,lms_status_eip,2001,83.954
khm,sex_t,age_10yrbands_y25_34,lms_status_eip,2003,205.091
khm,sex_t,age_10yrbands_y25_34,lms_status_eip,2007,202.907
khm,sex_t,age_10yrbands_y25_34,lms_status_eip,2008,239.367
khm,sex_t,age_10yrbands_y25_34,lms_status_eip,2009,203.354
khm,sex_t,age_10yrbands_y25_34,lms_status_eip,2010,160.486
khm,sex_t,age_10yrbands_y25_34,lms_status_eip,2011,126.974
khm,sex_t,age_10yrbands_y25_34,lms_status_eip,2012,496.849
khm,sex_t,age_10yrbands_y25_34,lms_status_eip,2013,219.613
khm,sex_t,age_10yrbands_y25_34,lms_status_eip,2014,238.916
khm,sex_t,age_10yrbands_y25_34,lms_status_eip,2015,237.918
khm,sex_t,age_10yrbands_y25_34,lms_status_eip,2016,189.091
khm,sex_t,age_10yrbands_y25_34,lms_status_eip,2017,184.086
khm,sex_t,age_10yrbands_y25_34,lms_status_eip,2019,257.184
khm,sex_t,age_10yrbands_y25_34,lms_status_eip,2020,208.429
khm,sex_t,age_10yrbands_y25_34,lms_status_eip,2021,260.615
khm,sex_t,age_10yrbands_y25_34,lms_status_eip,2023,204.654
khm,sex_t,age_10yrbands_y25_34,lms_status_emp,1996,1304.544
khm,sex_t,age_10yrbands_y25_34,lms_status_emp,1997,1193.136
khm,sex_t,age_10yrbands_y25_34,lms_status_emp,1999,1329.095
khm,sex_t,age_10yrbands_y25_34,lms_status_emp,2000,1186.996
khm,sex_t,age_10yrbands_y25_34,lms_status_emp,2001,1271.822
khm,sex_t,age_10yrbands_y25_34,lms_status_emp,2003,1451.489
khm,sex_t,age_10yrbands_y25_34,lms_status_emp,2007,1671.363
khm,sex_t,age_10yrbands_y25_34,lms_status_emp,2008,1687.471
khm,sex_t,age_10yrbands_y25_34,lms_status_emp,2009,1907.167
khm,sex_t,age_10yrbands_y25_34,lms_status_emp,2010,1950.686
khm,sex_t,age_10yrbands_y25_34,lms_status_emp,2011,2169.377
khm,sex_t,age_10yrbands_y25_34,lms_status_emp,2012,1989.489
khm,sex_t,age_10yrbands_y25_34,lms_status_emp,2013,2277.566
khm,sex_t,age_10yrbands_y25_34,lms_status_emp,2014,2484.048
khm,sex_t,age_10yrbands_y25_34,lms_status_emp,2015,2443.362
khm,sex_t,age_10yrbands_y25_34,lms_status_emp,2016,2533.797
khm,sex_t,age_10yrbands_y25_34,lms_status_emp,2017,2589.336
khm,sex_t,age_10yrbands_y25_34,lms_status_emp,2019,2377.776
khm,sex_t,age_10yrbands_y25_34,lms_status_emp,2020,2530.561
khm,sex_t,age_10yrbands_y25_34,lms_status_emp,2021,2531.629
khm,sex_t,age_10yrbands_y25_34,lms_status_emp,2023,2531.469
khm,sex_t,age_10yrbands_y25_34,lms_status_total,1996,1462.836
khm,sex_t,age_10yrbands_y25_34,lms_status_total,1997,1419.088
khm,sex_t,age_10yrbands_y25_34,lms_status_total,1999,1446.79
khm,sex_t,age_10yrbands_y25_34,lms_status_total,2000,1347.961
khm,sex_t,age_10yrbands_y25_34,lms_status_total,2001,1378.838
khm,sex_t,age_10yrbands_y25_34,lms_status_total,2003,1667.1
khm,sex_t,age_10yrbands_y25_34,lms_status_total,2007,1893.88
khm,sex_t,age_10yrbands_y25_34,lms_status_total,2008,1937.313
khm,sex_t,age_10yrbands_y25_34,lms_status_total,2009,2120.453
khm,sex_t,age_10yrbands_y25_34,lms_status_total,2010,2128.684
khm,sex_t,age_10yrbands_y25_34,lms_status_total,2011,2305.266
khm,sex_t,age_10yrbands_y25_34,lms_status_total,2012,2519.017
khm,sex_t,age_10yrbands_y25_34,lms_status_total,2013,2504.672
khm,sex_t,age_10yrbands_y25_34,lms_status_total,2014,2737.048
khm,sex_t,age_10yrbands_y25_34,lms_status_total,2015,2684.716
khm,sex_t,age_10yrbands_y25_34,lms_status_total,2016,2732.499
khm,sex_t,age_10yrbands_y25_34,lms_status_total,2017,2775.418
khm,sex_t,age_10yrbands_y25_34,lms_status_total,2019,2648.223
khm,sex_t,age_10yrbands_y25_34,lms_status_total,2020,2744.186
khm,sex_t,age_10yrbands_y25_34,lms_status_total,2021,2801.807
khm,sex_t,age_10yrbands_y25_34,lms_status_total,2023,2741.663
khm,sex_t,age_10yrbands_y25_34,lms_status_une,1996,12.726
khm,sex_t,age_10yrbands_y25_34,lms_status_une,1997,7.842
khm,sex_t,age_10yrbands_y25_34,lms_status_une,2000,36.593
khm,sex_t,age_10yrbands_y25_34,lms_status_une,2001,23.063
khm,sex_t,age_10yrbands_y25_34,lms_status_une,2003,10.52
khm,sex_t,age_10yrbands_y25_34,lms_status_une,2007,19.609
khm,sex_t,age_10yrbands_y25_34,lms_status_une,2008,10.475
khm,sex_t,age_10yrbands_y25_34,lms_status_une,2009,9.932
khm,sex_t,age_10yrbands_y25_34,lms_status_une,2010,17.511
khm,sex_t,age_10yrbands_y25_34,lms_status_une,2011,8.915
khm,sex_t,age_10yrbands_y25_34,lms_status_une,2012,32.679
khm,sex_t,age_10yrbands_y25_34,lms_status_une,2013,7.493
khm,sex_t,age_10yrbands_y25_34,lms_status_une,2014,14.084
khm,sex_t,age_10yrbands_y25_34,lms_status_une,2016,9.611
khm,sex_t,age_10yrbands_y25_34,lms_status_une,2019,13.262
khm,sex_t,age_10yrbands_y25_34,lms_status_une,2020,5.196
khm,sex_t,age_10yrbands_y25_34,lms_status_une,2021,9.564
khm,sex_t,age_10yrbands_y25_34,lms_status_une,2023,5.54
khm,sex_t,age_10yrbands_y35_44,lms_status_eip,1996,85.369
khm,sex_t,age_10yrbands_y35_44,lms_status_eip,1997,126.135
khm,sex_t,age_10yrbands_y35_44,lms_status_eip,1999,74.53
khm,sex_t,age_10yrbands_y35_44,lms_status_eip,2000,85.388
khm,sex_t,age_10yrbands_y35_44,lms_status_eip,2001,68.335
khm,sex_t,age_10yrbands_y35_44,lms_status_eip,2003,167.187
khm,sex_t,age_10yrbands_y35_44,lms_status_eip,2007,144.78
khm,sex_t,age_10yrbands_y35_44,lms_status_eip,2008,151.773
khm,sex_t,age_10yrbands_y35_44,lms_status_eip,2009,119.363
khm,sex_t,age_10yrbands_y35_44,lms_status_eip,2010,81.029
khm,sex_t,age_10yrbands_y35_44,lms_status_eip,2011,78.325
khm,sex_t,age_10yrbands_y35_44,lms_status_eip,2012,329.821
khm,sex_t,age_10yrbands_y35_44,lms_status_eip,2013,111.015
khm,sex_t,age_10yrbands_y35_44,lms_status_eip,2014,137.472
khm,sex_t,age_10yrbands_y35_44,lms_status_eip,2015,119.831
khm,sex_t,age_10yrbands_y35_44,lms_status_eip,2016,103.21
khm,sex_t,age_10yrbands_y35_44,lms_status_eip,2017,120.214
khm,sex_t,age_10yrbands_y35_44,lms_status_eip,2019,177.468
khm,sex_t,age_10yrbands_y35_44,lms_status_eip,2020,115.284
khm,sex_t,age_10yrbands_y35_44,lms_status_eip,2021,155.028
khm,sex_t,age_10yrbands_y35_44,lms_status_eip,2023,159.235
khm,sex_t,age_10yrbands_y35_44,lms_status_emp,1996,1016.494
khm,sex_t,age_10yrbands_y35_44,lms_status_emp,1997,855.659
khm,sex_t,age_10yrbands_y35_44,lms_status_emp,1999,1145.559
khm,sex_t,age_10yrbands_y35_44,lms_status_emp,2000,1116.121
khm,sex_t,age_10yrbands_y35_44,lms_status_emp,2001,1184.704
khm,sex_t,age_10yrbands_y35_44,lms_status_emp,2003,1330.672
khm,sex_t,age_10yrbands_y35_44,lms_status_emp,2007,1385.491
khm,sex_t,age_10yrbands_y35_44,lms_status_emp,2008,1346.445
khm,sex_t,age_10yrbands_y35_44,lms_status_emp,2009,1446.842
khm,sex_t,age_10yrbands_y35_44,lms_status_emp,2010,1520.173
khm,sex_t,age_10yrbands_y35_44,lms_status_emp,2011,1463.154
khm,sex_t,age_10yrbands_y35_44,lms_status_emp,2012,1313.053
khm,sex_t,age_10yrbands_y35_44,lms_status_emp,2013,1498.272
khm,sex_t,age_10yrbands_y35_44,lms_status_emp,2014,1443.897
khm,sex_t,age_10yrbands_y35_44,lms_status_emp,2015,1544.193
khm,sex_t,age_10yrbands_y35_44,lms_status_emp,2016,1571.432
khm,sex_t,age_10yrbands_y35_44,lms_status_emp,2017,1588.085
khm,sex_t,age_10yrbands_y35_44,lms_status_emp,2019,1933.87
khm,sex_t,age_10yrbands_y35_44,lms_status_emp,2020,2024.536
khm,sex_t,age_10yrbands_y35_44,lms_status_emp,2021,2212.9
khm,sex_t,age_10yrbands_y35_44,lms_status_emp,2023,2473.062
khm,sex_t,age_10yrbands_y35_44,lms_status_total,1996,1108.324
khm,sex_t,age_10yrbands_y35_44,lms_status_total,1997,985.67
khm,sex_t,age_10yrbands_y35_44,lms_status_total,1999,1220.208
khm,sex_t,age_10yrbands_y35_44,lms_status_total,2000,1214.512
khm,sex_t,age_10yrbands_y35_44,lms_status_total,2001,1266.174
khm,sex_t,age_10yrbands_y35_44,lms_status_total,2003,1505.939
khm,sex_t,age_10yrbands_y35_44,lms_status_total,2007,1541.54
khm,sex_t,age_10yrbands_y35_44,lms_status_total,2008,1509.715
khm,sex_t,age_10yrbands_y35_44,lms_status_total,2009,1572.226
khm,sex_t,age_10yrbands_y35_44,lms_status_total,2010,1610.255
khm,sex_t,age_10yrbands_y35_44,lms_status_total,2011,1548.201
khm,sex_t,age_10yrbands_y35_44,lms_status_total,2012,1658.958
khm,sex_t,age_10yrbands_y35_44,lms_status_total,2013,1611.551
khm,sex_t,age_10yrbands_y35_44,lms_status_total,2014,1586.358
khm,sex_t,age_10yrbands_y35_44,lms_status_total,2015,1665.511
khm,sex_t,age_10yrbands_y35_44,lms_status_total,2016,1684.809
khm,sex_t,age_10yrbands_y35_44,lms_status_total,2017,1709.812
khm,sex_t,age_10yrbands_y35_44,lms_status_total,2019,2113.311
khm,sex_t,age_10yrbands_y35_44,lms_status_total,2020,2140.897
khm,sex_t,age_10yrbands_y35_44,lms_status_total,2021,2374.539
khm,sex_t,age_10yrbands_y35_44,lms_status_total,2023,2635.472
khm,sex_t,age_10yrbands_y35_44,lms_status_une,1996,6.462
khm,sex_t,age_10yrbands_y35_44,lms_status_une,1997,3.875
khm,sex_t,age_10yrbands_y35_44,lms_status_une,2000,13.004
khm,sex_t,age_10yrbands_y35_44,lms_status_une,2001,13.135
khm,sex_t,age_10yrbands_y35_44,lms_status_une,2003,8.08
khm,sex_t,age_10yrbands_y35_44,lms_status_une,2007,11.269
khm,sex_t,age_10yrbands_y35_44,lms_status_une,2008,11.497
khm,sex_t,age_10yrbands_y35_44,lms_status_une,2009,6.021
khm,sex_t,age_10yrbands_y35_44,lms_status_une,2010,9.053
khm,sex_t,age_10yrbands_y35_44,lms_status_une,2011,6.722
khm,sex_t,age_10yrbands_y35_44,lms_status_une,2012,16.084
khm,sex_t,age_10yrbands_y35_44,lms_status_une,2014,4.989
khm,sex_t,age_10yrbands_y35_44,lms_status_une,2016,10.168
khm,sex_t,age_10yrbands_y35_44,lms_status_une,2019,1.974
khm,sex_t,age_10yrbands_y35_44,lms_status_une,2021,6.61
khm,sex_t,age_10yrbands_y35_44,lms_status_une,2023,3.174
khm,sex_t,age_10yrbands_y45_54,lms_status_eip,1996,60.92
khm,sex_t,age_10yrbands_y45_54,lms_status_eip,1997,100.842
khm,sex_t,age_10yrbands_y45_54,lms_status_eip,1999,66.409
khm,sex_t,age_10yrbands_y45_54,lms_status_eip,2000,79.364
khm,sex_t,age_10yrbands_y45_54,lms_status_eip,2001,62.707
khm,sex_t,age_10yrbands_y45_54,lms_status_eip,2003,135.899
khm,sex_t,age_10yrbands_y45_54,lms_status_eip,2007,135.89
khm,sex_t,age_10yrbands_y45_54,lms_status_eip,2008,159.267
khm,sex_t,age_10yrbands_y45_54,lms_status_eip,2009,126.042
khm,sex_t,age_10yrbands_y45_54,lms_status_eip,2010,94.156
khm,sex_t,age_10yrbands_y45_54,lms_status_eip,2011,115.136
khm,sex_t,age_10yrbands_y45_54,lms_status_eip,2012,401.348
khm,sex_t,age_10yrbands_y45_54,lms_status_eip,2013,171.48
khm,sex_t,age_10yrbands_y45_54,lms_status_eip,2014,164.168
khm,sex_t,age_10yrbands_y45_54,lms_status_eip,2015,202.317
khm,sex_t,age_10yrbands_y45_54,lms_status_eip,2016,165.095
khm,sex_t,age_10yrbands_y45_54,lms_status_eip,2017,149.659
khm,sex_t,age_10yrbands_y45_54,lms_status_eip,2019,216.074
khm,sex_t,age_10yrbands_y45_54,lms_status_eip,2020,142.848
khm,sex_t,age_10yrbands_y45_54,lms_status_eip,2021,159.931
khm,sex_t,age_10yrbands_y45_54,lms_status_eip,2023,158.132
khm,sex_t,age_10yrbands_y45_54,lms_status_emp,1996,622.814
khm,sex_t,age_10yrbands_y45_54,lms_status_emp,1997,554.601
khm,sex_t,age_10yrbands_y45_54,lms_status_emp,1999,784.86
khm,sex_t,age_10yrbands_y45_54,lms_status_emp,2000,776.72
khm,sex_t,age_10yrbands_y45_54,lms_status_emp,2001,844.638
khm,sex_t,age_10yrbands_y45_54,lms_status_emp,2003,820.119
khm,sex_t,age_10yrbands_y45_54,lms_status_emp,2007,985.974
khm,sex_t,age_10yrbands_y45_54,lms_status_emp,2008,1091.519
khm,sex_t,age_10yrbands_y45_54,lms_status_emp,2009,1142.998
khm,sex_t,age_10yrbands_y45_54,lms_status_emp,2010,1187.003
khm,sex_t,age_10yrbands_y45_54,lms_status_emp,2011,1211.683
khm,sex_t,age_10yrbands_y45_54,lms_status_emp,2012,1088.448
khm,sex_t,age_10yrbands_y45_54,lms_status_emp,2013,1233.329
khm,sex_t,age_10yrbands_y45_54,lms_status_emp,2014,1258.701
khm,sex_t,age_10yrbands_y45_54,lms_status_emp,2015,1302.757
khm,sex_t,age_10yrbands_y45_54,lms_status_emp,2016,1352.676
khm,sex_t,age_10yrbands_y45_54,lms_status_emp,2017,1399.541
khm,sex_t,age_10yrbands_y45_54,lms_status_emp,2019,1442.039
khm,sex_t,age_10yrbands_y45_54,lms_status_emp,2020,1363.565
khm,sex_t,age_10yrbands_y45_54,lms_status_emp,2021,1368.026
khm,sex_t,age_10yrbands_y45_54,lms_status_emp,2023,1385.054
khm,sex_t,age_10yrbands_y45_54,lms_status_total,1996,688.106
khm,sex_t,age_10yrbands_y45_54,lms_status_total,1997,657.896
khm,sex_t,age_10yrbands_y45_54,lms_status_total,1999,851.269
khm,sex_t,age_10yrbands_y45_54,lms_status_total,2000,862.81
khm,sex_t,age_10yrbands_y45_54,lms_status_total,2001,914.979
khm,sex_t,age_10yrbands_y45_54,lms_status_total,2003,960.11
khm,sex_t,age_10yrbands_y45_54,lms_status_total,2007,1129.45
khm,sex_t,age_10yrbands_y45_54,lms_status_total,2008,1255.244
khm,sex_t,age_10yrbands_y45_54,lms_status_total,2009,1272.754
khm,sex_t,age_10yrbands_y45_54,lms_status_total,2010,1288.009
khm,sex_t,age_10yrbands_y45_54,lms_status_total,2011,1340.927
khm,sex_t,age_10yrbands_y45_54,lms_status_total,2012,1496.919
khm,sex_t,age_10yrbands_y45_54,lms_status_total,2013,1411.259
khm,sex_t,age_10yrbands_y45_54,lms_status_total,2014,1429.066
khm,sex_t,age_10yrbands_y45_54,lms_status_total,2015,1509.343
khm,sex_t,age_10yrbands_y45_54,lms_status_total,2016,1526.183
khm,sex_t,age_10yrbands_y45_54,lms_status_total,2017,1549.2
khm,sex_t,age_10yrbands_y45_54,lms_status_total,2019,1658.714
khm,sex_t,age_10yrbands_y45_54,lms_status_total,2020,1506.413
khm,sex_t,age_10yrbands_y45_54,lms_status_total,2021,1530.541
khm,sex_t,age_10yrbands_y45_54,lms_status_total,2023,1545.333
khm,sex_t,age_10yrbands_y45_54,lms_status_une,1996,4.372
khm,sex_t,age_10yrbands_y45_54,lms_status_une,1997,2.453
khm,sex_t,age_10yrbands_y45_54,lms_status_une,2000,6.726
khm,sex_t,age_10yrbands_y45_54,lms_status_une,2001,7.634
khm,sex_t,age_10yrbands_y45_54,lms_status_une,2003,4.091
khm,sex_t,age_10yrbands_y45_54,lms_status_une,2007,7.587
khm,sex_t,age_10yrbands_y45_54,lms_status_une,2008,4.458
khm,sex_t,age_10yrbands_y45_54,lms_status_une,2009,3.715
khm,sex_t,age_10yrbands_y45_54,lms_status_une,2010,6.85
khm,sex_t,age_10yrbands_y45_54,lms_status_une,2011,14.108
khm,sex_t,age_10yrbands_y45_54,lms_status_une,2012,7.124
khm,sex_t,age_10yrbands_y45_54,lms_status_une,2013,6.45
khm,sex_t,age_10yrbands_y45_54,lms_status_une,2014,6.197
khm,sex_t,age_10yrbands_y45_54,lms_status_une,2015,4.269
khm,sex_t,age_10yrbands_y45_54,lms_status_une,2016,8.412
khm,sex_t,age_10yrbands_y45_54,lms_status_une,2021,2.583
khm,sex_t,age_10yrbands_y45_54,lms_status_une,2023,2.147
khm,sex_t,age_10yrbands_y55_64,lms_status_eip,1996,115.606
khm,sex_t,age_10yrbands_y55_64,lms_status_eip,1997,132.269
khm,sex_t,age_10yrbands_y55_64,lms_status_eip,1999,116.383
khm,sex_t,age_10yrbands_y55_64,lms_status_eip,2000,108.869
khm,sex_t,age_10yrbands_y55_64,lms_status_eip,2001,100.558
khm,sex_t,age_10yrbands_y55_64,lms_status_eip,2003,152.388
khm,sex_t,age_10yrbands_y55_64,lms_status_eip,2007,168.087
khm,sex_t,age_10yrbands_y55_64,lms_status_eip,2008,208.524
khm,sex_t,age_10yrbands_y55_64,lms_status_eip,2009,174.933
khm,sex_t,age_10yrbands_y55_64,lms_status_eip,2010,139.432
khm,sex_t,age_10yrbands_y55_64,lms_status_eip,2011,131.84
khm,sex_t,age_10yrbands_y55_64,lms_status_eip,2012,381.723
khm,sex_t,age_10yrbands_y55_64,lms_status_eip,2013,213.575
khm,sex_t,age_10yrbands_y55_64,lms_status_eip,2014,220.83
khm,sex_t,age_10yrbands_y55_64,lms_status_eip,2015,234.958
khm,sex_t,age_10yrbands_y55_64,lms_status_eip,2016,227.572
khm,sex_t,age_10yrbands_y55_64,lms_status_eip,2017,212.933
khm,sex_t,age_10yrbands_y55_64,lms_status_eip,2019,356.509
khm,sex_t,age_10yrbands_y55_64,lms_status_eip,2020,230.105
khm,sex_t,age_10yrbands_y55_64,lms_status_eip,2021,297.684
khm,sex_t,age_10yrbands_y55_64,lms_status_eip,2023,274.278
khm,sex_t,age_10yrbands_y55_64,lms_status_emp,1996,325.779
khm,sex_t,age_10yrbands_y55_64,lms_status_emp,1997,326.575
khm,sex_t,age_10yrbands_y55_64,lms_status_emp,1999,411.984
khm,sex_t,age_10yrbands_y55_64,lms_status_emp,2000,370.306
khm,sex_t,age_10yrbands_y55_64,lms_status_emp,2001,419.719
khm,sex_t,age_10yrbands_y55_64,lms_status_emp,2003,405.797
khm,sex_t,age_10yrbands_y55_64,lms_status_emp,2007,548.419
khm,sex_t,age_10yrbands_y55_64,lms_status_emp,2008,589.821
khm,sex_t,age_10yrbands_y55_64,lms_status_emp,2009,615.302
khm,sex_t,age_10yrbands_y55_64,lms_status_emp,2010,621.201
khm,sex_t,age_10yrbands_y55_64,lms_status_emp,2011,655.404
khm,sex_t,age_10yrbands_y55_64,lms_status_emp,2012,533.932
khm,sex_t,age_10yrbands_y55_64,lms_status_emp,2013,652.646
khm,sex_t,age_10yrbands_y55_64,lms_status_emp,2014,665.305
khm,sex_t,age_10yrbands_y55_64,lms_status_emp,2015,695.615
khm,sex_t,age_10yrbands_y55_64,lms_status_emp,2016,719.436
khm,sex_t,age_10yrbands_y55_64,lms_status_emp,2017,751.094
khm,sex_t,age_10yrbands_y55_64,lms_status_emp,2019,979.044
khm,sex_t,age_10yrbands_y55_64,lms_status_emp,2020,929.409
khm,sex_t,age_10yrbands_y55_64,lms_status_emp,2021,933.126
khm,sex_t,age_10yrbands_y55_64,lms_status_emp,2023,1050.466
khm,sex_t,age_10yrbands_y55_64,lms_status_total,1996,444.15
khm,sex_t,age_10yrbands_y55_64,lms_status_total,1997,460.351
khm,sex_t,age_10yrbands_y55_64,lms_status_total,1999,529.677
khm,sex_t,age_10yrbands_y55_64,lms_status_total,2000,480.493
khm,sex_t,age_10yrbands_y55_64,lms_status_total,2001,523.603
khm,sex_t,age_10yrbands_y55_64,lms_status_total,2003,560.292
khm,sex_t,age_10yrbands_y55_64,lms_status_total,2007,719.768
khm,sex_t,age_10yrbands_y55_64,lms_status_total,2008,802.027
khm,sex_t,age_10yrbands_y55_64,lms_status_total,2009,793.282
khm,sex_t,age_10yrbands_y55_64,lms_status_total,2010,762.946
khm,sex_t,age_10yrbands_y55_64,lms_status_total,2011,789.787
khm,sex_t,age_10yrbands_y55_64,lms_status_total,2012,917.869
khm,sex_t,age_10yrbands_y55_64,lms_status_total,2013,868.973
khm,sex_t,age_10yrbands_y55_64,lms_status_total,2014,890.964
khm,sex_t,age_10yrbands_y55_64,lms_status_total,2015,936.532
khm,sex_t,age_10yrbands_y55_64,lms_status_total,2016,951.613
khm,sex_t,age_10yrbands_y55_64,lms_status_total,2017,964.026
khm,sex_t,age_10yrbands_y55_64,lms_status_total,2019,1336.427
khm,sex_t,age_10yrbands_y55_64,lms_status_total,2020,1159.774
khm,sex_t,age_10yrbands_y55_64,lms_status_total,2021,1233.236
khm,sex_t,age_10yrbands_y55_64,lms_status_total,2023,1325.123
khm,sex_t,age_10yrbands_y55_64,lms_status_une,1996,2.765
khm,sex_t,age_10yrbands_y55_64,lms_status_une,1997,1.508
khm,sex_t,age_10yrbands_y55_64,lms_status_une,2000,1.318
khm,sex_t,age_10yrbands_y55_64,lms_status_une,2001,3.325
khm,sex_t,age_10yrbands_y55_64,lms_status_une,2003,2.106
khm,sex_t,age_10yrbands_y55_64,lms_status_une,2008,3.682
khm,sex_t,age_10yrbands_y55_64,lms_status_une,2009,3.046
khm,sex_t,age_10yrbands_y55_64,lms_status_une,2012,2.214
khm,sex_t,age_10yrbands_y55_64,lms_status_une,2014,4.829
khm,sex_t,age_10yrbands_y55_64,lms_status_une,2015,5.959
khm,sex_t,age_10yrbands_y55_64,lms_status_une,2021,2.426
khm,sex_t,age_10yrbands_yge65,lms_status_eip,1996,240.738
khm,sex_t,age_10yrbands_yge65,lms_status_eip,1997,252.346
khm,sex_t,age_10yrbands_yge65,lms_status_eip,1999,262.075
khm,sex_t,age_10yrbands_yge65,lms_status_eip,2000,263.115
khm,sex_t,age_10yrbands_yge65,lms_status_eip,2001,250.295
khm,sex_t,age_10yrbands_yge65,lms_status_eip,2003,265.806
khm,sex_t,age_10yrbands_yge65,lms_status_eip,2007,340.54
khm,sex_t,age_10yrbands_yge65,lms_status_eip,2008,403.753
khm,sex_t,age_10yrbands_yge65,lms_status_eip,2009,352.042
khm,sex_t,age_10yrbands_yge65,lms_status_eip,2010,324.333
khm,sex_t,age_10yrbands_yge65,lms_status_eip,2011,306.011
khm,sex_t,age_10yrbands_yge65,lms_status_eip,2012,540.126
khm,sex_t,age_10yrbands_yge65,lms_status_eip,2013,431.549
khm,sex_t,age_10yrbands_yge65,lms_status_eip,2014,404.69
khm,sex_t,age_10yrbands_yge65,lms_status_eip,2015,490.434
khm,sex_t,age_10yrbands_yge65,lms_status_eip,2016,418.389
khm,sex_t,age_10yrbands_yge65,lms_status_eip,2017,444.727
khm,sex_t,age_10yrbands_yge65,lms_status_eip,2019,665.968
khm,sex_t,age_10yrbands_yge65,lms_status_eip,2020,501.655
khm,sex_t,age_10yrbands_yge65,lms_status_eip,2021,606.087
khm,sex_t,age_10yrbands_yge65,lms_status_eip,2023,650.143
khm,sex_t,age_10yrbands_yge65,lms_status_emp,1996,113.256
khm,sex_t,age_10yrbands_yge65,lms_status_emp,1997,116.339
khm,sex_t,age_10yrbands_yge65,lms_status_emp,1999,160.554
khm,sex_t,age_10yrbands_yge65,lms_status_emp,2000,127.003
khm,sex_t,age_10yrbands_yge65,lms_status_emp,2001,158.864
khm,sex_t,age_10yrbands_yge65,lms_status_emp,2003,202.135
khm,sex_t,age_10yrbands_yge65,lms_status_emp,2007,224
khm,sex_t,age_10yrbands_yge65,lms_status_emp,2008,240.58
khm,sex_t,age_10yrbands_yge65,lms_status_emp,2009,263.103
khm,sex_t,age_10yrbands_yge65,lms_status_emp,2010,280.401
khm,sex_t,age_10yrbands_yge65,lms_status_emp,2011,309.009
khm,sex_t,age_10yrbands_yge65,lms_status_emp,2012,200.322
khm,sex_t,age_10yrbands_yge65,lms_status_emp,2013,323.135
khm,sex_t,age_10yrbands_yge65,lms_status_emp,2014,275.886
khm,sex_t,age_10yrbands_yge65,lms_status_emp,2015,273.18
khm,sex_t,age_10yrbands_yge65,lms_status_emp,2016,346.951
khm,sex_t,age_10yrbands_yge65,lms_status_emp,2017,335.343
khm,sex_t,age_10yrbands_yge65,lms_status_emp,2019,398.968
khm,sex_t,age_10yrbands_yge65,lms_status_emp,2020,423.747
khm,sex_t,age_10yrbands_yge65,lms_status_emp,2021,414.496
khm,sex_t,age_10yrbands_yge65,lms_status_emp,2023,459.102
khm,sex_t,age_10yrbands_yge65,lms_status_total,1996,354.724
khm,sex_t,age_10yrbands_yge65,lms_status_total,1997,369.03
khm,sex_t,age_10yrbands_yge65,lms_status_total,1999,422.629
khm,sex_t,age_10yrbands_yge65,lms_status_total,2000,390.216
khm,sex_t,age_10yrbands_yge65,lms_status_total,2001,410.52
khm,sex_t,age_10yrbands_yge65,lms_status_total,2003,468.145
khm,sex_t,age_10yrbands_yge65,lms_status_total,2007,565.248
khm,sex_t,age_10yrbands_yge65,lms_status_total,2008,644.333
khm,sex_t,age_10yrbands_yge65,lms_status_total,2009,618.361
khm,sex_t,age_10yrbands_yge65,lms_status_total,2010,607.391
khm,sex_t,age_10yrbands_yge65,lms_status_total,2011,615.948
khm,sex_t,age_10yrbands_yge65,lms_status_total,2012,742.29
khm,sex_t,age_10yrbands_yge65,lms_status_total,2013,754.684
khm,sex_t,age_10yrbands_yge65,lms_status_total,2014,684.562
khm,sex_t,age_10yrbands_yge65,lms_status_total,2015,765.078
khm,sex_t,age_10yrbands_yge65,lms_status_total,2016,769.742
khm,sex_t,age_10yrbands_yge65,lms_status_total,2017,780.07
khm,sex_t,age_10yrbands_yge65,lms_status_total,2019,1065.261
khm,sex_t,age_10yrbands_yge65,lms_status_total,2020,925.402
khm,sex_t,age_10yrbands_yge65,lms_status_total,2021,1020.583
khm,sex_t,age_10yrbands_yge65,lms_status_total,2023,1109.245
khm,sex_t,age_10yrbands_yge65,lms_status_une,1996,0.73
khm,sex_t,age_10yrbands_yge65,lms_status_une,2009,3.215
khm,sex_t,age_10yrbands_yge65,lms_status_une,2014,3.986
khm,sex_t,age_10yrbands_yge65,lms_status_une,2016,4.402
khm,sex_t,age_aggregate_total,lms_status_eip,1996,1204.01
khm,sex_t,age_aggregate_total,lms_status_eip,1997,1460.067
khm,sex_t,age_aggregate_total,lms_status_eip,1999,1320.542
khm,sex_t,age_aggregate_total,lms_status_eip,2000,1441.411
khm,sex_t,age_aggregate_total,lms_status_eip,2001,1187.22
khm,sex_t,age_aggregate_total,lms_status_eip,2003,1627.173
khm,sex_t,age_aggregate_total,lms_status_eip,2007,1651.64
khm,sex_t,age_aggregate_total,lms_status_eip,2008,1900.151
khm,sex_t,age_aggregate_total,lms_status_eip,2009,1705.402
khm,sex_t,age_aggregate_total,lms_status_eip,2010,1442.494
khm,sex_t,age_aggregate_total,lms_status_eip,2011,1405.681
khm,sex_t,age_aggregate_total,lms_status_eip,2012,3459.303
khm,sex_t,age_aggregate_total,lms_status_eip,2013,2049.164
khm,sex_t,age_aggregate_total,lms_status_eip,2014,2105.888
khm,sex_t,age_aggregate_total,lms_status_eip,2015,2218.871
khm,sex_t,age_aggregate_total,lms_status_eip,2016,2015.59
khm,sex_t,age_aggregate_total,lms_status_eip,2017,2081.443
khm,sex_t,age_aggregate_total,lms_status_eip,2019,2759.119
khm,sex_t,age_aggregate_total,lms_status_eip,2020,1996.672
khm,sex_t,age_aggregate_total,lms_status_eip,2021,2427.168
khm,sex_t,age_aggregate_total,lms_status_eip,2023,2448.255
khm,sex_t,age_aggregate_total,lms_status_emp,1996,4679.102
khm,sex_t,age_aggregate_total,lms_status_emp,1997,4144.442
khm,sex_t,age_aggregate_total,lms_status_emp,1999,5425.88
khm,sex_t,age_aggregate_total,lms_status_emp,2000,5146.233
khm,sex_t,age_aggregate_total,lms_status_emp,2001,5903.162
khm,sex_t,age_aggregate_total,lms_status_emp,2003,6622.222
khm,sex_t,age_aggregate_total,lms_status_emp,2007,7056.086
khm,sex_t,age_aggregate_total,lms_status_emp,2008,7063.307
khm,sex_t,age_aggregate_total,lms_status_emp,2009,7732.463
khm,sex_t,age_aggregate_total,lms_status_emp,2010,7955.347
khm,sex_t,age_aggregate_total,lms_status_emp,2011,8200.236
khm,sex_t,age_aggregate_total,lms_status_emp,2012,7197.416
khm,sex_t,age_aggregate_total,lms_status_emp,2013,8273.638
khm,sex_t,age_aggregate_total,lms_status_emp,2014,8520.559
khm,sex_t,age_aggregate_total,lms_status_emp,2015,8625.515
khm,sex_t,age_aggregate_total,lms_status_emp,2016,8954.89
khm,sex_t,age_aggregate_total,lms_status_emp,2017,9101.786
khm,sex_t,age_aggregate_total,lms_status_emp,2019,8711.905
khm,sex_t,age_aggregate_total,lms_status_emp,2020,9228.709
khm,sex_t,age_aggregate_total,lms_status_emp,2021,9381.285
khm,sex_t,age_aggregate_total,lms_status_emp,2023,9756.289
khm,sex_t,age_aggregate_total,lms_status_total,1996,5928.618
khm,sex_t,age_aggregate_total,lms_status_total,1997,5631.112
khm,sex_t,age_aggregate_total,lms_status_total,1999,6748.525
khm,sex_t,age_aggregate_total,lms_status_total,2000,6733.943
khm,sex_t,age_aggregate_total,lms_status_total,2001,7214.249
khm,sex_t,age_aggregate_total,lms_status_total,2003,8310.159
khm,sex_t,age_aggregate_total,lms_status_total,2007,8797.557
khm,sex_t,age_aggregate_total,lms_status_total,2008,9022.177
khm,sex_t,age_aggregate_total,lms_status_total,2009,9482.868
khm,sex_t,age_aggregate_total,lms_status_total,2010,9459.622
khm,sex_t,age_aggregate_total,lms_status_total,2011,9653.542
khm,sex_t,age_aggregate_total,lms_status_total,2012,10749.946
khm,sex_t,age_aggregate_total,lms_status_total,2013,10359.159
khm,sex_t,age_aggregate_total,lms_status_total,2014,10685.793
khm,sex_t,age_aggregate_total,lms_status_total,2015,10878.423
khm,sex_t,age_aggregate_total,lms_status_total,2016,11035.083
khm,sex_t,age_aggregate_total,lms_status_total,2017,11196.112
khm,sex_t,age_aggregate_total,lms_status_total,2019,11514.682
khm,sex_t,age_aggregate_total,lms_status_total,2020,11241.273
khm,sex_t,age_aggregate_total,lms_status_total,2021,11845.765
khm,sex_t,age_aggregate_total,lms_status_total,2023,12229.571
khm,sex_t,age_aggregate_total,lms_status_une,1996,45.507
khm,sex_t,age_aggregate_total,lms_status_une,1997,26.602
khm,sex_t,age_aggregate_total,lms_status_une,1999,2.102
khm,sex_t,age_aggregate_total,lms_status_une,2000,146.299
khm,sex_t,age_aggregate_total,lms_status_une,2001,123.867
khm,sex_t,age_aggregate_total,lms_status_une,2003,60.763
khm,sex_t,age_aggregate_total,lms_status_une,2007,89.83
khm,sex_t,age_aggregate_total,lms_status_une,2008,58.719
khm,sex_t,age_aggregate_total,lms_status_une,2009,45.003
khm,sex_t,age_aggregate_total,lms_status_une,2010,61.782
khm,sex_t,age_aggregate_total,lms_status_une,2011,47.625
khm,sex_t,age_aggregate_total,lms_status_une,2012,93.228
khm,sex_t,age_aggregate_total,lms_status_une,2013,36.357
khm,sex_t,age_aggregate_total,lms_status_une,2014,59.347
khm,sex_t,age_aggregate_total,lms_status_une,2015,34.037
khm,sex_t,age_aggregate_total,lms_status_une,2016,64.602
khm,sex_t,age_aggregate_total,lms_status_une,2017,12.883
khm,sex_t,age_aggregate_total,lms_status_une,2019,43.659
khm,sex_t,age_aggregate_total,lms_status_une,2020,15.892
khm,sex_t,age_aggregate_total,lms_status_une,2021,37.312
khm,sex_t,age_aggregate_total,lms_status_une,2023,25.028
khm,sex_t,age_aggregate_y15_24,lms_status_eip,1996,555.812
khm,sex_t,age_aggregate_y15_24,lms_status_eip,1997,630.366
khm,sex_t,age_aggregate_y15_24,lms_status_eip,1999,683.631
khm,sex_t,age_aggregate_y15_24,lms_status_eip,2000,780.304
khm,sex_t,age_aggregate_y15_24,lms_status_eip,2001,621.371
khm,sex_t,age_aggregate_y15_24,lms_status_eip,2003,700.802
khm,sex_t,age_aggregate_y15_24,lms_status_eip,2007,659.437
khm,sex_t,age_aggregate_y15_24,lms_status_eip,2008,737.467
khm,sex_t,age_aggregate_y15_24,lms_status_eip,2009,729.668
khm,sex_t,age_aggregate_y15_24,lms_status_eip,2010,643.058
khm,sex_t,age_aggregate_y15_24,lms_status_eip,2011,647.395
khm,sex_t,age_aggregate_y15_24,lms_status_eip,2012,1309.436
khm,sex_t,age_aggregate_y15_24,lms_status_eip,2013,901.932
khm,sex_t,age_aggregate_y15_24,lms_status_eip,2014,939.812
khm,sex_t,age_aggregate_y15_24,lms_status_eip,2015,933.414
khm,sex_t,age_aggregate_y15_24,lms_status_eip,2016,912.233
khm,sex_t,age_aggregate_y15_24,lms_status_eip,2017,969.825
khm,sex_t,age_aggregate_y15_24,lms_status_eip,2019,1085.916
khm,sex_t,age_aggregate_y15_24,lms_status_eip,2020,798.351
khm,sex_t,age_aggregate_y15_24,lms_status_eip,2021,947.822
khm,sex_t,age_aggregate_y15_24,lms_status_eip,2023,1001.812
khm,sex_t,age_aggregate_y15_24,lms_status_emp,1996,1296.215
khm,sex_t,age_aggregate_y15_24,lms_status_emp,1997,1098.133
khm,sex_t,age_aggregate_y15_24,lms_status_emp,1999,1593.828
khm,sex_t,age_aggregate_y15_24,lms_status_emp,2000,1569.088
khm,sex_t,age_aggregate_y15_24,lms_status_emp,2001,2023.414
khm,sex_t,age_aggregate_y15_24,lms_status_emp,2003,2412.009
khm,sex_t,age_aggregate_y15_24,lms_status_emp,2007,2240.84
khm,sex_t,age_aggregate_y15_24,lms_status_emp,2008,2107.471
khm,sex_t,age_aggregate_y15_24,lms_status_emp,2009,2357.051
khm,sex_t,age_aggregate_y15_24,lms_status_emp,2010,2395.882
khm,sex_t,age_aggregate_y15_24,lms_status_emp,2011,2391.61
khm,sex_t,age_aggregate_y15_24,lms_status_emp,2012,2072.172
khm,sex_t,age_aggregate_y15_24,lms_status_emp,2013,2288.69
khm,sex_t,age_aggregate_y15_24,lms_status_emp,2014,2392.721
khm,sex_t,age_aggregate_y15_24,lms_status_emp,2015,2366.407
khm,sex_t,age_aggregate_y15_24,lms_status_emp,2016,2430.598
khm,sex_t,age_aggregate_y15_24,lms_status_emp,2017,2438.388
khm,sex_t,age_aggregate_y15_24,lms_status_emp,2019,1580.206
khm,sex_t,age_aggregate_y15_24,lms_status_emp,2020,1956.891
khm,sex_t,age_aggregate_y15_24,lms_status_emp,2021,1921.108
khm,sex_t,age_aggregate_y15_24,lms_status_emp,2023,1857.137
khm,sex_t,age_aggregate_y15_24,lms_status_total,1996,1870.478
khm,sex_t,age_aggregate_y15_24,lms_status_total,1997,1739.078
khm,sex_t,age_aggregate_y15_24,lms_status_total,1999,2277.952
khm,sex_t,age_aggregate_y15_24,lms_status_total,2000,2437.951
khm,sex_t,age_aggregate_y15_24,lms_status_total,2001,2720.134
khm,sex_t,age_aggregate_y15_24,lms_status_total,2003,3148.573
khm,sex_t,age_aggregate_y15_24,lms_status_total,2007,2947.671
khm,sex_t,age_aggregate_y15_24,lms_status_total,2008,2873.545
khm,sex_t,age_aggregate_y15_24,lms_status_total,2009,3105.793
khm,sex_t,age_aggregate_y15_24,lms_status_total,2010,3062.338
khm,sex_t,age_aggregate_y15_24,lms_status_total,2011,3053.414
khm,sex_t,age_aggregate_y15_24,lms_status_total,2012,3414.894
khm,sex_t,age_aggregate_y15_24,lms_status_total,2013,3208.021
khm,sex_t,age_aggregate_y15_24,lms_status_total,2014,3357.795
khm,sex_t,age_aggregate_y15_24,lms_status_total,2015,3317.244
khm,sex_t,age_aggregate_y15_24,lms_status_total,2016,3370.235
khm,sex_t,age_aggregate_y15_24,lms_status_total,2017,3417.586
khm,sex_t,age_aggregate_y15_24,lms_status_total,2019,2692.746
khm,sex_t,age_aggregate_y15_24,lms_status_total,2020,2764.601
khm,sex_t,age_aggregate_y15_24,lms_status_total,2021,2885.059
khm,sex_t,age_aggregate_y15_24,lms_status_total,2023,2872.737
khm,sex_t,age_aggregate_y15_24,lms_status_une,1996,18.452
khm,sex_t,age_aggregate_y15_24,lms_status_une,1997,10.58
khm,sex_t,age_aggregate_y15_24,lms_status_une,2000,88.559
khm,sex_t,age_aggregate_y15_24,lms_status_une,2001,75.349
khm,sex_t,age_aggregate_y15_24,lms_status_une,2003,35.762
khm,sex_t,age_aggregate_y15_24,lms_status_une,2007,47.394
khm,sex_t,age_aggregate_y15_24,lms_status_une,2008,28.607
khm,sex_t,age_aggregate_y15_24,lms_status_une,2009,19.074
khm,sex_t,age_aggregate_y15_24,lms_status_une,2010,23.398
khm,sex_t,age_aggregate_y15_24,lms_status_une,2011,14.408
khm,sex_t,age_aggregate_y15_24,lms_status_une,2012,33.286
khm,sex_t,age_aggregate_y15_24,lms_status_une,2013,17.399
khm,sex_t,age_aggregate_y15_24,lms_status_une,2014,25.262
khm,sex_t,age_aggregate_y15_24,lms_status_une,2015,17.423
khm,sex_t,age_aggregate_y15_24,lms_status_une,2016,27.404
khm,sex_t,age_aggregate_y15_24,lms_status_une,2017,9.373
khm,sex_t,age_aggregate_y15_24,lms_status_une,2019,26.623
khm,sex_t,age_aggregate_y15_24,lms_status_une,2020,9.359
khm,sex_t,age_aggregate_y15_24,lms_status_une,2021,16.129
khm,sex_t,age_aggregate_y15_24,lms_status_une,2023,13.787
khm,sex_t,age_aggregate_y25_54,lms_status_eip,1996,291.854
khm,sex_t,age_aggregate_y25_54,lms_status_eip,1997,445.087
khm,sex_t,age_aggregate_y25_54,lms_status_eip,1999,258.453
khm,sex_t,age_aggregate_y25_54,lms_status_eip,2000,289.124
khm,sex_t,age_aggregate_y25_54,lms_status_eip,2001,214.996
khm,sex_t,age_aggregate_y25_54,lms_status_eip,2003,508.177
khm,sex_t,age_aggregate_y25_54,lms_status_eip,2007,483.577
khm,sex_t,age_aggregate_y25_54,lms_status_eip,2008,550.407
khm,sex_t,age_aggregate_y25_54,lms_status_eip,2009,448.758
khm,sex_t,age_aggregate_y25_54,lms_status_eip,2010,335.671
khm,sex_t,age_aggregate_y25_54,lms_status_eip,2011,320.435
khm,sex_t,age_aggregate_y25_54,lms_status_eip,2012,1228.018
khm,sex_t,age_aggregate_y25_54,lms_status_eip,2013,502.108
khm,sex_t,age_aggregate_y25_54,lms_status_eip,2014,540.557
khm,sex_t,age_aggregate_y25_54,lms_status_eip,2015,560.066
khm,sex_t,age_aggregate_y25_54,lms_status_eip,2016,457.396
khm,sex_t,age_aggregate_y25_54,lms_status_eip,2017,453.959
khm,sex_t,age_aggregate_y25_54,lms_status_eip,2019,650.726
khm,sex_t,age_aggregate_y25_54,lms_status_eip,2020,466.561
khm,sex_t,age_aggregate_y25_54,lms_status_eip,2021,575.574
khm,sex_t,age_aggregate_y25_54,lms_status_eip,2023,522.021
khm,sex_t,age_aggregate_y25_54,lms_status_emp,1996,2943.852
khm,sex_t,age_aggregate_y25_54,lms_status_emp,1997,2603.396
khm,sex_t,age_aggregate_y25_54,lms_status_emp,1999,3259.514
khm,sex_t,age_aggregate_y25_54,lms_status_emp,2000,3079.836
khm,sex_t,age_aggregate_y25_54,lms_status_emp,2001,3301.164
khm,sex_t,age_aggregate_y25_54,lms_status_emp,2003,3602.28
khm,sex_t,age_aggregate_y25_54,lms_status_emp,2007,4042.828
khm,sex_t,age_aggregate_y25_54,lms_status_emp,2008,4125.435
khm,sex_t,age_aggregate_y25_54,lms_status_emp,2009,4497.006
khm,sex_t,age_aggregate_y25_54,lms_status_emp,2010,4657.863
khm,sex_t,age_aggregate_y25_54,lms_status_emp,2011,4844.214
khm,sex_t,age_aggregate_y25_54,lms_status_emp,2012,4390.99
khm,sex_t,age_aggregate_y25_54,lms_status_emp,2013,5009.167
khm,sex_t,age_aggregate_y25_54,lms_status_emp,2014,5186.646
khm,sex_t,age_aggregate_y25_54,lms_status_emp,2015,5290.313
khm,sex_t,age_aggregate_y25_54,lms_status_emp,2016,5457.905
khm,sex_t,age_aggregate_y25_54,lms_status_emp,2017,5576.961
khm,sex_t,age_aggregate_y25_54,lms_status_emp,2019,5753.686
khm,sex_t,age_aggregate_y25_54,lms_status_emp,2020,5918.662
khm,sex_t,age_aggregate_y25_54,lms_status_emp,2021,6112.556
khm,sex_t,age_aggregate_y25_54,lms_status_emp,2023,6389.585
khm,sex_t,age_aggregate_y25_54,lms_status_total,1996,3259.267
khm,sex_t,age_aggregate_y25_54,lms_status_total,1997,3062.653
khm,sex_t,age_aggregate_y25_54,lms_status_total,1999,3518.267
khm,sex_t,age_aggregate_y25_54,lms_status_total,2000,3425.283
khm,sex_t,age_aggregate_y25_54,lms_status_total,2001,3559.992
khm,sex_t,age_aggregate_y25_54,lms_status_total,2003,4133.148
khm,sex_t,age_aggregate_y25_54,lms_status_total,2007,4564.87
khm,sex_t,age_aggregate_y25_54,lms_status_total,2008,4702.272
khm,sex_t,age_aggregate_y25_54,lms_status_total,2009,4965.432
khm,sex_t,age_aggregate_y25_54,lms_status_total,2010,5026.948
khm,sex_t,age_aggregate_y25_54,lms_status_total,2011,5194.394
khm,sex_t,age_aggregate_y25_54,lms_status_total,2012,5674.894
khm,sex_t,age_aggregate_y25_54,lms_status_total,2013,5527.481
khm,sex_t,age_aggregate_y25_54,lms_status_total,2014,5752.473
khm,sex_t,age_aggregate_y25_54,lms_status_total,2015,5859.569
khm,sex_t,age_aggregate_y25_54,lms_status_total,2016,5943.492
khm,sex_t,age_aggregate_y25_54,lms_status_total,2017,6034.43
khm,sex_t,age_aggregate_y25_54,lms_status_total,2019,6420.249
khm,sex_t,age_aggregate_y25_54,lms_status_total,2020,6391.496
khm,sex_t,age_aggregate_y25_54,lms_status_total,2021,6706.887
khm,sex_t,age_aggregate_y25_54,lms_status_total,2023,6922.467
khm,sex_t,age_aggregate_y25_54,lms_status_une,1996,23.56
khm,sex_t,age_aggregate_y25_54,lms_status_une,1997,14.169
khm,sex_t,age_aggregate_y25_54,lms_status_une,2000,56.323
khm,sex_t,age_aggregate_y25_54,lms_status_une,2001,43.832
khm,sex_t,age_aggregate_y25_54,lms_status_une,2003,22.691
khm,sex_t,age_aggregate_y25_54,lms_status_une,2007,38.465
khm,sex_t,age_aggregate_y25_54,lms_status_une,2008,26.43
khm,sex_t,age_aggregate_y25_54,lms_status_une,2009,19.668
khm,sex_t,age_aggregate_y25_54,lms_status_une,2010,33.414
khm,sex_t,age_aggregate_y25_54,lms_status_une,2011,29.745
khm,sex_t,age_aggregate_y25_54,lms_status_une,2012,55.887
khm,sex_t,age_aggregate_y25_54,lms_status_une,2013,16.206
khm,sex_t,age_aggregate_y25_54,lms_status_une,2014,25.27
khm,sex_t,age_aggregate_y25_54,lms_status_une,2015,9.191
khm,sex_t,age_aggregate_y25_54,lms_status_une,2016,28.191
khm,sex_t,age_aggregate_y25_54,lms_status_une,2019,15.837
khm,sex_t,age_aggregate_y25_54,lms_status_une,2020,6.273
khm,sex_t,age_aggregate_y25_54,lms_status_une,2021,18.758
khm,sex_t,age_aggregate_y25_54,lms_status_une,2023,10.861
khm,sex_t,age_aggregate_y55_64,lms_status_eip,1996,115.606
khm,sex_t,age_aggregate_y55_64,lms_status_eip,1997,132.269
khm,sex_t,age_aggregate_y55_64,lms_status_eip,1999,116.383
khm,sex_t,age_aggregate_y55_64,lms_status_eip,2000,108.869
khm,sex_t,age_aggregate_y55_64,lms_status_eip,2001,100.558
khm,sex_t,age_aggregate_y55_64,lms_status_eip,2003,152.388
khm,sex_t,age_aggregate_y55_64,lms_status_eip,2007,168.087
khm,sex_t,age_aggregate_y55_64,lms_status_eip,2008,208.524
khm,sex_t,age_aggregate_y55_64,lms_status_eip,2009,174.933
khm,sex_t,age_aggregate_y55_64,lms_status_eip,2010,139.432
khm,sex_t,age_aggregate_y55_64,lms_status_eip,2011,131.84
khm,sex_t,age_aggregate_y55_64,lms_status_eip,2012,381.723
khm,sex_t,age_aggregate_y55_64,lms_status_eip,2013,213.575
khm,sex_t,age_aggregate_y55_64,lms_status_eip,2014,220.83
khm,sex_t,age_aggregate_y55_64,lms_status_eip,2015,234.958
khm,sex_t,age_aggregate_y55_64,lms_status_eip,2016,227.572
khm,sex_t,age_aggregate_y55_64,lms_status_eip,2017,212.933
khm,sex_t,age_aggregate_y55_64,lms_status_eip,2019,356.509
khm,sex_t,age_aggregate_y55_64,lms_status_eip,2020,230.105
khm,sex_t,age_aggregate_y55_64,lms_status_eip,2021,297.684
khm,sex_t,age_aggregate_y55_64,lms_status_eip,2023,274.278
khm,sex_t,age_aggregate_y55_64,lms_status_emp,1996,325.779
khm,sex_t,age_aggregate_y55_64,lms_status_emp,1997,326.575
khm,sex_t,age_aggregate_y55_64,lms_status_emp,1999,411.984
khm,sex_t,age_aggregate_y55_64,lms_status_emp,2000,370.306
khm,sex_t,age_aggregate_y55_64,lms_status_emp,2001,419.719
khm,sex_t,age_aggregate_y55_64,lms_status_emp,2003,405.797
khm,sex_t,age_aggregate_y55_64,lms_status_emp,2007,548.419
khm,sex_t,age_aggregate_y55_64,lms_status_emp,2008,589.821
khm,sex_t,age_aggregate_y55_64,lms_status_emp,2009,615.302
khm,sex_t,age_aggregate_y55_64,lms_status_emp,2010,621.201
khm,sex_t,age_aggregate_y55_64,lms_status_emp,2011,655.404
khm,sex_t,age_aggregate_y55_64,lms_status_emp,2012,533.932
khm,sex_t,age_aggregate_y55_64,lms_status_emp,2013,652.646
khm,sex_t,age_aggregate_y55_64,lms_status_emp,2014,665.305
khm,sex_t,age_aggregate_y55_64,lms_status_emp,2015,695.615
khm,sex_t,age_aggregate_y55_64,lms_status_emp,2016,719.436
khm,sex_t,age_aggregate_y55_64,lms_status_emp,2017,751.094
khm,sex_t,age_aggregate_y55_64,lms_status_emp,2019,979.044
khm,sex_t,age_aggregate_y55_64,lms_status_emp,2020,929.409
khm,sex_t,age_aggregate_y55_64,lms_status_emp,2021,933.126
khm,sex_t,age_aggregate_y55_64,lms_status_emp,2023,1050.466
khm,sex_t,age_aggregate_y55_64,lms_status_total,1996,444.15
khm,sex_t,age_aggregate_y55_64,lms_status_total,1997,460.351
khm,sex_t,age_aggregate_y55_64,lms_status_total,1999,529.677
khm,sex_t,age_aggregate_y55_64,lms_status_total,2000,480.493
khm,sex_t,age_aggregate_y55_64,lms_status_total,2001,523.603
khm,sex_t,age_aggregate_y55_64,lms_status_total,2003,560.292
khm,sex_t,age_aggregate_y55_64,lms_status_total,2007,719.768
khm,sex_t,age_aggregate_y55_64,lms_status_total,2008,802.027
khm,sex_t,age_aggregate_y55_64,lms_status_total,2009,793.282
khm,sex_t,age_aggregate_y55_64,lms_status_total,2010,762.946
khm,sex_t,age_aggregate_y55_64,lms_status_total,2011,789.787
khm,sex_t,age_aggregate_y55_64,lms_status_total,2012,917.869
khm,sex_t,age_aggregate_y55_64,lms_status_total,2013,868.973
khm,sex_t,age_aggregate_y55_64,lms_status_total,2014,890.964
khm,sex_t,age_aggregate_y55_64,lms_status_total,2015,936.532
khm,sex_t,age_aggregate_y55_64,lms_status_total,2016,951.613
khm,sex_t,age_aggregate_y55_64,lms_status_total,2017,964.026
khm,sex_t,age_aggregate_y55_64,lms_status_total,2019,1336.427
khm,sex_t,age_aggregate_y55_64,lms_status_total,2020,1159.774
khm,sex_t,age_aggregate_y55_64,lms_status_total,2021,1233.236
khm,sex_t,age_aggregate_y55_64,lms_status_total,2023,1325.123
khm,sex_t,age_aggregate_y55_64,lms_status_une,1996,2.765
khm,sex_t,age_aggregate_y55_64,lms_status_une,1997,1.508
khm,sex_t,age_aggregate_y55_64,lms_status_une,2000,1.318
khm,sex_t,age_aggregate_y55_64,lms_status_une,2001,3.325
khm,sex_t,age_aggregate_y55_64,lms_status_une,2003,2.106
khm,sex_t,age_aggregate_y55_64,lms_status_une,2008,3.682
khm,sex_t,age_aggregate_y55_64,lms_status_une,2009,3.046
khm,sex_t,age_aggregate_y55_64,lms_status_une,2012,2.214
khm,sex_t,age_aggregate_y55_64,lms_status_une,2014,4.829
khm,sex_t,age_aggregate_y55_64,lms_status_une,2015,5.959
khm,sex_t,age_aggregate_y55_64,lms_status_une,2021,2.426
khm,sex_t,age_aggregate_yge65,lms_status_eip,1996,240.738
khm,sex_t,age_aggregate_yge65,lms_status_eip,1997,252.346
khm,sex_t,age_aggregate_yge65,lms_status_eip,1999,262.075
khm,sex_t,age_aggregate_yge65,lms_status_eip,2000,263.115
khm,sex_t,age_aggregate_yge65,lms_status_eip,2001,250.295
khm,sex_t,age_aggregate_yge65,lms_status_eip,2003,265.806
khm,sex_t,age_aggregate_yge65,lms_status_eip,2007,340.54
khm,sex_t,age_aggregate_yge65,lms_status_eip,2008,403.753
khm,sex_t,age_aggregate_yge65,lms_status_eip,2009,352.042
khm,sex_t,age_aggregate_yge65,lms_status_eip,2010,324.333
khm,sex_t,age_aggregate_yge65,lms_status_eip,2011,306.011
khm,sex_t,age_aggregate_yge65,lms_status_eip,2012,540.126
khm,sex_t,age_aggregate_yge65,lms_status_eip,2013,431.549
khm,sex_t,age_aggregate_yge65,lms_status_eip,2014,404.69
khm,sex_t,age_aggregate_yge65,lms_status_eip,2015,490.434
khm,sex_t,age_aggregate_yge65,lms_status_eip,2016,418.389
khm,sex_t,age_aggregate_yge65,lms_status_eip,2017,444.727
khm,sex_t,age_aggregate_yge65,lms_status_eip,2019,665.968
khm,sex_t,age_aggregate_yge65,lms_status_eip,2020,501.655
khm,sex_t,age_aggregate_yge65,lms_status_eip,2021,606.087
khm,sex_t,age_aggregate_yge65,lms_status_eip,2023,650.143
khm,sex_t,age_aggregate_yge65,lms_status_emp,1996,113.256
khm,sex_t,age_aggregate_yge65,lms_status_emp,1997,116.339
khm,sex_t,age_aggregate_yge65,lms_status_emp,1999,160.554
khm,sex_t,age_aggregate_yge65,lms_status_emp,2000,127.003
khm,sex_t,age_aggregate_yge65,lms_status_emp,2001,158.864
khm,sex_t,age_aggregate_yge65,lms_status_emp,2003,202.135
khm,sex_t,age_aggregate_yge65,lms_status_emp,2007,224
khm,sex_t,age_aggregate_yge65,lms_status_emp,2008,240.58
khm,sex_t,age_aggregate_yge65,lms_status_emp,2009,263.103
khm,sex_t,age_aggregate_yge65,lms_status_emp,2010,280.401
khm,sex_t,age_aggregate_yge65,lms_status_emp,2011,309.009
khm,sex_t,age_aggregate_yge65,lms_status_emp,2012,200.322
khm,sex_t,age_aggregate_yge65,lms_status_emp,2013,323.135
khm,sex_t,age_aggregate_yge65,lms_status_emp,2014,275.886
khm,sex_t,age_aggregate_yge65,lms_status_emp,2015,273.18
khm,sex_t,age_aggregate_yge65,lms_status_emp,2016,346.951
khm,sex_t,age_aggregate_yge65,lms_status_emp,2017,335.343
khm,sex_t,age_aggregate_yge65,lms_status_emp,2019,398.968
khm,sex_t,age_aggregate_yge65,lms_status_emp,2020,423.747
khm,sex_t,age_aggregate_yge65,lms_status_emp,2021,414.496
khm,sex_t,age_aggregate_yge65,lms_status_emp,2023,459.102
khm,sex_t,age_aggregate_yge65,lms_status_total,1996,354.724
khm,sex_t,age_aggregate_yge65,lms_status_total,1997,369.03
khm,sex_t,age_aggregate_yge65,lms_status_total,1999,422.629
khm,sex_t,age_aggregate_yge65,lms_status_total,2000,390.216
khm,sex_t,age_aggregate_yge65,lms_status_total,2001,410.52
khm,sex_t,age_aggregate_yge65,lms_status_total,2003,468.145
khm,sex_t,age_aggregate_yge65,lms_status_total,2007,565.248
khm,sex_t,age_aggregate_yge65,lms_status_total,2008,644.333
khm,sex_t,age_aggregate_yge65,lms_status_total,2009,618.361
khm,sex_t,age_aggregate_yge65,lms_status_total,2010,607.391
khm,sex_t,age_aggregate_yge65,lms_status_total,2011,615.948
khm,sex_t,age_aggregate_yge65,lms_status_total,2012,742.29
khm,sex_t,age_aggregate_yge65,lms_status_total,2013,754.684
khm,sex_t,age_aggregate_yge65,lms_status_total,2014,684.562
khm,sex_t,age_aggregate_yge65,lms_status_total,2015,765.078
khm,sex_t,age_aggregate_yge65,lms_status_total,2016,769.742
khm,sex_t,age_aggregate_yge65,lms_status_total,2017,780.07
khm,sex_t,age_aggregate_yge65,lms_status_total,2019,1065.261
khm,sex_t,age_aggregate_yge65,lms_status_total,2020,925.402
khm,sex_t,age_aggregate_yge65,lms_status_total,2021,1020.583
khm,sex_t,age_aggregate_yge65,lms_status_total,2023,1109.245
khm,sex_t,age_aggregate_yge65,lms_status_une,1996,0.73
khm,sex_t,age_aggregate_yge65,lms_status_une,2009,3.215
khm,sex_t,age_aggregate_yge65,lms_status_une,2014,3.986
khm,sex_t,age_aggregate_yge65,lms_status_une,2016,4.402
khm,sex_t,age_ythadult_y15_24,lms_status_eip,1996,555.812
khm,sex_t,age_ythadult_y15_24,lms_status_eip,1997,630.366
khm,sex_t,age_ythadult_y15_24,lms_status_eip,1999,683.631
khm,sex_t,age_ythadult_y15_24,lms_status_eip,2000,780.304
khm,sex_t,age_ythadult_y15_24,lms_status_eip,2001,621.371
khm,sex_t,age_ythadult_y15_24,lms_status_eip,2003,700.802
khm,sex_t,age_ythadult_y15_24,lms_status_eip,2007,659.437
khm,sex_t,age_ythadult_y15_24,lms_status_eip,2008,737.467
khm,sex_t,age_ythadult_y15_24,lms_status_eip,2009,729.668
khm,sex_t,age_ythadult_y15_24,lms_status_eip,2010,643.058
khm,sex_t,age_ythadult_y15_24,lms_status_eip,2011,647.395
khm,sex_t,age_ythadult_y15_24,lms_status_eip,2012,1309.436
khm,sex_t,age_ythadult_y15_24,lms_status_eip,2013,901.932
khm,sex_t,age_ythadult_y15_24,lms_status_eip,2014,939.812
khm,sex_t,age_ythadult_y15_24,lms_status_eip,2015,933.414
khm,sex_t,age_ythadult_y15_24,lms_status_eip,2016,912.233
khm,sex_t,age_ythadult_y15_24,lms_status_eip,2017,969.825
khm,sex_t,age_ythadult_y15_24,lms_status_eip,2019,1085.916
khm,sex_t,age_ythadult_y15_24,lms_status_eip,2020,798.351
khm,sex_t,age_ythadult_y15_24,lms_status_eip,2021,947.822
khm,sex_t,age_ythadult_y15_24,lms_status_eip,2023,1001.812
khm,sex_t,age_ythadult_y15_24,lms_status_emp,1996,1296.215
khm,sex_t,age_ythadult_y15_24,lms_status_emp,1997,1098.133
khm,sex_t,age_ythadult_y15_24,lms_status_emp,1999,1593.828
khm,sex_t,age_ythadult_y15_24,lms_status_emp,2000,1569.088
khm,sex_t,age_ythadult_y15_24,lms_status_emp,2001,2023.414
khm,sex_t,age_ythadult_y15_24,lms_status_emp,2003,2412.009
khm,sex_t,age_ythadult_y15_24,lms_status_emp,2007,2240.84
khm,sex_t,age_ythadult_y15_24,lms_status_emp,2008,2107.471
khm,sex_t,age_ythadult_y15_24,lms_status_emp,2009,2357.051
khm,sex_t,age_ythadult_y15_24,lms_status_emp,2010,2395.882
khm,sex_t,age_ythadult_y15_24,lms_status_emp,2011,2391.61
khm,sex_t,age_ythadult_y15_24,lms_status_emp,2012,2072.172
khm,sex_t,age_ythadult_y15_24,lms_status_emp,2013,2288.69
khm,sex_t,age_ythadult_y15_24,lms_status_emp,2014,2392.721
khm,sex_t,age_ythadult_y15_24,lms_status_emp,2015,2366.407
khm,sex_t,age_ythadult_y15_24,lms_status_emp,2016,2430.598
khm,sex_t,age_ythadult_y15_24,lms_status_emp,2017,2438.388
khm,sex_t,age_ythadult_y15_24,lms_status_emp,2019,1580.206
khm,sex_t,age_ythadult_y15_24,lms_status_emp,2020,1956.891
khm,sex_t,age_ythadult_y15_24,lms_status_emp,2021,1921.108
khm,sex_t,age_ythadult_y15_24,lms_status_emp,2023,1857.137
khm,sex_t,age_ythadult_y15_24,lms_status_total,1996,1870.478
khm,sex_t,age_ythadult_y15_24,lms_status_total,1997,1739.078
khm,sex_t,age_ythadult_y15_24,lms_status_total,1999,2277.952
khm,sex_t,age_ythadult_y15_24,lms_status_total,2000,2437.951
khm,sex_t,age_ythadult_y15_24,lms_status_total,2001,2720.134
khm,sex_t,age_ythadult_y15_24,lms_status_total,2003,3148.573
khm,sex_t,age_ythadult_y15_24,lms_status_total,2007,2947.671
khm,sex_t,age_ythadult_y15_24,lms_status_total,2008,2873.545
khm,sex_t,age_ythadult_y15_24,lms_status_total,2009,3105.793
khm,sex_t,age_ythadult_y15_24,lms_status_total,2010,3062.338
khm,sex_t,age_ythadult_y15_24,lms_status_total,2011,3053.414
khm,sex_t,age_ythadult_y15_24,lms_status_total,2012,3414.894
khm,sex_t,age_ythadult_y15_24,lms_status_total,2013,3208.021
khm,sex_t,age_ythadult_y15_24,lms_status_total,2014,3357.795
khm,sex_t,age_ythadult_y15_24,lms_status_total,2015,3317.244
khm,sex_t,age_ythadult_y15_24,lms_status_total,2016,3370.235
khm,sex_t,age_ythadult_y15_24,lms_status_total,2017,3417.586
khm,sex_t,age_ythadult_y15_24,lms_status_total,2019,2692.746
khm,sex_t,age_ythadult_y15_24,lms_status_total,2020,2764.601
khm,sex_t,age_ythadult_y15_24,lms_status_total,2021,2885.059
khm,sex_t,age_ythadult_y15_24,lms_status_total,2023,2872.737
khm,sex_t,age_ythadult_y15_24,lms_status_une,1996,18.452
khm,sex_t,age_ythadult_y15_24,lms_status_une,1997,10.58
khm,sex_t,age_ythadult_y15_24,lms_status_une,2000,88.559
khm,sex_t,age_ythadult_y15_24,lms_status_une,2001,75.349
khm,sex_t,age_ythadult_y15_24,lms_status_une,2003,35.762
khm,sex_t,age_ythadult_y15_24,lms_status_une,2007,47.394
khm,sex_t,age_ythadult_y15_24,lms_status_une,2008,28.607
khm,sex_t,age_ythadult_y15_24,lms_status_une,2009,19.074
khm,sex_t,age_ythadult_y15_24,lms_status_une,2010,23.398
khm,sex_t,age_ythadult_y15_24,lms_status_une,2011,14.408
khm,sex_t,age_ythadult_y15_24,lms_status_une,2012,33.286
khm,sex_t,age_ythadult_y15_24,lms_status_une,2013,17.399
khm,sex_t,age_ythadult_y15_24,lms_status_une,2014,25.262
khm,sex_t,age_ythadult_y15_24,lms_status_une,2015,17.423
khm,sex_t,age_ythadult_y15_24,lms_status_une,2016,27.404
khm,sex_t,age_ythadult_y15_24,lms_status_une,2017,9.373
khm,sex_t,age_ythadult_y15_24,lms_status_une,2019,26.623
khm,sex_t,age_ythadult_y15_24,lms_status_une,2020,9.359
khm,sex_t,age_ythadult_y15_24,lms_status_une,2021,16.129
khm,sex_t,age_ythadult_y15_24,lms_status_une,2023,13.787
khm,sex_t,age_ythadult_y15_64,lms_status_eip,1996,963.271
khm,sex_t,age_ythadult_y15_64,lms_status_eip,1997,1207.722
khm,sex_t,age_ythadult_y15_64,lms_status_eip,1999,1058.467
khm,sex_t,age_ythadult_y15_64,lms_status_eip,2000,1178.296
khm,sex_t,age_ythadult_y15_64,lms_status_eip,2001,936.925
khm,sex_t,age_ythadult_y15_64,lms_status_eip,2003,1361.368
khm,sex_t,age_ythadult_y15_64,lms_status_eip,2007,1311.1
khm,sex_t,age_ythadult_y15_64,lms_status_eip,2008,1496.398
khm,sex_t,age_ythadult_y15_64,lms_status_eip,2009,1353.36
khm,sex_t,age_ythadult_y15_64,lms_status_eip,2010,1118.161
khm,sex_t,age_ythadult_y15_64,lms_status_eip,2011,1099.67
khm,sex_t,age_ythadult_y15_64,lms_status_eip,2012,2919.177
khm,sex_t,age_ythadult_y15_64,lms_status_eip,2013,1617.615
khm,sex_t,age_ythadult_y15_64,lms_status_eip,2014,1701.198
khm,sex_t,age_ythadult_y15_64,lms_status_eip,2015,1728.437
khm,sex_t,age_ythadult_y15_64,lms_status_eip,2016,1597.201
khm,sex_t,age_ythadult_y15_64,lms_status_eip,2017,1636.716
khm,sex_t,age_ythadult_y15_64,lms_status_eip,2019,2093.151
khm,sex_t,age_ythadult_y15_64,lms_status_eip,2020,1495.017
khm,sex_t,age_ythadult_y15_64,lms_status_eip,2021,1821.081
khm,sex_t,age_ythadult_y15_64,lms_status_eip,2023,1798.112
khm,sex_t,age_ythadult_y15_64,lms_status_emp,1996,4565.846
khm,sex_t,age_ythadult_y15_64,lms_status_emp,1997,4028.103
khm,sex_t,age_ythadult_y15_64,lms_status_emp,1999,5265.326
khm,sex_t,age_ythadult_y15_64,lms_status_emp,2000,5019.23
khm,sex_t,age_ythadult_y15_64,lms_status_emp,2001,5744.297
khm,sex_t,age_ythadult_y15_64,lms_status_emp,2003,6420.087
khm,sex_t,age_ythadult_y15_64,lms_status_emp,2007,6832.087
khm,sex_t,age_ythadult_y15_64,lms_status_emp,2008,6822.727
khm,sex_t,age_ythadult_y15_64,lms_status_emp,2009,7469.36
khm,sex_t,age_ythadult_y15_64,lms_status_emp,2010,7674.946
khm,sex_t,age_ythadult_y15_64,lms_status_emp,2011,7891.228
khm,sex_t,age_ythadult_y15_64,lms_status_emp,2012,6997.094
khm,sex_t,age_ythadult_y15_64,lms_status_emp,2013,7950.503
khm,sex_t,age_ythadult_y15_64,lms_status_emp,2014,8244.672
khm,sex_t,age_ythadult_y15_64,lms_status_emp,2015,8352.335
khm,sex_t,age_ythadult_y15_64,lms_status_emp,2016,8607.939
khm,sex_t,age_ythadult_y15_64,lms_status_emp,2017,8766.443
khm,sex_t,age_ythadult_y15_64,lms_status_emp,2019,8312.936
khm,sex_t,age_ythadult_y15_64,lms_status_emp,2020,8804.963
khm,sex_t,age_ythadult_y15_64,lms_status_emp,2021,8966.789
khm,sex_t,age_ythadult_y15_64,lms_status_emp,2023,9297.187
khm,sex_t,age_ythadult_y15_64,lms_status_total,1996,5573.895
khm,sex_t,age_ythadult_y15_64,lms_status_total,1997,5262.082
khm,sex_t,age_ythadult_y15_64,lms_status_total,1999,6325.896
khm,sex_t,age_ythadult_y15_64,lms_status_total,2000,6343.727
khm,sex_t,age_ythadult_y15_64,lms_status_total,2001,6803.729
khm,sex_t,age_ythadult_y15_64,lms_status_total,2003,7842.013
khm,sex_t,age_ythadult_y15_64,lms_status_total,2007,8232.309
khm,sex_t,age_ythadult_y15_64,lms_status_total,2008,8377.844
khm,sex_t,age_ythadult_y15_64,lms_status_total,2009,8864.508
khm,sex_t,age_ythadult_y15_64,lms_status_total,2010,8852.232
khm,sex_t,age_ythadult_y15_64,lms_status_total,2011,9037.595
khm,sex_t,age_ythadult_y15_64,lms_status_total,2012,10007.657
khm,sex_t,age_ythadult_y15_64,lms_status_total,2013,9604.475
khm,sex_t,age_ythadult_y15_64,lms_status_total,2014,10001.232
khm,sex_t,age_ythadult_y15_64,lms_status_total,2015,10113.345
khm,sex_t,age_ythadult_y15_64,lms_status_total,2016,10265.34
khm,sex_t,age_ythadult_y15_64,lms_status_total,2017,10416.042
khm,sex_t,age_ythadult_y15_64,lms_status_total,2019,10449.422
khm,sex_t,age_ythadult_y15_64,lms_status_total,2020,10315.871
khm,sex_t,age_ythadult_y15_64,lms_status_total,2021,10825.182
khm,sex_t,age_ythadult_y15_64,lms_status_total,2023,11120.327
khm,sex_t,age_ythadult_y15_64,lms_status_une,1996,44.778
khm,sex_t,age_ythadult_y15_64,lms_status_une,1997,26.257
khm,sex_t,age_ythadult_y15_64,lms_status_une,1999,2.102
khm,sex_t,age_ythadult_y15_64,lms_status_une,2000,146.201
khm,sex_t,age_ythadult_y15_64,lms_status_une,2001,122.507
khm,sex_t,age_ythadult_y15_64,lms_status_une,2003,60.559
khm,sex_t,age_ythadult_y15_64,lms_status_une,2007,89.122
khm,sex_t,age_ythadult_y15_64,lms_status_une,2008,58.719
khm,sex_t,age_ythadult_y15_64,lms_status_une,2009,41.788
khm,sex_t,age_ythadult_y15_64,lms_status_une,2010,59.124
khm,sex_t,age_ythadult_y15_64,lms_status_une,2011,46.697
khm,sex_t,age_ythadult_y15_64,lms_status_une,2012,91.386
khm,sex_t,age_ythadult_y15_64,lms_status_une,2013,36.357
khm,sex_t,age_ythadult_y15_64,lms_status_une,2014,55.361
khm,sex_t,age_ythadult_y15_64,lms_status_une,2015,32.573
khm,sex_t,age_ythadult_y15_64,lms_status_une,2016,60.2
khm,sex_t,age_ythadult_y15_64,lms_status_une,2019,43.334
khm,sex_t,age_ythadult_y15_64,lms_status_une,2020,15.892
khm,sex_t,age_ythadult_y15_64,lms_status_une,2021,37.312
khm,sex_t,age_ythadult_y15_64,lms_status_une,2023,25.028
khm,sex_t,age_ythadult_yge15,lms_status_eip,1996,1204.01
khm,sex_t,age_ythadult_yge15,lms_status_eip,1997,1460.067
khm,sex_t,age_ythadult_yge15,lms_status_eip,1999,1320.542
khm,sex_t,age_ythadult_yge15,lms_status_eip,2000,1441.411
khm,sex_t,age_ythadult_yge15,lms_status_eip,2001,1187.22
khm,sex_t,age_ythadult_yge15,lms_status_eip,2003,1627.173
khm,sex_t,age_ythadult_yge15,lms_status_eip,2007,1651.64
khm,sex_t,age_ythadult_yge15,lms_status_eip,2008,1900.151
khm,sex_t,age_ythadult_yge15,lms_status_eip,2009,1705.402
khm,sex_t,age_ythadult_yge15,lms_status_eip,2010,1442.494
khm,sex_t,age_ythadult_yge15,lms_status_eip,2011,1405.681
khm,sex_t,age_ythadult_yge15,lms_status_eip,2012,3459.303
khm,sex_t,age_ythadult_yge15,lms_status_eip,2013,2049.164
khm,sex_t,age_ythadult_yge15,lms_status_eip,2014,2105.888
khm,sex_t,age_ythadult_yge15,lms_status_eip,2015,2218.871
khm,sex_t,age_ythadult_yge15,lms_status_eip,2016,2015.59
khm,sex_t,age_ythadult_yge15,lms_status_eip,2017,2081.443
khm,sex_t,age_ythadult_yge15,lms_status_eip,2019,2759.119
khm,sex_t,age_ythadult_yge15,lms_status_eip,2020,1996.672
khm,sex_t,age_ythadult_yge15,lms_status_eip,2021,2427.168
khm,sex_t,age_ythadult_yge15,lms_status_eip,2023,2448.255
khm,sex_t,age_ythadult_yge15,lms_status_emp,1996,4679.102
khm,sex_t,age_ythadult_yge15,lms_status_emp,1997,4144.442
khm,sex_t,age_ythadult_yge15,lms_status_emp,1999,5425.88
khm,sex_t,age_ythadult_yge15,lms_status_emp,2000,5146.233
khm,sex_t,age_ythadult_yge15,lms_status_emp,2001,5903.162
khm,sex_t,age_ythadult_yge15,lms_status_emp,2003,6622.222
khm,sex_t,age_ythadult_yge15,lms_status_emp,2007,7056.086
khm,sex_t,age_ythadult_yge15,lms_status_emp,2008,7063.307
khm,sex_t,age_ythadult_yge15,lms_status_emp,2009,7732.463
khm,sex_t,age_ythadult_yge15,lms_status_emp,2010,7955.347
khm,sex_t,age_ythadult_yge15,lms_status_emp,2011,8200.236
khm,sex_t,age_ythadult_yge15,lms_status_emp,2012,7197.416
khm,sex_t,age_ythadult_yge15,lms_status_emp,2013,8273.638
khm,sex_t,age_ythadult_yge15,lms_status_emp,2014,8520.559
khm,sex_t,age_ythadult_yge15,lms_status_emp,2015,8625.515
khm,sex_t,age_ythadult_yge15,lms_status_emp,2016,8954.89
khm,sex_t,age_ythadult_yge15,lms_status_emp,2017,9101.786
khm,sex_t,age_ythadult_yge15,lms_status_emp,2019,8711.905
khm,sex_t,age_ythadult_yge15,lms_status_emp,2020,9228.709
khm,sex_t,age_ythadult_yge15,lms_status_emp,2021,9381.285
khm,sex_t,age_ythadult_yge15,lms_status_emp,2023,9756.289
khm,sex_t,age_ythadult_yge15,lms_status_total,1996,5928.618
khm,sex_t,age_ythadult_yge15,lms_status_total,1997,5631.112
khm,sex_t,age_ythadult_yge15,lms_status_total,1999,6748.525
khm,sex_t,age_ythadult_yge15,lms_status_total,2000,6733.943
khm,sex_t,age_ythadult_yge15,lms_status_total,2001,7214.249
khm,sex_t,age_ythadult_yge15,lms_status_total,2003,8310.159
khm,sex_t,age_ythadult_yge15,lms_status_total,2007,8797.557
khm,sex_t,age_ythadult_yge15,lms_status_total,2008,9022.177
khm,sex_t,age_ythadult_yge15,lms_status_total,2009,9482.868
khm,sex_t,age_ythadult_yge15,lms_status_total,2010,9459.622
khm,sex_t,age_ythadult_yge15,lms_status_total,2011,9653.542
khm,sex_t,age_ythadult_yge15,lms_status_total,2012,10749.946
khm,sex_t,age_ythadult_yge15,lms_status_total,2013,10359.159
khm,sex_t,age_ythadult_yge15,lms_status_total,2014,10685.793
khm,sex_t,age_ythadult_yge15,lms_status_total,2015,10878.423
khm,sex_t,age_ythadult_yge15,lms_status_total,2016,11035.083
khm,sex_t,age_ythadult_yge15,lms_status_total,2017,11196.112
khm,sex_t,age_ythadult_yge15,lms_status_total,2019,11514.682
khm,sex_t,age_ythadult_yge15,lms_status_total,2020,11241.273
khm,sex_t,age_ythadult_yge15,lms_status_total,2021,11845.765
khm,sex_t,age_ythadult_yge15,lms_status_total,2023,12229.571
khm,sex_t,age_ythadult_yge15,lms_status_une,1996,45.507
khm,sex_t,age_ythadult_yge15,lms_status_une,1997,26.602
khm,sex_t,age_ythadult_yge15,lms_status_une,1999,2.102
khm,sex_t,age_ythadult_yge15,lms_status_une,2000,146.299
khm,sex_t,age_ythadult_yge15,lms_status_une,2001,123.867
khm,sex_t,age_ythadult_yge15,lms_status_une,2003,60.763
khm,sex_t,age_ythadult_yge15,lms_status_une,2007,89.83
khm,sex_t,age_ythadult_yge15,lms_status_une,2008,58.719
khm,sex_t,age_ythadult_yge15,lms_status_une,2009,45.003
khm,sex_t,age_ythadult_yge15,lms_status_une,2010,61.782
khm,sex_t,age_ythadult_yge15,lms_status_une,2011,47.625
khm,sex_t,age_ythadult_yge15,lms_status_une,2012,93.228
khm,sex_t,age_ythadult_yge15,lms_status_une,2013,36.357
khm,sex_t,age_ythadult_yge15,lms_status_une,2014,59.347
khm,sex_t,age_ythadult_yge15,lms_status_une,2015,34.037
khm,sex_t,age_ythadult_yge15,lms_status_une,2016,64.602
khm,sex_t,age_ythadult_yge15,lms_status_une,2017,12.883
khm,sex_t,age_ythadult_yge15,lms_status_une,2019,43.659
khm,sex_t,age_ythadult_yge15,lms_status_une,2020,15.892
khm,sex_t,age_ythadult_yge15,lms_status_une,2021,37.312
khm,sex_t,age_ythadult_yge15,lms_status_une,2023,25.028
khm,sex_t,age_ythadult_yge25,lms_status_eip,1996,648.198
khm,sex_t,age_ythadult_yge25,lms_status_eip,1997,829.702
khm,sex_t,age_ythadult_yge25,lms_status_eip,1999,636.911
khm,sex_t,age_ythadult_yge25,lms_status_eip,2000,661.108
khm,sex_t,age_ythadult_yge25,lms_status_eip,2001,565.849
khm,sex_t,age_ythadult_yge25,lms_status_eip,2003,926.372
khm,sex_t,age_ythadult_yge25,lms_status_eip,2007,992.204
khm,sex_t,age_ythadult_yge25,lms_status_eip,2008,1162.684
khm,sex_t,age_ythadult_yge25,lms_status_eip,2009,975.734
khm,sex_t,age_ythadult_yge25,lms_status_eip,2010,799.436
khm,sex_t,age_ythadult_yge25,lms_status_eip,2011,758.286
khm,sex_t,age_ythadult_yge25,lms_status_eip,2012,2149.867
khm,sex_t,age_ythadult_yge25,lms_status_eip,2013,1147.232
khm,sex_t,age_ythadult_yge25,lms_status_eip,2014,1166.076
khm,sex_t,age_ythadult_yge25,lms_status_eip,2015,1285.458
khm,sex_t,age_ythadult_yge25,lms_status_eip,2016,1103.357
khm,sex_t,age_ythadult_yge25,lms_status_eip,2017,1111.619
khm,sex_t,age_ythadult_yge25,lms_status_eip,2019,1673.203
khm,sex_t,age_ythadult_yge25,lms_status_eip,2020,1198.321
khm,sex_t,age_ythadult_yge25,lms_status_eip,2021,1479.345
khm,sex_t,age_ythadult_yge25,lms_status_eip,2023,1446.442
khm,sex_t,age_ythadult_yge25,lms_status_emp,1996,3382.887
khm,sex_t,age_ythadult_yge25,lms_status_emp,1997,3046.31
khm,sex_t,age_ythadult_yge25,lms_status_emp,1999,3832.052
khm,sex_t,age_ythadult_yge25,lms_status_emp,2000,3577.145
khm,sex_t,age_ythadult_yge25,lms_status_emp,2001,3879.748
khm,sex_t,age_ythadult_yge25,lms_status_emp,2003,4210.213
khm,sex_t,age_ythadult_yge25,lms_status_emp,2007,4815.247
khm,sex_t,age_ythadult_yge25,lms_status_emp,2008,4955.836
khm,sex_t,age_ythadult_yge25,lms_status_emp,2009,5375.412
khm,sex_t,age_ythadult_yge25,lms_status_emp,2010,5559.465
khm,sex_t,age_ythadult_yge25,lms_status_emp,2011,5808.626
khm,sex_t,age_ythadult_yge25,lms_status_emp,2012,5125.244
khm,sex_t,age_ythadult_yge25,lms_status_emp,2013,5984.948
khm,sex_t,age_ythadult_yge25,lms_status_emp,2014,6127.837
khm,sex_t,age_ythadult_yge25,lms_status_emp,2015,6259.107
khm,sex_t,age_ythadult_yge25,lms_status_emp,2016,6524.292
khm,sex_t,age_ythadult_yge25,lms_status_emp,2017,6663.398
khm,sex_t,age_ythadult_yge25,lms_status_emp,2019,7131.698
khm,sex_t,age_ythadult_yge25,lms_status_emp,2020,7271.818
khm,sex_t,age_ythadult_yge25,lms_status_emp,2021,7460.177
khm,sex_t,age_ythadult_yge25,lms_status_emp,2023,7899.152
khm,sex_t,age_ythadult_yge25,lms_status_total,1996,4058.14
khm,sex_t,age_ythadult_yge25,lms_status_total,1997,3892.034
khm,sex_t,age_ythadult_yge25,lms_status_total,1999,4470.573
khm,sex_t,age_ythadult_yge25,lms_status_total,2000,4295.992
khm,sex_t,age_ythadult_yge25,lms_status_total,2001,4494.115
khm,sex_t,age_ythadult_yge25,lms_status_total,2003,5161.586
khm,sex_t,age_ythadult_yge25,lms_status_total,2007,5849.886
khm,sex_t,age_ythadult_yge25,lms_status_total,2008,6148.632
khm,sex_t,age_ythadult_yge25,lms_status_total,2009,6377.075
khm,sex_t,age_ythadult_yge25,lms_status_total,2010,6397.285
khm,sex_t,age_ythadult_yge25,lms_status_total,2011,6600.129
khm,sex_t,age_ythadult_yge25,lms_status_total,2012,7335.052
khm,sex_t,age_ythadult_yge25,lms_status_total,2013,7151.138
khm,sex_t,age_ythadult_yge25,lms_status_total,2014,7327.999
khm,sex_t,age_ythadult_yge25,lms_status_total,2015,7561.18
khm,sex_t,age_ythadult_yge25,lms_status_total,2016,7664.847
khm,sex_t,age_ythadult_yge25,lms_status_total,2017,7778.526
khm,sex_t,age_ythadult_yge25,lms_status_total,2019,8821.937
khm,sex_t,age_ythadult_yge25,lms_status_total,2020,8476.672
khm,sex_t,age_ythadult_yge25,lms_status_total,2021,8960.706
khm,sex_t,age_ythadult_yge25,lms_status_total,2023,9356.835
khm,sex_t,age_ythadult_yge25,lms_status_une,1996,27.055
khm,sex_t,age_ythadult_yge25,lms_status_une,1997,16.023
khm,sex_t,age_ythadult_yge25,lms_status_une,1999,1.61
khm,sex_t,age_ythadult_yge25,lms_status_une,2000,57.739
khm,sex_t,age_ythadult_yge25,lms_status_une,2001,48.518
khm,sex_t,age_ythadult_yge25,lms_status_une,2003,25.001
khm,sex_t,age_ythadult_yge25,lms_status_une,2007,42.436
khm,sex_t,age_ythadult_yge25,lms_status_une,2008,30.112
khm,sex_t,age_ythadult_yge25,lms_status_une,2009,25.929
khm,sex_t,age_ythadult_yge25,lms_status_une,2010,38.384
khm,sex_t,age_ythadult_yge25,lms_status_une,2011,33.217
khm,sex_t,age_ythadult_yge25,lms_status_une,2012,59.942
khm,sex_t,age_ythadult_yge25,lms_status_une,2013,18.958
khm,sex_t,age_ythadult_yge25,lms_status_une,2014,34.085
khm,sex_t,age_ythadult_yge25,lms_status_une,2015,16.614
khm,sex_t,age_ythadult_yge25,lms_status_une,2016,37.198
khm,sex_t,age_ythadult_yge25,lms_status_une,2019,17.035
khm,sex_t,age_ythadult_yge25,lms_status_une,2020,6.533
khm,sex_t,age_ythadult_yge25,lms_status_une,2021,21.184
khm,sex_t,age_ythadult_yge25,lms_status_une,2023,11.24
