ref_area,sex,classif1,classif2,time,emp_temp_sex_eco_edu_nb
mwi,sex_f,eco_aggregate_agr,edu_aggregate_adv,2013,3.726
mwi,sex_f,eco_aggregate_agr,edu_aggregate_adv,2024,8.928
mwi,sex_f,eco_aggregate_agr,edu_aggregate_bas,2013,358.956
mwi,sex_f,eco_aggregate_agr,edu_aggregate_bas,2024,490.07
mwi,sex_f,eco_aggregate_agr,edu_aggregate_int,2013,45.005
mwi,sex_f,eco_aggregate_agr,edu_aggregate_int,2024,68.527
mwi,sex_f,eco_aggregate_agr,edu_aggregate_ltb,2013,1625.398
mwi,sex_f,eco_aggregate_agr,edu_aggregate_ltb,2024,547.845
mwi,sex_f,eco_aggregate_agr,edu_aggregate_total,2013,2033.085
mwi,sex_f,eco_aggregate_agr,edu_aggregate_total,2024,1115.37
mwi,sex_f,eco_aggregate_agr,edu_isced11_0,2024,372.19
mwi,sex_f,eco_aggregate_agr,edu_isced11_1,2024,276.673
mwi,sex_f,eco_aggregate_agr,edu_isced11_2,2024,213.397
mwi,sex_f,eco_aggregate_agr,edu_isced11_3,2024,67.691
mwi,sex_f,eco_aggregate_agr,edu_isced11_5,2024,6.186
mwi,sex_f,eco_aggregate_agr,edu_isced11_6,2024,2.475
mwi,sex_f,eco_aggregate_agr,edu_isced11_total,2024,1115.37
mwi,sex_f,eco_aggregate_agr,edu_isced11_x,2024,175.655
mwi,sex_f,eco_aggregate_con,edu_aggregate_adv,2013,0.334
mwi,sex_f,eco_aggregate_con,edu_aggregate_bas,2013,5.455
mwi,sex_f,eco_aggregate_con,edu_aggregate_bas,2024,12.834
mwi,sex_f,eco_aggregate_con,edu_aggregate_int,2013,0.912
mwi,sex_f,eco_aggregate_con,edu_aggregate_int,2024,1.643
mwi,sex_f,eco_aggregate_con,edu_aggregate_ltb,2013,21.407
mwi,sex_f,eco_aggregate_con,edu_aggregate_ltb,2024,14.624
mwi,sex_f,eco_aggregate_con,edu_aggregate_total,2013,28.108
mwi,sex_f,eco_aggregate_con,edu_aggregate_total,2024,29.538
mwi,sex_f,eco_aggregate_con,edu_isced11_0,2024,12.054
mwi,sex_f,eco_aggregate_con,edu_isced11_1,2024,7.267
mwi,sex_f,eco_aggregate_con,edu_isced11_2,2024,5.567
mwi,sex_f,eco_aggregate_con,edu_isced11_3,2024,1.643
mwi,sex_f,eco_aggregate_con,edu_isced11_total,2024,29.538
mwi,sex_f,eco_aggregate_con,edu_isced11_x,2024,2.57
mwi,sex_f,eco_aggregate_man,edu_aggregate_adv,2013,1.581
mwi,sex_f,eco_aggregate_man,edu_aggregate_adv,2024,1.203
mwi,sex_f,eco_aggregate_man,edu_aggregate_bas,2013,24.596
mwi,sex_f,eco_aggregate_man,edu_aggregate_bas,2024,14.347
mwi,sex_f,eco_aggregate_man,edu_aggregate_int,2013,6.656
mwi,sex_f,eco_aggregate_man,edu_aggregate_int,2024,15.934
mwi,sex_f,eco_aggregate_man,edu_aggregate_ltb,2013,68.753
mwi,sex_f,eco_aggregate_man,edu_aggregate_ltb,2024,16.682
mwi,sex_f,eco_aggregate_man,edu_aggregate_total,2013,101.586
mwi,sex_f,eco_aggregate_man,edu_aggregate_total,2024,48.166
mwi,sex_f,eco_aggregate_man,edu_isced11_0,2024,10.426
mwi,sex_f,eco_aggregate_man,edu_isced11_1,2024,8.086
mwi,sex_f,eco_aggregate_man,edu_isced11_2,2024,6.261
mwi,sex_f,eco_aggregate_man,edu_isced11_3,2024,15.879
mwi,sex_f,eco_aggregate_man,edu_isced11_total,2024,48.166
mwi,sex_f,eco_aggregate_man,edu_isced11_x,2024,6.257
mwi,sex_f,eco_aggregate_mel,edu_aggregate_bas,2013,1.638
mwi,sex_f,eco_aggregate_mel,edu_aggregate_bas,2024,7.063
mwi,sex_f,eco_aggregate_mel,edu_aggregate_int,2024,2.04
mwi,sex_f,eco_aggregate_mel,edu_aggregate_ltb,2013,8.128
mwi,sex_f,eco_aggregate_mel,edu_aggregate_ltb,2024,8.408
mwi,sex_f,eco_aggregate_mel,edu_aggregate_total,2013,10.794
mwi,sex_f,eco_aggregate_mel,edu_aggregate_total,2024,17.958
mwi,sex_f,eco_aggregate_mel,edu_isced11_0,2024,6.602
mwi,sex_f,eco_aggregate_mel,edu_isced11_1,2024,5.035
mwi,sex_f,eco_aggregate_mel,edu_isced11_2,2024,2.028
mwi,sex_f,eco_aggregate_mel,edu_isced11_3,2024,1.728
mwi,sex_f,eco_aggregate_mel,edu_isced11_total,2024,17.958
mwi,sex_f,eco_aggregate_mel,edu_isced11_x,2024,1.806
mwi,sex_f,eco_aggregate_mkt,edu_aggregate_adv,2013,13.189
mwi,sex_f,eco_aggregate_mkt,edu_aggregate_adv,2024,20.038
mwi,sex_f,eco_aggregate_mkt,edu_aggregate_bas,2013,128.048
mwi,sex_f,eco_aggregate_mkt,edu_aggregate_bas,2024,150.308
mwi,sex_f,eco_aggregate_mkt,edu_aggregate_int,2013,71.058
mwi,sex_f,eco_aggregate_mkt,edu_aggregate_int,2024,75.945
mwi,sex_f,eco_aggregate_mkt,edu_aggregate_ltb,2013,314.282
mwi,sex_f,eco_aggregate_mkt,edu_aggregate_ltb,2024,88.612
mwi,sex_f,eco_aggregate_mkt,edu_aggregate_total,2013,526.577
mwi,sex_f,eco_aggregate_mkt,edu_aggregate_total,2024,334.903
mwi,sex_f,eco_aggregate_mkt,edu_isced11_0,2024,69.243
mwi,sex_f,eco_aggregate_mkt,edu_isced11_1,2024,75.55
mwi,sex_f,eco_aggregate_mkt,edu_isced11_2,2024,74.758
mwi,sex_f,eco_aggregate_mkt,edu_isced11_3,2024,74.951
mwi,sex_f,eco_aggregate_mkt,edu_isced11_4,2024,0.993
mwi,sex_f,eco_aggregate_mkt,edu_isced11_5,2024,9.483
mwi,sex_f,eco_aggregate_mkt,edu_isced11_6,2024,9.531
mwi,sex_f,eco_aggregate_mkt,edu_isced11_7,2024,0.931
mwi,sex_f,eco_aggregate_mkt,edu_isced11_total,2024,334.903
mwi,sex_f,eco_aggregate_mkt,edu_isced11_x,2024,19.369
mwi,sex_f,eco_aggregate_pub,edu_aggregate_adv,2013,25.711
mwi,sex_f,eco_aggregate_pub,edu_aggregate_adv,2024,60.828
mwi,sex_f,eco_aggregate_pub,edu_aggregate_bas,2013,33.96
mwi,sex_f,eco_aggregate_pub,edu_aggregate_bas,2024,222.123
mwi,sex_f,eco_aggregate_pub,edu_aggregate_int,2013,41.508
mwi,sex_f,eco_aggregate_pub,edu_aggregate_int,2024,121.918
mwi,sex_f,eco_aggregate_pub,edu_aggregate_ltb,2013,44.019
mwi,sex_f,eco_aggregate_pub,edu_aggregate_ltb,2024,186.626
mwi,sex_f,eco_aggregate_pub,edu_aggregate_total,2013,145.197
mwi,sex_f,eco_aggregate_pub,edu_aggregate_total,2024,591.494
mwi,sex_f,eco_aggregate_pub,edu_isced11_0,2024,127.528
mwi,sex_f,eco_aggregate_pub,edu_isced11_1,2024,105.451
mwi,sex_f,eco_aggregate_pub,edu_isced11_2,2024,116.672
mwi,sex_f,eco_aggregate_pub,edu_isced11_3,2024,118.872
mwi,sex_f,eco_aggregate_pub,edu_isced11_4,2024,3.046
mwi,sex_f,eco_aggregate_pub,edu_isced11_5,2024,42.444
mwi,sex_f,eco_aggregate_pub,edu_isced11_6,2024,15.515
mwi,sex_f,eco_aggregate_pub,edu_isced11_7,2024,2.482
mwi,sex_f,eco_aggregate_pub,edu_isced11_8,2024,0.387
mwi,sex_f,eco_aggregate_pub,edu_isced11_total,2024,591.494
mwi,sex_f,eco_aggregate_pub,edu_isced11_x,2024,59.098
mwi,sex_f,eco_aggregate_total,edu_aggregate_adv,2013,47.749
mwi,sex_f,eco_aggregate_total,edu_aggregate_adv,2024,91.88
mwi,sex_f,eco_aggregate_total,edu_aggregate_bas,2013,599.987
mwi,sex_f,eco_aggregate_total,edu_aggregate_bas,2024,1006.097
mwi,sex_f,eco_aggregate_total,edu_aggregate_int,2013,177.837
mwi,sex_f,eco_aggregate_total,edu_aggregate_int,2024,304.763
mwi,sex_f,eco_aggregate_total,edu_aggregate_ltb,2013,2263.211
mwi,sex_f,eco_aggregate_total,edu_aggregate_ltb,2024,969.002
mwi,sex_f,eco_aggregate_total,edu_aggregate_total,2013,3088.784
mwi,sex_f,eco_aggregate_total,edu_aggregate_total,2024,2371.742
mwi,sex_f,eco_aggregate_total,edu_isced11_0,2024,674.343
mwi,sex_f,eco_aggregate_total,edu_isced11_1,2024,538.65
mwi,sex_f,eco_aggregate_total,edu_isced11_2,2024,467.446
mwi,sex_f,eco_aggregate_total,edu_isced11_3,2024,299.521
mwi,sex_f,eco_aggregate_total,edu_isced11_4,2024,5.242
mwi,sex_f,eco_aggregate_total,edu_isced11_5,2024,59.52
mwi,sex_f,eco_aggregate_total,edu_isced11_6,2024,28.001
mwi,sex_f,eco_aggregate_total,edu_isced11_7,2024,3.879
mwi,sex_f,eco_aggregate_total,edu_isced11_8,2024,0.48
mwi,sex_f,eco_aggregate_total,edu_isced11_total,2024,2371.742
mwi,sex_f,eco_aggregate_total,edu_isced11_x,2024,294.659
mwi,sex_f,eco_aggregate_x,edu_aggregate_adv,2013,2.626
mwi,sex_f,eco_aggregate_x,edu_aggregate_bas,2013,47.334
mwi,sex_f,eco_aggregate_x,edu_aggregate_bas,2024,109.352
mwi,sex_f,eco_aggregate_x,edu_aggregate_int,2013,12.252
mwi,sex_f,eco_aggregate_x,edu_aggregate_int,2024,18.757
mwi,sex_f,eco_aggregate_x,edu_aggregate_ltb,2013,181.225
mwi,sex_f,eco_aggregate_x,edu_aggregate_ltb,2024,106.205
mwi,sex_f,eco_aggregate_x,edu_aggregate_total,2013,243.436
mwi,sex_f,eco_aggregate_x,edu_aggregate_total,2024,234.314
mwi,sex_f,eco_aggregate_x,edu_isced11_0,2024,76.299
mwi,sex_f,eco_aggregate_x,edu_isced11_1,2024,60.588
mwi,sex_f,eco_aggregate_x,edu_isced11_2,2024,48.764
mwi,sex_f,eco_aggregate_x,edu_isced11_3,2024,18.757
mwi,sex_f,eco_aggregate_x,edu_isced11_total,2024,234.314
mwi,sex_f,eco_aggregate_x,edu_isced11_x,2024,29.905
mwi,sex_f,eco_isic4_a,edu_aggregate_adv,2024,8.928
mwi,sex_f,eco_isic4_a,edu_aggregate_bas,2024,490.07
mwi,sex_f,eco_isic4_a,edu_aggregate_int,2024,68.527
mwi,sex_f,eco_isic4_a,edu_aggregate_ltb,2024,547.845
mwi,sex_f,eco_isic4_a,edu_aggregate_total,2024,1115.37
mwi,sex_f,eco_isic4_a,edu_isced11_0,2024,372.19
mwi,sex_f,eco_isic4_a,edu_isced11_1,2024,276.673
mwi,sex_f,eco_isic4_a,edu_isced11_2,2024,213.397
mwi,sex_f,eco_isic4_a,edu_isced11_3,2024,67.691
mwi,sex_f,eco_isic4_a,edu_isced11_5,2024,6.186
mwi,sex_f,eco_isic4_a,edu_isced11_6,2024,2.475
mwi,sex_f,eco_isic4_a,edu_isced11_total,2024,1115.37
mwi,sex_f,eco_isic4_a,edu_isced11_x,2024,175.655
mwi,sex_f,eco_isic4_b,edu_aggregate_bas,2024,5.122
mwi,sex_f,eco_isic4_b,edu_aggregate_ltb,2024,6.391
mwi,sex_f,eco_isic4_b,edu_aggregate_total,2024,11.617
mwi,sex_f,eco_isic4_b,edu_isced11_0,2024,5.341
mwi,sex_f,eco_isic4_b,edu_isced11_1,2024,3.65
mwi,sex_f,eco_isic4_b,edu_isced11_2,2024,1.472
mwi,sex_f,eco_isic4_b,edu_isced11_total,2024,11.617
mwi,sex_f,eco_isic4_c,edu_aggregate_adv,2024,1.203
mwi,sex_f,eco_isic4_c,edu_aggregate_bas,2024,14.347
mwi,sex_f,eco_isic4_c,edu_aggregate_int,2024,15.934
mwi,sex_f,eco_isic4_c,edu_aggregate_ltb,2024,16.682
mwi,sex_f,eco_isic4_c,edu_aggregate_total,2024,48.166
mwi,sex_f,eco_isic4_c,edu_isced11_0,2024,10.426
mwi,sex_f,eco_isic4_c,edu_isced11_1,2024,8.086
mwi,sex_f,eco_isic4_c,edu_isced11_2,2024,6.261
mwi,sex_f,eco_isic4_c,edu_isced11_3,2024,15.879
mwi,sex_f,eco_isic4_c,edu_isced11_total,2024,48.166
mwi,sex_f,eco_isic4_c,edu_isced11_x,2024,6.257
mwi,sex_f,eco_isic4_d,edu_aggregate_total,2024,1.681
mwi,sex_f,eco_isic4_d,edu_isced11_total,2024,1.681
mwi,sex_f,eco_isic4_e,edu_aggregate_bas,2024,1.752
mwi,sex_f,eco_isic4_e,edu_aggregate_int,2024,1.329
mwi,sex_f,eco_isic4_e,edu_aggregate_ltb,2024,1.58
mwi,sex_f,eco_isic4_e,edu_aggregate_total,2024,4.66
mwi,sex_f,eco_isic4_e,edu_isced11_1,2024,1.385
mwi,sex_f,eco_isic4_e,edu_isced11_3,2024,1.271
mwi,sex_f,eco_isic4_e,edu_isced11_total,2024,4.66
mwi,sex_f,eco_isic4_f,edu_aggregate_bas,2024,12.834
mwi,sex_f,eco_isic4_f,edu_aggregate_int,2024,1.643
mwi,sex_f,eco_isic4_f,edu_aggregate_ltb,2024,14.624
mwi,sex_f,eco_isic4_f,edu_aggregate_total,2024,29.538
mwi,sex_f,eco_isic4_f,edu_isced11_0,2024,12.054
mwi,sex_f,eco_isic4_f,edu_isced11_1,2024,7.267
mwi,sex_f,eco_isic4_f,edu_isced11_2,2024,5.567
mwi,sex_f,eco_isic4_f,edu_isced11_3,2024,1.643
mwi,sex_f,eco_isic4_f,edu_isced11_total,2024,29.538
mwi,sex_f,eco_isic4_f,edu_isced11_x,2024,2.57
mwi,sex_f,eco_isic4_g,edu_aggregate_adv,2024,5.397
mwi,sex_f,eco_isic4_g,edu_aggregate_bas,2024,75.805
mwi,sex_f,eco_isic4_g,edu_aggregate_int,2024,52.161
mwi,sex_f,eco_isic4_g,edu_aggregate_ltb,2024,43.146
mwi,sex_f,eco_isic4_g,edu_aggregate_total,2024,176.508
mwi,sex_f,eco_isic4_g,edu_isced11_0,2024,35.122
mwi,sex_f,eco_isic4_g,edu_isced11_1,2024,39.006
mwi,sex_f,eco_isic4_g,edu_isced11_2,2024,36.799
mwi,sex_f,eco_isic4_g,edu_isced11_3,2024,51.738
mwi,sex_f,eco_isic4_g,edu_isced11_4,2024,0.422
mwi,sex_f,eco_isic4_g,edu_isced11_5,2024,3.478
mwi,sex_f,eco_isic4_g,edu_isced11_6,2024,1.919
mwi,sex_f,eco_isic4_g,edu_isced11_total,2024,176.508
mwi,sex_f,eco_isic4_g,edu_isced11_x,2024,8.024
mwi,sex_f,eco_isic4_h,edu_aggregate_bas,2024,3.217
mwi,sex_f,eco_isic4_h,edu_aggregate_int,2024,0.63
mwi,sex_f,eco_isic4_h,edu_aggregate_ltb,2024,1.304
mwi,sex_f,eco_isic4_h,edu_aggregate_total,2024,5.676
mwi,sex_f,eco_isic4_h,edu_isced11_0,2024,0.566
mwi,sex_f,eco_isic4_h,edu_isced11_1,2024,1.333
mwi,sex_f,eco_isic4_h,edu_isced11_2,2024,1.883
mwi,sex_f,eco_isic4_h,edu_isced11_3,2024,0.63
mwi,sex_f,eco_isic4_h,edu_isced11_total,2024,5.676
mwi,sex_f,eco_isic4_i,edu_aggregate_adv,2024,2.502
mwi,sex_f,eco_isic4_i,edu_aggregate_bas,2024,65.827
mwi,sex_f,eco_isic4_i,edu_aggregate_int,2024,15.662
mwi,sex_f,eco_isic4_i,edu_aggregate_ltb,2024,39.326
mwi,sex_f,eco_isic4_i,edu_aggregate_total,2024,123.318
mwi,sex_f,eco_isic4_i,edu_isced11_0,2024,30.076
mwi,sex_f,eco_isic4_i,edu_isced11_1,2024,34.07
mwi,sex_f,eco_isic4_i,edu_isced11_2,2024,31.757
mwi,sex_f,eco_isic4_i,edu_isced11_3,2024,15.593
mwi,sex_f,eco_isic4_i,edu_isced11_5,2024,1.372
mwi,sex_f,eco_isic4_i,edu_isced11_6,2024,1.13
mwi,sex_f,eco_isic4_i,edu_isced11_total,2024,123.318
mwi,sex_f,eco_isic4_i,edu_isced11_x,2024,9.25
mwi,sex_f,eco_isic4_j,edu_aggregate_adv,2024,1.672
mwi,sex_f,eco_isic4_j,edu_aggregate_int,2024,0.889
mwi,sex_f,eco_isic4_j,edu_aggregate_total,2024,2.665
mwi,sex_f,eco_isic4_j,edu_isced11_5,2024,0.951
mwi,sex_f,eco_isic4_j,edu_isced11_6,2024,0.533
mwi,sex_f,eco_isic4_j,edu_isced11_total,2024,2.665
mwi,sex_f,eco_isic4_k,edu_aggregate_adv,2024,4.062
mwi,sex_f,eco_isic4_k,edu_aggregate_bas,2024,3.471
mwi,sex_f,eco_isic4_k,edu_aggregate_int,2024,3.04
mwi,sex_f,eco_isic4_k,edu_aggregate_ltb,2024,3.034
mwi,sex_f,eco_isic4_k,edu_aggregate_total,2024,13.606
mwi,sex_f,eco_isic4_k,edu_isced11_0,2024,2.685
mwi,sex_f,eco_isic4_k,edu_isced11_2,2024,2.765
mwi,sex_f,eco_isic4_k,edu_isced11_3,2024,3.04
mwi,sex_f,eco_isic4_k,edu_isced11_5,2024,1.146
mwi,sex_f,eco_isic4_k,edu_isced11_6,2024,2.551
mwi,sex_f,eco_isic4_k,edu_isced11_total,2024,13.606
mwi,sex_f,eco_isic4_l,edu_aggregate_total,2024,1.845
mwi,sex_f,eco_isic4_l,edu_isced11_total,2024,1.845
mwi,sex_f,eco_isic4_m,edu_aggregate_adv,2024,2.324
mwi,sex_f,eco_isic4_m,edu_aggregate_int,2024,2.511
mwi,sex_f,eco_isic4_m,edu_aggregate_total,2024,5.74
mwi,sex_f,eco_isic4_m,edu_isced11_3,2024,2.511
mwi,sex_f,eco_isic4_m,edu_isced11_5,2024,0.643
mwi,sex_f,eco_isic4_m,edu_isced11_6,2024,1.618
mwi,sex_f,eco_isic4_m,edu_isced11_total,2024,5.74
mwi,sex_f,eco_isic4_n,edu_aggregate_adv,2024,3.121
mwi,sex_f,eco_isic4_n,edu_aggregate_int,2024,1.021
mwi,sex_f,eco_isic4_n,edu_aggregate_total,2024,5.544
mwi,sex_f,eco_isic4_n,edu_isced11_3,2024,0.962
mwi,sex_f,eco_isic4_n,edu_isced11_5,2024,1.238
mwi,sex_f,eco_isic4_n,edu_isced11_6,2024,1.475
mwi,sex_f,eco_isic4_n,edu_isced11_total,2024,5.544
mwi,sex_f,eco_isic4_o,edu_aggregate_adv,2024,1.97
mwi,sex_f,eco_isic4_o,edu_aggregate_bas,2024,0.591
mwi,sex_f,eco_isic4_o,edu_aggregate_int,2024,4.29
mwi,sex_f,eco_isic4_o,edu_aggregate_total,2024,6.852
mwi,sex_f,eco_isic4_o,edu_isced11_2,2024,0.591
mwi,sex_f,eco_isic4_o,edu_isced11_3,2024,4.178
mwi,sex_f,eco_isic4_o,edu_isced11_5,2024,1.254
mwi,sex_f,eco_isic4_o,edu_isced11_6,2024,0.686
mwi,sex_f,eco_isic4_o,edu_isced11_total,2024,6.852
mwi,sex_f,eco_isic4_p,edu_aggregate_adv,2024,21.976
mwi,sex_f,eco_isic4_p,edu_aggregate_bas,2024,2.618
mwi,sex_f,eco_isic4_p,edu_aggregate_int,2024,7.906
mwi,sex_f,eco_isic4_p,edu_aggregate_ltb,2024,1.345
mwi,sex_f,eco_isic4_p,edu_aggregate_total,2024,33.845
mwi,sex_f,eco_isic4_p,edu_isced11_2,2024,2.34
mwi,sex_f,eco_isic4_p,edu_isced11_3,2024,7.906
mwi,sex_f,eco_isic4_p,edu_isced11_5,2024,18.522
mwi,sex_f,eco_isic4_p,edu_isced11_6,2024,3.087
mwi,sex_f,eco_isic4_p,edu_isced11_total,2024,33.845
mwi,sex_f,eco_isic4_q,edu_aggregate_adv,2024,14.087
mwi,sex_f,eco_isic4_q,edu_aggregate_bas,2024,1.69
mwi,sex_f,eco_isic4_q,edu_aggregate_int,2024,11.596
mwi,sex_f,eco_isic4_q,edu_aggregate_ltb,2024,1.38
mwi,sex_f,eco_isic4_q,edu_aggregate_total,2024,28.753
mwi,sex_f,eco_isic4_q,edu_isced11_0,2024,1.255
mwi,sex_f,eco_isic4_q,edu_isced11_2,2024,1.235
mwi,sex_f,eco_isic4_q,edu_isced11_3,2024,11.289
mwi,sex_f,eco_isic4_q,edu_isced11_5,2024,6.576
mwi,sex_f,eco_isic4_q,edu_isced11_6,2024,6.84
mwi,sex_f,eco_isic4_q,edu_isced11_7,2024,0.671
mwi,sex_f,eco_isic4_q,edu_isced11_total,2024,28.753
mwi,sex_f,eco_isic4_r,edu_aggregate_adv,2024,0.845
mwi,sex_f,eco_isic4_r,edu_aggregate_bas,2024,2.513
mwi,sex_f,eco_isic4_r,edu_aggregate_int,2024,2.873
mwi,sex_f,eco_isic4_r,edu_aggregate_ltb,2024,1.68
mwi,sex_f,eco_isic4_r,edu_aggregate_total,2024,7.91
mwi,sex_f,eco_isic4_r,edu_isced11_0,2024,1.287
mwi,sex_f,eco_isic4_r,edu_isced11_1,2024,1.186
mwi,sex_f,eco_isic4_r,edu_isced11_2,2024,1.327
mwi,sex_f,eco_isic4_r,edu_isced11_3,2024,2.679
mwi,sex_f,eco_isic4_r,edu_isced11_total,2024,7.91
mwi,sex_f,eco_isic4_s,edu_aggregate_adv,2024,21.268
mwi,sex_f,eco_isic4_s,edu_aggregate_bas,2024,183.398
mwi,sex_f,eco_isic4_s,edu_aggregate_int,2024,86.825
mwi,sex_f,eco_isic4_s,edu_aggregate_ltb,2024,156.213
mwi,sex_f,eco_isic4_s,edu_aggregate_total,2024,447.704
mwi,sex_f,eco_isic4_s,edu_isced11_0,2024,109.858
mwi,sex_f,eco_isic4_s,edu_isced11_1,2024,87.689
mwi,sex_f,eco_isic4_s,edu_isced11_2,2024,95.709
mwi,sex_f,eco_isic4_s,edu_isced11_3,2024,84.423
mwi,sex_f,eco_isic4_s,edu_isced11_4,2024,2.402
mwi,sex_f,eco_isic4_s,edu_isced11_5,2024,15.21
mwi,sex_f,eco_isic4_s,edu_isced11_6,2024,4.257
mwi,sex_f,eco_isic4_s,edu_isced11_7,2024,1.553
mwi,sex_f,eco_isic4_s,edu_isced11_total,2024,447.704
mwi,sex_f,eco_isic4_s,edu_isced11_x,2024,46.355
mwi,sex_f,eco_isic4_t,edu_aggregate_adv,2024,0.495
mwi,sex_f,eco_isic4_t,edu_aggregate_bas,2024,27.786
mwi,sex_f,eco_isic4_t,edu_aggregate_int,2024,6.613
mwi,sex_f,eco_isic4_t,edu_aggregate_ltb,2024,21.09
mwi,sex_f,eco_isic4_t,edu_aggregate_total,2024,55.984
mwi,sex_f,eco_isic4_t,edu_isced11_0,2024,10.862
mwi,sex_f,eco_isic4_t,edu_isced11_1,2024,13.935
mwi,sex_f,eco_isic4_t,edu_isced11_2,2024,13.851
mwi,sex_f,eco_isic4_t,edu_isced11_3,2024,6.583
mwi,sex_f,eco_isic4_t,edu_isced11_total,2024,55.984
mwi,sex_f,eco_isic4_t,edu_isced11_x,2024,10.228
mwi,sex_f,eco_isic4_total,edu_aggregate_adv,2024,91.88
mwi,sex_f,eco_isic4_total,edu_aggregate_bas,2024,1006.097
mwi,sex_f,eco_isic4_total,edu_aggregate_int,2024,304.763
mwi,sex_f,eco_isic4_total,edu_aggregate_ltb,2024,969.002
mwi,sex_f,eco_isic4_total,edu_aggregate_total,2024,2371.742
mwi,sex_f,eco_isic4_total,edu_isced11_0,2024,674.343
mwi,sex_f,eco_isic4_total,edu_isced11_1,2024,538.65
mwi,sex_f,eco_isic4_total,edu_isced11_2,2024,467.446
mwi,sex_f,eco_isic4_total,edu_isced11_3,2024,299.521
mwi,sex_f,eco_isic4_total,edu_isced11_4,2024,5.242
mwi,sex_f,eco_isic4_total,edu_isced11_5,2024,59.52
mwi,sex_f,eco_isic4_total,edu_isced11_6,2024,28.001
mwi,sex_f,eco_isic4_total,edu_isced11_7,2024,3.879
mwi,sex_f,eco_isic4_total,edu_isced11_8,2024,0.48
mwi,sex_f,eco_isic4_total,edu_isced11_total,2024,2371.742
mwi,sex_f,eco_isic4_total,edu_isced11_x,2024,294.659
mwi,sex_f,eco_isic4_u,edu_aggregate_bas,2024,3.526
mwi,sex_f,eco_isic4_u,edu_aggregate_int,2024,1.815
mwi,sex_f,eco_isic4_u,edu_aggregate_ltb,2024,4.918
mwi,sex_f,eco_isic4_u,edu_aggregate_total,2024,10.447
mwi,sex_f,eco_isic4_u,edu_isced11_0,2024,3.679
mwi,sex_f,eco_isic4_u,edu_isced11_1,2024,1.908
mwi,sex_f,eco_isic4_u,edu_isced11_2,2024,1.618
mwi,sex_f,eco_isic4_u,edu_isced11_3,2024,1.815
mwi,sex_f,eco_isic4_u,edu_isced11_total,2024,10.447
mwi,sex_f,eco_isic4_u,edu_isced11_x,2024,1.239
mwi,sex_f,eco_isic4_x,edu_aggregate_bas,2024,109.352
mwi,sex_f,eco_isic4_x,edu_aggregate_int,2024,18.757
mwi,sex_f,eco_isic4_x,edu_aggregate_ltb,2024,106.205
mwi,sex_f,eco_isic4_x,edu_aggregate_total,2024,234.314
mwi,sex_f,eco_isic4_x,edu_isced11_0,2024,76.299
mwi,sex_f,eco_isic4_x,edu_isced11_1,2024,60.588
mwi,sex_f,eco_isic4_x,edu_isced11_2,2024,48.764
mwi,sex_f,eco_isic4_x,edu_isced11_3,2024,18.757
mwi,sex_f,eco_isic4_x,edu_isced11_total,2024,234.314
mwi,sex_f,eco_isic4_x,edu_isced11_x,2024,29.905
mwi,sex_f,eco_sector_agr,edu_aggregate_adv,2013,3.726
mwi,sex_f,eco_sector_agr,edu_aggregate_adv,2024,8.928
mwi,sex_f,eco_sector_agr,edu_aggregate_bas,2013,358.956
mwi,sex_f,eco_sector_agr,edu_aggregate_bas,2024,490.07
mwi,sex_f,eco_sector_agr,edu_aggregate_int,2013,45.005
mwi,sex_f,eco_sector_agr,edu_aggregate_int,2024,68.527
mwi,sex_f,eco_sector_agr,edu_aggregate_ltb,2013,1625.398
mwi,sex_f,eco_sector_agr,edu_aggregate_ltb,2024,547.845
mwi,sex_f,eco_sector_agr,edu_aggregate_total,2013,2033.085
mwi,sex_f,eco_sector_agr,edu_aggregate_total,2024,1115.37
mwi,sex_f,eco_sector_agr,edu_isced11_0,2024,372.19
mwi,sex_f,eco_sector_agr,edu_isced11_1,2024,276.673
mwi,sex_f,eco_sector_agr,edu_isced11_2,2024,213.397
mwi,sex_f,eco_sector_agr,edu_isced11_3,2024,67.691
mwi,sex_f,eco_sector_agr,edu_isced11_5,2024,6.186
mwi,sex_f,eco_sector_agr,edu_isced11_6,2024,2.475
mwi,sex_f,eco_sector_agr,edu_isced11_total,2024,1115.37
mwi,sex_f,eco_sector_agr,edu_isced11_x,2024,175.655
mwi,sex_f,eco_sector_ind,edu_aggregate_adv,2013,2.497
mwi,sex_f,eco_sector_ind,edu_aggregate_adv,2024,2.087
mwi,sex_f,eco_sector_ind,edu_aggregate_bas,2013,31.689
mwi,sex_f,eco_sector_ind,edu_aggregate_bas,2024,34.244
mwi,sex_f,eco_sector_ind,edu_aggregate_int,2013,8.013
mwi,sex_f,eco_sector_ind,edu_aggregate_int,2024,19.616
mwi,sex_f,eco_sector_ind,edu_aggregate_ltb,2013,98.289
mwi,sex_f,eco_sector_ind,edu_aggregate_ltb,2024,39.714
mwi,sex_f,eco_sector_ind,edu_aggregate_total,2013,140.489
mwi,sex_f,eco_sector_ind,edu_aggregate_total,2024,95.661
mwi,sex_f,eco_sector_ind,edu_isced11_0,2024,29.082
mwi,sex_f,eco_sector_ind,edu_isced11_1,2024,20.388
mwi,sex_f,eco_sector_ind,edu_isced11_2,2024,13.856
mwi,sex_f,eco_sector_ind,edu_isced11_3,2024,19.25
mwi,sex_f,eco_sector_ind,edu_isced11_5,2024,1.407
mwi,sex_f,eco_sector_ind,edu_isced11_total,2024,95.661
mwi,sex_f,eco_sector_ind,edu_isced11_x,2024,10.632
mwi,sex_f,eco_sector_nag,edu_aggregate_adv,2013,44.023
mwi,sex_f,eco_sector_nag,edu_aggregate_adv,2024,82.953
mwi,sex_f,eco_sector_nag,edu_aggregate_bas,2013,241.031
mwi,sex_f,eco_sector_nag,edu_aggregate_bas,2024,516.027
mwi,sex_f,eco_sector_nag,edu_aggregate_int,2013,132.831
mwi,sex_f,eco_sector_nag,edu_aggregate_int,2024,236.236
mwi,sex_f,eco_sector_nag,edu_aggregate_ltb,2013,637.814
mwi,sex_f,eco_sector_nag,edu_aggregate_ltb,2024,421.157
mwi,sex_f,eco_sector_nag,edu_aggregate_total,2013,1055.699
mwi,sex_f,eco_sector_nag,edu_aggregate_total,2024,1256.373
mwi,sex_f,eco_sector_nag,edu_isced11_0,2024,302.153
mwi,sex_f,eco_sector_nag,edu_isced11_1,2024,261.977
mwi,sex_f,eco_sector_nag,edu_isced11_2,2024,254.05
mwi,sex_f,eco_sector_nag,edu_isced11_3,2024,231.83
mwi,sex_f,eco_sector_nag,edu_isced11_4,2024,4.406
mwi,sex_f,eco_sector_nag,edu_isced11_5,2024,53.334
mwi,sex_f,eco_sector_nag,edu_isced11_6,2024,25.526
mwi,sex_f,eco_sector_nag,edu_isced11_7,2024,3.612
mwi,sex_f,eco_sector_nag,edu_isced11_8,2024,0.48
mwi,sex_f,eco_sector_nag,edu_isced11_total,2024,1256.373
mwi,sex_f,eco_sector_nag,edu_isced11_x,2024,119.004
mwi,sex_f,eco_sector_ser,edu_aggregate_adv,2013,38.9
mwi,sex_f,eco_sector_ser,edu_aggregate_adv,2024,80.866
mwi,sex_f,eco_sector_ser,edu_aggregate_bas,2013,162.008
mwi,sex_f,eco_sector_ser,edu_aggregate_bas,2024,372.431
mwi,sex_f,eco_sector_ser,edu_aggregate_int,2013,112.566
mwi,sex_f,eco_sector_ser,edu_aggregate_int,2024,197.862
mwi,sex_f,eco_sector_ser,edu_aggregate_ltb,2013,358.3
mwi,sex_f,eco_sector_ser,edu_aggregate_ltb,2024,275.238
mwi,sex_f,eco_sector_ser,edu_aggregate_total,2013,671.774
mwi,sex_f,eco_sector_ser,edu_aggregate_total,2024,926.398
mwi,sex_f,eco_sector_ser,edu_isced11_0,2024,196.771
mwi,sex_f,eco_sector_ser,edu_isced11_1,2024,181.001
mwi,sex_f,eco_sector_ser,edu_isced11_2,2024,191.43
mwi,sex_f,eco_sector_ser,edu_isced11_3,2024,193.823
mwi,sex_f,eco_sector_ser,edu_isced11_4,2024,4.039
mwi,sex_f,eco_sector_ser,edu_isced11_5,2024,51.927
mwi,sex_f,eco_sector_ser,edu_isced11_6,2024,25.046
mwi,sex_f,eco_sector_ser,edu_isced11_7,2024,3.412
mwi,sex_f,eco_sector_ser,edu_isced11_8,2024,0.48
mwi,sex_f,eco_sector_ser,edu_isced11_total,2024,926.398
mwi,sex_f,eco_sector_ser,edu_isced11_x,2024,78.467
mwi,sex_f,eco_sector_total,edu_aggregate_adv,2013,47.749
mwi,sex_f,eco_sector_total,edu_aggregate_adv,2024,91.88
mwi,sex_f,eco_sector_total,edu_aggregate_bas,2013,599.987
mwi,sex_f,eco_sector_total,edu_aggregate_bas,2024,1006.097
mwi,sex_f,eco_sector_total,edu_aggregate_int,2013,177.837
mwi,sex_f,eco_sector_total,edu_aggregate_int,2024,304.763
mwi,sex_f,eco_sector_total,edu_aggregate_ltb,2013,2263.211
mwi,sex_f,eco_sector_total,edu_aggregate_ltb,2024,969.002
mwi,sex_f,eco_sector_total,edu_aggregate_total,2013,3088.784
mwi,sex_f,eco_sector_total,edu_aggregate_total,2024,2371.742
mwi,sex_f,eco_sector_total,edu_isced11_0,2024,674.343
mwi,sex_f,eco_sector_total,edu_isced11_1,2024,538.65
mwi,sex_f,eco_sector_total,edu_isced11_2,2024,467.446
mwi,sex_f,eco_sector_total,edu_isced11_3,2024,299.521
mwi,sex_f,eco_sector_total,edu_isced11_4,2024,5.242
mwi,sex_f,eco_sector_total,edu_isced11_5,2024,59.52
mwi,sex_f,eco_sector_total,edu_isced11_6,2024,28.001
mwi,sex_f,eco_sector_total,edu_isced11_7,2024,3.879
mwi,sex_f,eco_sector_total,edu_isced11_8,2024,0.48
mwi,sex_f,eco_sector_total,edu_isced11_total,2024,2371.742
mwi,sex_f,eco_sector_total,edu_isced11_x,2024,294.659
mwi,sex_f,eco_sector_x,edu_aggregate_adv,2013,2.626
mwi,sex_f,eco_sector_x,edu_aggregate_bas,2013,47.334
mwi,sex_f,eco_sector_x,edu_aggregate_bas,2024,109.352
mwi,sex_f,eco_sector_x,edu_aggregate_int,2013,12.252
mwi,sex_f,eco_sector_x,edu_aggregate_int,2024,18.757
mwi,sex_f,eco_sector_x,edu_aggregate_ltb,2013,181.225
mwi,sex_f,eco_sector_x,edu_aggregate_ltb,2024,106.205
mwi,sex_f,eco_sector_x,edu_aggregate_total,2013,243.436
mwi,sex_f,eco_sector_x,edu_aggregate_total,2024,234.314
mwi,sex_f,eco_sector_x,edu_isced11_0,2024,76.299
mwi,sex_f,eco_sector_x,edu_isced11_1,2024,60.588
mwi,sex_f,eco_sector_x,edu_isced11_2,2024,48.764
mwi,sex_f,eco_sector_x,edu_isced11_3,2024,18.757
mwi,sex_f,eco_sector_x,edu_isced11_total,2024,234.314
mwi,sex_f,eco_sector_x,edu_isced11_x,2024,29.905
mwi,sex_m,eco_aggregate_agr,edu_aggregate_adv,2013,6.482
mwi,sex_m,eco_aggregate_agr,edu_aggregate_adv,2024,14.315
mwi,sex_m,eco_aggregate_agr,edu_aggregate_bas,2013,446.684
mwi,sex_m,eco_aggregate_agr,edu_aggregate_bas,2024,511.729
mwi,sex_m,eco_aggregate_agr,edu_aggregate_int,2013,99.247
mwi,sex_m,eco_aggregate_agr,edu_aggregate_int,2024,149.473
mwi,sex_m,eco_aggregate_agr,edu_aggregate_ltb,2013,1190.88
mwi,sex_m,eco_aggregate_agr,edu_aggregate_ltb,2024,436.344
mwi,sex_m,eco_aggregate_agr,edu_aggregate_total,2013,1743.292
mwi,sex_m,eco_aggregate_agr,edu_aggregate_total,2024,1111.861
mwi,sex_m,eco_aggregate_agr,edu_isced11_0,2024,334.661
mwi,sex_m,eco_aggregate_agr,edu_isced11_1,2024,274.295
mwi,sex_m,eco_aggregate_agr,edu_isced11_2,2024,237.434
mwi,sex_m,eco_aggregate_agr,edu_isced11_3,2024,145.981
mwi,sex_m,eco_aggregate_agr,edu_isced11_4,2024,3.492
mwi,sex_m,eco_aggregate_agr,edu_isced11_5,2024,9.116
mwi,sex_m,eco_aggregate_agr,edu_isced11_6,2024,4.078
mwi,sex_m,eco_aggregate_agr,edu_isced11_7,2024,0.97
mwi,sex_m,eco_aggregate_agr,edu_isced11_total,2024,1111.861
mwi,sex_m,eco_aggregate_agr,edu_isced11_x,2024,101.683
mwi,sex_m,eco_aggregate_con,edu_aggregate_adv,2013,4.784
mwi,sex_m,eco_aggregate_con,edu_aggregate_adv,2024,2.478
mwi,sex_m,eco_aggregate_con,edu_aggregate_bas,2013,44.047
mwi,sex_m,eco_aggregate_con,edu_aggregate_bas,2024,63.88
mwi,sex_m,eco_aggregate_con,edu_aggregate_int,2013,13.754
mwi,sex_m,eco_aggregate_con,edu_aggregate_int,2024,24.55
mwi,sex_m,eco_aggregate_con,edu_aggregate_ltb,2013,60.31
mwi,sex_m,eco_aggregate_con,edu_aggregate_ltb,2024,34.043
mwi,sex_m,eco_aggregate_con,edu_aggregate_total,2013,122.894
mwi,sex_m,eco_aggregate_con,edu_aggregate_total,2024,124.952
mwi,sex_m,eco_aggregate_con,edu_isced11_0,2024,28.1
mwi,sex_m,eco_aggregate_con,edu_isced11_1,2024,30.013
mwi,sex_m,eco_aggregate_con,edu_isced11_2,2024,33.868
mwi,sex_m,eco_aggregate_con,edu_isced11_3,2024,23.531
mwi,sex_m,eco_aggregate_con,edu_isced11_4,2024,1.019
mwi,sex_m,eco_aggregate_con,edu_isced11_5,2024,0.983
mwi,sex_m,eco_aggregate_con,edu_isced11_6,2024,1.172
mwi,sex_m,eco_aggregate_con,edu_isced11_total,2024,124.952
mwi,sex_m,eco_aggregate_con,edu_isced11_x,2024,5.942
mwi,sex_m,eco_aggregate_man,edu_aggregate_adv,2013,3.927
mwi,sex_m,eco_aggregate_man,edu_aggregate_adv,2024,9.268
mwi,sex_m,eco_aggregate_man,edu_aggregate_bas,2013,39.174
mwi,sex_m,eco_aggregate_man,edu_aggregate_bas,2024,25.895
mwi,sex_m,eco_aggregate_man,edu_aggregate_int,2013,22.368
mwi,sex_m,eco_aggregate_man,edu_aggregate_int,2024,15.634
mwi,sex_m,eco_aggregate_man,edu_aggregate_ltb,2013,69.985
mwi,sex_m,eco_aggregate_man,edu_aggregate_ltb,2024,14.087
mwi,sex_m,eco_aggregate_man,edu_aggregate_total,2013,135.455
mwi,sex_m,eco_aggregate_man,edu_aggregate_total,2024,64.884
mwi,sex_m,eco_aggregate_man,edu_isced11_0,2024,11.335
mwi,sex_m,eco_aggregate_man,edu_isced11_1,2024,10.31
mwi,sex_m,eco_aggregate_man,edu_isced11_2,2024,15.585
mwi,sex_m,eco_aggregate_man,edu_isced11_3,2024,14.718
mwi,sex_m,eco_aggregate_man,edu_isced11_4,2024,0.916
mwi,sex_m,eco_aggregate_man,edu_isced11_5,2024,1.843
mwi,sex_m,eco_aggregate_man,edu_isced11_6,2024,7.239
mwi,sex_m,eco_aggregate_man,edu_isced11_total,2024,64.884
mwi,sex_m,eco_aggregate_man,edu_isced11_x,2024,2.752
mwi,sex_m,eco_aggregate_mel,edu_aggregate_adv,2013,4.822
mwi,sex_m,eco_aggregate_mel,edu_aggregate_adv,2024,3.241
mwi,sex_m,eco_aggregate_mel,edu_aggregate_bas,2013,3.143
mwi,sex_m,eco_aggregate_mel,edu_aggregate_bas,2024,11.055
mwi,sex_m,eco_aggregate_mel,edu_aggregate_int,2013,12.915
mwi,sex_m,eco_aggregate_mel,edu_aggregate_int,2024,9.268
mwi,sex_m,eco_aggregate_mel,edu_aggregate_ltb,2013,5.186
mwi,sex_m,eco_aggregate_mel,edu_aggregate_ltb,2024,13.273
mwi,sex_m,eco_aggregate_mel,edu_aggregate_total,2013,26.066
mwi,sex_m,eco_aggregate_mel,edu_aggregate_total,2024,36.837
mwi,sex_m,eco_aggregate_mel,edu_isced11_0,2024,10.297
mwi,sex_m,eco_aggregate_mel,edu_isced11_1,2024,5.591
mwi,sex_m,eco_aggregate_mel,edu_isced11_2,2024,5.463
mwi,sex_m,eco_aggregate_mel,edu_isced11_3,2024,7.124
mwi,sex_m,eco_aggregate_mel,edu_isced11_4,2024,2.144
mwi,sex_m,eco_aggregate_mel,edu_isced11_5,2024,0.796
mwi,sex_m,eco_aggregate_mel,edu_isced11_6,2024,1.428
mwi,sex_m,eco_aggregate_mel,edu_isced11_7,2024,1.017
mwi,sex_m,eco_aggregate_mel,edu_isced11_total,2024,36.837
mwi,sex_m,eco_aggregate_mel,edu_isced11_x,2024,2.977
mwi,sex_m,eco_aggregate_mkt,edu_aggregate_adv,2013,26.951
mwi,sex_m,eco_aggregate_mkt,edu_aggregate_adv,2024,35.287
mwi,sex_m,eco_aggregate_mkt,edu_aggregate_bas,2013,165.354
mwi,sex_m,eco_aggregate_mkt,edu_aggregate_bas,2024,144.157
mwi,sex_m,eco_aggregate_mkt,edu_aggregate_int,2013,103.23
mwi,sex_m,eco_aggregate_mkt,edu_aggregate_int,2024,104.348
mwi,sex_m,eco_aggregate_mkt,edu_aggregate_ltb,2013,299.466
mwi,sex_m,eco_aggregate_mkt,edu_aggregate_ltb,2024,82.941
mwi,sex_m,eco_aggregate_mkt,edu_aggregate_total,2013,595.001
mwi,sex_m,eco_aggregate_mkt,edu_aggregate_total,2024,366.733
mwi,sex_m,eco_aggregate_mkt,edu_isced11_0,2024,67.515
mwi,sex_m,eco_aggregate_mkt,edu_isced11_1,2024,71.466
mwi,sex_m,eco_aggregate_mkt,edu_isced11_2,2024,72.69
mwi,sex_m,eco_aggregate_mkt,edu_isced11_3,2024,99.467
mwi,sex_m,eco_aggregate_mkt,edu_isced11_4,2024,4.881
mwi,sex_m,eco_aggregate_mkt,edu_isced11_5,2024,13.32
mwi,sex_m,eco_aggregate_mkt,edu_isced11_6,2024,18.313
mwi,sex_m,eco_aggregate_mkt,edu_isced11_7,2024,3.332
mwi,sex_m,eco_aggregate_mkt,edu_isced11_8,2024,0.321
mwi,sex_m,eco_aggregate_mkt,edu_isced11_total,2024,366.733
mwi,sex_m,eco_aggregate_mkt,edu_isced11_x,2024,15.426
mwi,sex_m,eco_aggregate_pub,edu_aggregate_adv,2013,63.408
mwi,sex_m,eco_aggregate_pub,edu_aggregate_adv,2024,95.615
mwi,sex_m,eco_aggregate_pub,edu_aggregate_bas,2013,53.381
mwi,sex_m,eco_aggregate_pub,edu_aggregate_bas,2024,259.986
mwi,sex_m,eco_aggregate_pub,edu_aggregate_int,2013,80.093
mwi,sex_m,eco_aggregate_pub,edu_aggregate_int,2024,179.182
mwi,sex_m,eco_aggregate_pub,edu_aggregate_ltb,2013,51.789
mwi,sex_m,eco_aggregate_pub,edu_aggregate_ltb,2024,167.614
mwi,sex_m,eco_aggregate_pub,edu_aggregate_total,2013,248.671
mwi,sex_m,eco_aggregate_pub,edu_aggregate_total,2024,702.398
mwi,sex_m,eco_aggregate_pub,edu_isced11_0,2024,131.143
mwi,sex_m,eco_aggregate_pub,edu_isced11_1,2024,117.728
mwi,sex_m,eco_aggregate_pub,edu_isced11_2,2024,142.258
mwi,sex_m,eco_aggregate_pub,edu_isced11_3,2024,174.33
mwi,sex_m,eco_aggregate_pub,edu_isced11_4,2024,4.851
mwi,sex_m,eco_aggregate_pub,edu_isced11_5,2024,62.796
mwi,sex_m,eco_aggregate_pub,edu_isced11_6,2024,27.618
mwi,sex_m,eco_aggregate_pub,edu_isced11_7,2024,3.899
mwi,sex_m,eco_aggregate_pub,edu_isced11_8,2024,1.302
mwi,sex_m,eco_aggregate_pub,edu_isced11_total,2024,702.398
mwi,sex_m,eco_aggregate_pub,edu_isced11_x,2024,36.471
mwi,sex_m,eco_aggregate_total,edu_aggregate_adv,2013,117.471
mwi,sex_m,eco_aggregate_total,edu_aggregate_adv,2024,160.465
mwi,sex_m,eco_aggregate_total,edu_aggregate_bas,2013,797.6
mwi,sex_m,eco_aggregate_total,edu_aggregate_bas,2024,1106.598
mwi,sex_m,eco_aggregate_total,edu_aggregate_int,2013,353.992
mwi,sex_m,eco_aggregate_total,edu_aggregate_int,2024,530.15
mwi,sex_m,eco_aggregate_total,edu_aggregate_ltb,2013,1796.402
mwi,sex_m,eco_aggregate_total,edu_aggregate_ltb,2024,830.492
mwi,sex_m,eco_aggregate_total,edu_aggregate_total,2013,3065.466
mwi,sex_m,eco_aggregate_total,edu_aggregate_total,2024,2627.705
mwi,sex_m,eco_aggregate_total,edu_isced11_0,2024,647.259
mwi,sex_m,eco_aggregate_total,edu_isced11_1,2024,556.196
mwi,sex_m,eco_aggregate_total,edu_isced11_2,2024,550.402
mwi,sex_m,eco_aggregate_total,edu_isced11_3,2024,512.198
mwi,sex_m,eco_aggregate_total,edu_isced11_4,2024,17.952
mwi,sex_m,eco_aggregate_total,edu_isced11_5,2024,89.027
mwi,sex_m,eco_aggregate_total,edu_isced11_6,2024,59.937
mwi,sex_m,eco_aggregate_total,edu_isced11_7,2024,9.727
mwi,sex_m,eco_aggregate_total,edu_isced11_8,2024,1.774
mwi,sex_m,eco_aggregate_total,edu_isced11_total,2024,2627.705
mwi,sex_m,eco_aggregate_total,edu_isced11_x,2024,183.233
mwi,sex_m,eco_aggregate_x,edu_aggregate_adv,2013,7.096
mwi,sex_m,eco_aggregate_x,edu_aggregate_bas,2013,45.818
mwi,sex_m,eco_aggregate_x,edu_aggregate_bas,2024,89.897
mwi,sex_m,eco_aggregate_x,edu_aggregate_int,2013,22.385
mwi,sex_m,eco_aggregate_x,edu_aggregate_int,2024,47.696
mwi,sex_m,eco_aggregate_x,edu_aggregate_ltb,2013,118.787
mwi,sex_m,eco_aggregate_x,edu_aggregate_ltb,2024,82.189
mwi,sex_m,eco_aggregate_x,edu_aggregate_total,2013,194.086
mwi,sex_m,eco_aggregate_x,edu_aggregate_total,2024,220.041
mwi,sex_m,eco_aggregate_x,edu_isced11_0,2024,64.208
mwi,sex_m,eco_aggregate_x,edu_isced11_1,2024,46.793
mwi,sex_m,eco_aggregate_x,edu_isced11_2,2024,43.103
mwi,sex_m,eco_aggregate_x,edu_isced11_3,2024,47.046
mwi,sex_m,eco_aggregate_x,edu_isced11_4,2024,0.649
mwi,sex_m,eco_aggregate_x,edu_isced11_total,2024,220.041
mwi,sex_m,eco_aggregate_x,edu_isced11_x,2024,17.982
mwi,sex_m,eco_isic4_a,edu_aggregate_adv,2024,14.315
mwi,sex_m,eco_isic4_a,edu_aggregate_bas,2024,511.729
mwi,sex_m,eco_isic4_a,edu_aggregate_int,2024,149.473
mwi,sex_m,eco_isic4_a,edu_aggregate_ltb,2024,436.344
mwi,sex_m,eco_isic4_a,edu_aggregate_total,2024,1111.861
mwi,sex_m,eco_isic4_a,edu_isced11_0,2024,334.661
mwi,sex_m,eco_isic4_a,edu_isced11_1,2024,274.295
mwi,sex_m,eco_isic4_a,edu_isced11_2,2024,237.434
mwi,sex_m,eco_isic4_a,edu_isced11_3,2024,145.981
mwi,sex_m,eco_isic4_a,edu_isced11_4,2024,3.492
mwi,sex_m,eco_isic4_a,edu_isced11_5,2024,9.116
mwi,sex_m,eco_isic4_a,edu_isced11_6,2024,4.078
mwi,sex_m,eco_isic4_a,edu_isced11_7,2024,0.97
mwi,sex_m,eco_isic4_a,edu_isced11_total,2024,1111.861
mwi,sex_m,eco_isic4_a,edu_isced11_x,2024,101.683
mwi,sex_m,eco_isic4_b,edu_aggregate_bas,2024,5.966
mwi,sex_m,eco_isic4_b,edu_aggregate_int,2024,2.397
mwi,sex_m,eco_isic4_b,edu_aggregate_ltb,2024,10.925
mwi,sex_m,eco_isic4_b,edu_aggregate_total,2024,19.41
mwi,sex_m,eco_isic4_b,edu_isced11_0,2024,7.949
mwi,sex_m,eco_isic4_b,edu_isced11_1,2024,3.82
mwi,sex_m,eco_isic4_b,edu_isced11_2,2024,2.147
mwi,sex_m,eco_isic4_b,edu_isced11_3,2024,2.397
mwi,sex_m,eco_isic4_b,edu_isced11_total,2024,19.41
mwi,sex_m,eco_isic4_b,edu_isced11_x,2024,2.977
mwi,sex_m,eco_isic4_c,edu_aggregate_adv,2024,9.268
mwi,sex_m,eco_isic4_c,edu_aggregate_bas,2024,25.895
mwi,sex_m,eco_isic4_c,edu_aggregate_int,2024,15.634
mwi,sex_m,eco_isic4_c,edu_aggregate_ltb,2024,14.087
mwi,sex_m,eco_isic4_c,edu_aggregate_total,2024,64.884
mwi,sex_m,eco_isic4_c,edu_isced11_0,2024,11.335
mwi,sex_m,eco_isic4_c,edu_isced11_1,2024,10.31
mwi,sex_m,eco_isic4_c,edu_isced11_2,2024,15.585
mwi,sex_m,eco_isic4_c,edu_isced11_3,2024,14.718
mwi,sex_m,eco_isic4_c,edu_isced11_4,2024,0.916
mwi,sex_m,eco_isic4_c,edu_isced11_5,2024,1.843
mwi,sex_m,eco_isic4_c,edu_isced11_6,2024,7.239
mwi,sex_m,eco_isic4_c,edu_isced11_total,2024,64.884
mwi,sex_m,eco_isic4_c,edu_isced11_x,2024,2.752
mwi,sex_m,eco_isic4_d,edu_aggregate_adv,2024,2.206
mwi,sex_m,eco_isic4_d,edu_aggregate_bas,2024,3.473
mwi,sex_m,eco_isic4_d,edu_aggregate_int,2024,4.914
mwi,sex_m,eco_isic4_d,edu_aggregate_total,2024,11.567
mwi,sex_m,eco_isic4_d,edu_isced11_1,2024,0.989
mwi,sex_m,eco_isic4_d,edu_isced11_2,2024,2.484
mwi,sex_m,eco_isic4_d,edu_isced11_3,2024,3.006
mwi,sex_m,eco_isic4_d,edu_isced11_4,2024,1.907
mwi,sex_m,eco_isic4_d,edu_isced11_6,2024,1.379
mwi,sex_m,eco_isic4_d,edu_isced11_total,2024,11.567
mwi,sex_m,eco_isic4_e,edu_aggregate_adv,2024,0.914
mwi,sex_m,eco_isic4_e,edu_aggregate_bas,2024,1.615
mwi,sex_m,eco_isic4_e,edu_aggregate_int,2024,1.957
mwi,sex_m,eco_isic4_e,edu_aggregate_ltb,2024,1.373
mwi,sex_m,eco_isic4_e,edu_aggregate_total,2024,5.86
mwi,sex_m,eco_isic4_e,edu_isced11_0,2024,1.373
mwi,sex_m,eco_isic4_e,edu_isced11_3,2024,1.72
mwi,sex_m,eco_isic4_e,edu_isced11_total,2024,5.86
mwi,sex_m,eco_isic4_f,edu_aggregate_adv,2024,2.478
mwi,sex_m,eco_isic4_f,edu_aggregate_bas,2024,63.88
mwi,sex_m,eco_isic4_f,edu_aggregate_int,2024,24.55
mwi,sex_m,eco_isic4_f,edu_aggregate_ltb,2024,34.043
mwi,sex_m,eco_isic4_f,edu_aggregate_total,2024,124.952
mwi,sex_m,eco_isic4_f,edu_isced11_0,2024,28.1
mwi,sex_m,eco_isic4_f,edu_isced11_1,2024,30.013
mwi,sex_m,eco_isic4_f,edu_isced11_2,2024,33.868
mwi,sex_m,eco_isic4_f,edu_isced11_3,2024,23.531
mwi,sex_m,eco_isic4_f,edu_isced11_4,2024,1.019
mwi,sex_m,eco_isic4_f,edu_isced11_5,2024,0.983
mwi,sex_m,eco_isic4_f,edu_isced11_6,2024,1.172
mwi,sex_m,eco_isic4_f,edu_isced11_total,2024,124.952
mwi,sex_m,eco_isic4_f,edu_isced11_x,2024,5.942
mwi,sex_m,eco_isic4_g,edu_aggregate_adv,2024,3.43
mwi,sex_m,eco_isic4_g,edu_aggregate_bas,2024,71.666
mwi,sex_m,eco_isic4_g,edu_aggregate_int,2024,50.602
mwi,sex_m,eco_isic4_g,edu_aggregate_ltb,2024,32.939
mwi,sex_m,eco_isic4_g,edu_aggregate_total,2024,158.638
mwi,sex_m,eco_isic4_g,edu_isced11_0,2024,26.543
mwi,sex_m,eco_isic4_g,edu_isced11_1,2024,35.664
mwi,sex_m,eco_isic4_g,edu_isced11_2,2024,36.002
mwi,sex_m,eco_isic4_g,edu_isced11_3,2024,47.901
mwi,sex_m,eco_isic4_g,edu_isced11_4,2024,2.701
mwi,sex_m,eco_isic4_g,edu_isced11_5,2024,1.682
mwi,sex_m,eco_isic4_g,edu_isced11_6,2024,1.298
mwi,sex_m,eco_isic4_g,edu_isced11_total,2024,158.638
mwi,sex_m,eco_isic4_g,edu_isced11_x,2024,6.397
mwi,sex_m,eco_isic4_h,edu_aggregate_adv,2024,5.264
mwi,sex_m,eco_isic4_h,edu_aggregate_bas,2024,44.55
mwi,sex_m,eco_isic4_h,edu_aggregate_int,2024,21.127
mwi,sex_m,eco_isic4_h,edu_aggregate_ltb,2024,23.872
mwi,sex_m,eco_isic4_h,edu_aggregate_total,2024,94.812
mwi,sex_m,eco_isic4_h,edu_isced11_0,2024,21.508
mwi,sex_m,eco_isic4_h,edu_isced11_1,2024,19.963
mwi,sex_m,eco_isic4_h,edu_isced11_2,2024,24.587
mwi,sex_m,eco_isic4_h,edu_isced11_3,2024,20.776
mwi,sex_m,eco_isic4_h,edu_isced11_5,2024,2.554
mwi,sex_m,eco_isic4_h,edu_isced11_6,2024,2.328
mwi,sex_m,eco_isic4_h,edu_isced11_total,2024,94.812
mwi,sex_m,eco_isic4_h,edu_isced11_x,2024,2.364
mwi,sex_m,eco_isic4_i,edu_aggregate_adv,2024,0.795
mwi,sex_m,eco_isic4_i,edu_aggregate_bas,2024,18.099
mwi,sex_m,eco_isic4_i,edu_aggregate_int,2024,16.477
mwi,sex_m,eco_isic4_i,edu_aggregate_ltb,2024,19.827
mwi,sex_m,eco_isic4_i,edu_aggregate_total,2024,55.199
mwi,sex_m,eco_isic4_i,edu_isced11_0,2024,15.667
mwi,sex_m,eco_isic4_i,edu_isced11_1,2024,11.501
mwi,sex_m,eco_isic4_i,edu_isced11_2,2024,6.598
mwi,sex_m,eco_isic4_i,edu_isced11_3,2024,16.365
mwi,sex_m,eco_isic4_i,edu_isced11_total,2024,55.199
mwi,sex_m,eco_isic4_i,edu_isced11_x,2024,4.16
mwi,sex_m,eco_isic4_j,edu_aggregate_adv,2024,5.67
mwi,sex_m,eco_isic4_j,edu_aggregate_bas,2024,0.82
mwi,sex_m,eco_isic4_j,edu_aggregate_int,2024,2.052
mwi,sex_m,eco_isic4_j,edu_aggregate_total,2024,8.885
mwi,sex_m,eco_isic4_j,edu_isced11_3,2024,1.677
mwi,sex_m,eco_isic4_j,edu_isced11_5,2024,1.184
mwi,sex_m,eco_isic4_j,edu_isced11_6,2024,4.037
mwi,sex_m,eco_isic4_j,edu_isced11_total,2024,8.885
mwi,sex_m,eco_isic4_k,edu_aggregate_adv,2024,6.7
mwi,sex_m,eco_isic4_k,edu_aggregate_bas,2024,2.61
mwi,sex_m,eco_isic4_k,edu_aggregate_int,2024,3.766
mwi,sex_m,eco_isic4_k,edu_aggregate_ltb,2024,2.25
mwi,sex_m,eco_isic4_k,edu_aggregate_total,2024,15.326
mwi,sex_m,eco_isic4_k,edu_isced11_2,2024,1.607
mwi,sex_m,eco_isic4_k,edu_isced11_3,2024,3.425
mwi,sex_m,eco_isic4_k,edu_isced11_5,2024,1.933
mwi,sex_m,eco_isic4_k,edu_isced11_6,2024,3.537
mwi,sex_m,eco_isic4_k,edu_isced11_7,2024,1.186
mwi,sex_m,eco_isic4_k,edu_isced11_total,2024,15.326
mwi,sex_m,eco_isic4_l,edu_aggregate_adv,2024,1.105
mwi,sex_m,eco_isic4_l,edu_aggregate_bas,2024,1.758
mwi,sex_m,eco_isic4_l,edu_aggregate_int,2024,0.75
mwi,sex_m,eco_isic4_l,edu_aggregate_total,2024,4.72
mwi,sex_m,eco_isic4_l,edu_isced11_3,2024,0.75
mwi,sex_m,eco_isic4_l,edu_isced11_total,2024,4.72
mwi,sex_m,eco_isic4_m,edu_aggregate_adv,2024,9.002
mwi,sex_m,eco_isic4_m,edu_aggregate_bas,2024,3.045
mwi,sex_m,eco_isic4_m,edu_aggregate_int,2024,7.858
mwi,sex_m,eco_isic4_m,edu_aggregate_ltb,2024,1.895
mwi,sex_m,eco_isic4_m,edu_aggregate_total,2024,21.8
mwi,sex_m,eco_isic4_m,edu_isced11_0,2024,1.642
mwi,sex_m,eco_isic4_m,edu_isced11_1,2024,1.961
mwi,sex_m,eco_isic4_m,edu_isced11_2,2024,1.084
mwi,sex_m,eco_isic4_m,edu_isced11_3,2024,6.892
mwi,sex_m,eco_isic4_m,edu_isced11_4,2024,0.966
mwi,sex_m,eco_isic4_m,edu_isced11_5,2024,4.932
mwi,sex_m,eco_isic4_m,edu_isced11_6,2024,3.203
mwi,sex_m,eco_isic4_m,edu_isced11_7,2024,0.644
mwi,sex_m,eco_isic4_m,edu_isced11_total,2024,21.8
mwi,sex_m,eco_isic4_n,edu_aggregate_adv,2024,3.319
mwi,sex_m,eco_isic4_n,edu_aggregate_bas,2024,1.608
mwi,sex_m,eco_isic4_n,edu_aggregate_int,2024,1.717
mwi,sex_m,eco_isic4_n,edu_aggregate_total,2024,7.353
mwi,sex_m,eco_isic4_n,edu_isced11_2,2024,1.348
mwi,sex_m,eco_isic4_n,edu_isced11_3,2024,1.682
mwi,sex_m,eco_isic4_n,edu_isced11_5,2024,0.364
mwi,sex_m,eco_isic4_n,edu_isced11_6,2024,2.68
mwi,sex_m,eco_isic4_n,edu_isced11_total,2024,7.353
mwi,sex_m,eco_isic4_o,edu_aggregate_adv,2024,3.98
mwi,sex_m,eco_isic4_o,edu_aggregate_bas,2024,6.883
mwi,sex_m,eco_isic4_o,edu_aggregate_int,2024,12.976
mwi,sex_m,eco_isic4_o,edu_aggregate_ltb,2024,3.696
mwi,sex_m,eco_isic4_o,edu_aggregate_total,2024,27.536
mwi,sex_m,eco_isic4_o,edu_isced11_0,2024,1.99
mwi,sex_m,eco_isic4_o,edu_isced11_1,2024,2.344
mwi,sex_m,eco_isic4_o,edu_isced11_2,2024,4.539
mwi,sex_m,eco_isic4_o,edu_isced11_3,2024,12.092
mwi,sex_m,eco_isic4_o,edu_isced11_4,2024,0.884
mwi,sex_m,eco_isic4_o,edu_isced11_5,2024,1.589
mwi,sex_m,eco_isic4_o,edu_isced11_6,2024,2.332
mwi,sex_m,eco_isic4_o,edu_isced11_total,2024,27.536
mwi,sex_m,eco_isic4_p,edu_aggregate_adv,2024,34.21
mwi,sex_m,eco_isic4_p,edu_aggregate_bas,2024,1.699
mwi,sex_m,eco_isic4_p,edu_aggregate_int,2024,20.933
mwi,sex_m,eco_isic4_p,edu_aggregate_total,2024,57.122
mwi,sex_m,eco_isic4_p,edu_isced11_2,2024,1.341
mwi,sex_m,eco_isic4_p,edu_isced11_3,2024,20.715
mwi,sex_m,eco_isic4_p,edu_isced11_5,2024,26.767
mwi,sex_m,eco_isic4_p,edu_isced11_6,2024,6.247
mwi,sex_m,eco_isic4_p,edu_isced11_7,2024,0.606
mwi,sex_m,eco_isic4_p,edu_isced11_8,2024,0.59
mwi,sex_m,eco_isic4_p,edu_isced11_total,2024,57.122
mwi,sex_m,eco_isic4_q,edu_aggregate_adv,2024,17.593
mwi,sex_m,eco_isic4_q,edu_aggregate_bas,2024,3.013
mwi,sex_m,eco_isic4_q,edu_aggregate_int,2024,10.108
mwi,sex_m,eco_isic4_q,edu_aggregate_total,2024,31.174
mwi,sex_m,eco_isic4_q,edu_isced11_2,2024,2.505
mwi,sex_m,eco_isic4_q,edu_isced11_3,2024,10.033
mwi,sex_m,eco_isic4_q,edu_isced11_5,2024,9.745
mwi,sex_m,eco_isic4_q,edu_isced11_6,2024,6.716
mwi,sex_m,eco_isic4_q,edu_isced11_7,2024,0.421
mwi,sex_m,eco_isic4_q,edu_isced11_total,2024,31.174
mwi,sex_m,eco_isic4_r,edu_aggregate_adv,2024,1.2
mwi,sex_m,eco_isic4_r,edu_aggregate_bas,2024,12.197
mwi,sex_m,eco_isic4_r,edu_aggregate_int,2024,8.296
mwi,sex_m,eco_isic4_r,edu_aggregate_ltb,2024,9.688
mwi,sex_m,eco_isic4_r,edu_aggregate_total,2024,31.38
mwi,sex_m,eco_isic4_r,edu_isced11_0,2024,7.298
mwi,sex_m,eco_isic4_r,edu_isced11_1,2024,5.237
mwi,sex_m,eco_isic4_r,edu_isced11_2,2024,6.96
mwi,sex_m,eco_isic4_r,edu_isced11_3,2024,7.934
mwi,sex_m,eco_isic4_r,edu_isced11_5,2024,0.679
mwi,sex_m,eco_isic4_r,edu_isced11_total,2024,31.38
mwi,sex_m,eco_isic4_r,edu_isced11_x,2024,2.39
mwi,sex_m,eco_isic4_s,edu_aggregate_adv,2024,37.304
mwi,sex_m,eco_isic4_s,edu_aggregate_bas,2024,213.008
mwi,sex_m,eco_isic4_s,edu_aggregate_int,2024,118.847
mwi,sex_m,eco_isic4_s,edu_aggregate_ltb,2024,137.013
mwi,sex_m,eco_isic4_s,edu_aggregate_total,2024,506.172
mwi,sex_m,eco_isic4_s,edu_isced11_0,2024,108.657
mwi,sex_m,eco_isic4_s,edu_isced11_1,2024,97.502
mwi,sex_m,eco_isic4_s,edu_isced11_2,2024,115.506
mwi,sex_m,eco_isic4_s,edu_isced11_3,2024,115.666
mwi,sex_m,eco_isic4_s,edu_isced11_4,2024,3.182
mwi,sex_m,eco_isic4_s,edu_isced11_5,2024,23.695
mwi,sex_m,eco_isic4_s,edu_isced11_6,2024,11.511
mwi,sex_m,eco_isic4_s,edu_isced11_7,2024,2.098
mwi,sex_m,eco_isic4_s,edu_isced11_total,2024,506.172
mwi,sex_m,eco_isic4_s,edu_isced11_x,2024,28.356
mwi,sex_m,eco_isic4_t,edu_aggregate_adv,2024,0.593
mwi,sex_m,eco_isic4_t,edu_aggregate_bas,2024,18.34
mwi,sex_m,eco_isic4_t,edu_aggregate_int,2024,4.919
mwi,sex_m,eco_isic4_t,edu_aggregate_ltb,2024,14.092
mwi,sex_m,eco_isic4_t,edu_aggregate_total,2024,37.943
mwi,sex_m,eco_isic4_t,edu_isced11_0,2024,10.728
mwi,sex_m,eco_isic4_t,edu_isced11_1,2024,9.629
mwi,sex_m,eco_isic4_t,edu_isced11_2,2024,8.711
mwi,sex_m,eco_isic4_t,edu_isced11_3,2024,4.89
mwi,sex_m,eco_isic4_t,edu_isced11_5,2024,0.264
mwi,sex_m,eco_isic4_t,edu_isced11_total,2024,37.943
mwi,sex_m,eco_isic4_t,edu_isced11_x,2024,3.364
mwi,sex_m,eco_isic4_total,edu_aggregate_adv,2024,160.465
mwi,sex_m,eco_isic4_total,edu_aggregate_bas,2024,1106.598
mwi,sex_m,eco_isic4_total,edu_aggregate_int,2024,530.15
mwi,sex_m,eco_isic4_total,edu_aggregate_ltb,2024,830.492
mwi,sex_m,eco_isic4_total,edu_aggregate_total,2024,2627.705
mwi,sex_m,eco_isic4_total,edu_isced11_0,2024,647.259
mwi,sex_m,eco_isic4_total,edu_isced11_1,2024,556.196
mwi,sex_m,eco_isic4_total,edu_isced11_2,2024,550.402
mwi,sex_m,eco_isic4_total,edu_isced11_3,2024,512.198
mwi,sex_m,eco_isic4_total,edu_isced11_4,2024,17.952
mwi,sex_m,eco_isic4_total,edu_isced11_5,2024,89.027
mwi,sex_m,eco_isic4_total,edu_isced11_6,2024,59.937
mwi,sex_m,eco_isic4_total,edu_isced11_7,2024,9.727
mwi,sex_m,eco_isic4_total,edu_isced11_8,2024,1.774
mwi,sex_m,eco_isic4_total,edu_isced11_total,2024,2627.705
mwi,sex_m,eco_isic4_total,edu_isced11_x,2024,183.233
mwi,sex_m,eco_isic4_u,edu_aggregate_adv,2024,0.735
mwi,sex_m,eco_isic4_u,edu_aggregate_bas,2024,4.847
mwi,sex_m,eco_isic4_u,edu_aggregate_int,2024,3.102
mwi,sex_m,eco_isic4_u,edu_aggregate_ltb,2024,2.386
mwi,sex_m,eco_isic4_u,edu_aggregate_total,2024,11.069
mwi,sex_m,eco_isic4_u,edu_isced11_0,2024,1.737
mwi,sex_m,eco_isic4_u,edu_isced11_1,2024,2.151
mwi,sex_m,eco_isic4_u,edu_isced11_2,2024,2.696
mwi,sex_m,eco_isic4_u,edu_isced11_3,2024,3.002
mwi,sex_m,eco_isic4_u,edu_isced11_total,2024,11.069
mwi,sex_m,eco_isic4_x,edu_aggregate_bas,2024,89.897
mwi,sex_m,eco_isic4_x,edu_aggregate_int,2024,47.696
mwi,sex_m,eco_isic4_x,edu_aggregate_ltb,2024,82.189
mwi,sex_m,eco_isic4_x,edu_aggregate_total,2024,220.041
mwi,sex_m,eco_isic4_x,edu_isced11_0,2024,64.208
mwi,sex_m,eco_isic4_x,edu_isced11_1,2024,46.793
mwi,sex_m,eco_isic4_x,edu_isced11_2,2024,43.103
mwi,sex_m,eco_isic4_x,edu_isced11_3,2024,47.046
mwi,sex_m,eco_isic4_x,edu_isced11_4,2024,0.649
mwi,sex_m,eco_isic4_x,edu_isced11_total,2024,220.041
mwi,sex_m,eco_isic4_x,edu_isced11_x,2024,17.982
mwi,sex_m,eco_sector_agr,edu_aggregate_adv,2013,6.482
mwi,sex_m,eco_sector_agr,edu_aggregate_adv,2024,14.315
mwi,sex_m,eco_sector_agr,edu_aggregate_bas,2013,446.684
mwi,sex_m,eco_sector_agr,edu_aggregate_bas,2024,511.729
mwi,sex_m,eco_sector_agr,edu_aggregate_int,2013,99.247
mwi,sex_m,eco_sector_agr,edu_aggregate_int,2024,149.473
mwi,sex_m,eco_sector_agr,edu_aggregate_ltb,2013,1190.88
mwi,sex_m,eco_sector_agr,edu_aggregate_ltb,2024,436.344
mwi,sex_m,eco_sector_agr,edu_aggregate_total,2013,1743.292
mwi,sex_m,eco_sector_agr,edu_aggregate_total,2024,1111.861
mwi,sex_m,eco_sector_agr,edu_isced11_0,2024,334.661
mwi,sex_m,eco_sector_agr,edu_isced11_1,2024,274.295
mwi,sex_m,eco_sector_agr,edu_isced11_2,2024,237.434
mwi,sex_m,eco_sector_agr,edu_isced11_3,2024,145.981
mwi,sex_m,eco_sector_agr,edu_isced11_4,2024,3.492
mwi,sex_m,eco_sector_agr,edu_isced11_5,2024,9.116
mwi,sex_m,eco_sector_agr,edu_isced11_6,2024,4.078
mwi,sex_m,eco_sector_agr,edu_isced11_7,2024,0.97
mwi,sex_m,eco_sector_agr,edu_isced11_total,2024,1111.861
mwi,sex_m,eco_sector_agr,edu_isced11_x,2024,101.683
mwi,sex_m,eco_sector_ind,edu_aggregate_adv,2013,13.533
mwi,sex_m,eco_sector_ind,edu_aggregate_adv,2024,14.988
mwi,sex_m,eco_sector_ind,edu_aggregate_bas,2013,86.364
mwi,sex_m,eco_sector_ind,edu_aggregate_bas,2024,100.83
mwi,sex_m,eco_sector_ind,edu_aggregate_int,2013,49.037
mwi,sex_m,eco_sector_ind,edu_aggregate_int,2024,49.452
mwi,sex_m,eco_sector_ind,edu_aggregate_ltb,2013,135.481
mwi,sex_m,eco_sector_ind,edu_aggregate_ltb,2024,61.403
mwi,sex_m,eco_sector_ind,edu_aggregate_total,2013,284.415
mwi,sex_m,eco_sector_ind,edu_aggregate_total,2024,226.673
mwi,sex_m,eco_sector_ind,edu_isced11_0,2024,49.732
mwi,sex_m,eco_sector_ind,edu_isced11_1,2024,45.914
mwi,sex_m,eco_sector_ind,edu_isced11_2,2024,54.916
mwi,sex_m,eco_sector_ind,edu_isced11_3,2024,45.374
mwi,sex_m,eco_sector_ind,edu_isced11_4,2024,4.079
mwi,sex_m,eco_sector_ind,edu_isced11_5,2024,3.622
mwi,sex_m,eco_sector_ind,edu_isced11_6,2024,9.839
mwi,sex_m,eco_sector_ind,edu_isced11_7,2024,1.526
mwi,sex_m,eco_sector_ind,edu_isced11_total,2024,226.673
mwi,sex_m,eco_sector_ind,edu_isced11_x,2024,11.671
mwi,sex_m,eco_sector_nag,edu_aggregate_adv,2013,110.989
mwi,sex_m,eco_sector_nag,edu_aggregate_adv,2024,146.15
mwi,sex_m,eco_sector_nag,edu_aggregate_bas,2013,350.916
mwi,sex_m,eco_sector_nag,edu_aggregate_bas,2024,594.87
mwi,sex_m,eco_sector_nag,edu_aggregate_int,2013,254.745
mwi,sex_m,eco_sector_nag,edu_aggregate_int,2024,380.677
mwi,sex_m,eco_sector_nag,edu_aggregate_ltb,2013,605.523
mwi,sex_m,eco_sector_nag,edu_aggregate_ltb,2024,394.148
mwi,sex_m,eco_sector_nag,edu_aggregate_total,2013,1322.173
mwi,sex_m,eco_sector_nag,edu_aggregate_total,2024,1515.844
mwi,sex_m,eco_sector_nag,edu_isced11_0,2024,312.598
mwi,sex_m,eco_sector_nag,edu_isced11_1,2024,281.902
mwi,sex_m,eco_sector_nag,edu_isced11_2,2024,312.968
mwi,sex_m,eco_sector_nag,edu_isced11_3,2024,366.217
mwi,sex_m,eco_sector_nag,edu_isced11_4,2024,14.46
mwi,sex_m,eco_sector_nag,edu_isced11_5,2024,79.91
mwi,sex_m,eco_sector_nag,edu_isced11_6,2024,55.859
mwi,sex_m,eco_sector_nag,edu_isced11_7,2024,8.757
mwi,sex_m,eco_sector_nag,edu_isced11_8,2024,1.623
mwi,sex_m,eco_sector_nag,edu_isced11_total,2024,1515.844
mwi,sex_m,eco_sector_nag,edu_isced11_x,2024,81.55
mwi,sex_m,eco_sector_ser,edu_aggregate_adv,2013,90.359
mwi,sex_m,eco_sector_ser,edu_aggregate_adv,2024,130.902
mwi,sex_m,eco_sector_ser,edu_aggregate_bas,2013,218.735
mwi,sex_m,eco_sector_ser,edu_aggregate_bas,2024,404.143
mwi,sex_m,eco_sector_ser,edu_aggregate_int,2013,183.323
mwi,sex_m,eco_sector_ser,edu_aggregate_int,2024,283.53
mwi,sex_m,eco_sector_ser,edu_aggregate_ltb,2013,351.255
mwi,sex_m,eco_sector_ser,edu_aggregate_ltb,2024,250.555
mwi,sex_m,eco_sector_ser,edu_aggregate_total,2013,843.672
mwi,sex_m,eco_sector_ser,edu_aggregate_total,2024,1069.13
mwi,sex_m,eco_sector_ser,edu_isced11_0,2024,198.659
mwi,sex_m,eco_sector_ser,edu_isced11_1,2024,189.194
mwi,sex_m,eco_sector_ser,edu_isced11_2,2024,214.949
mwi,sex_m,eco_sector_ser,edu_isced11_3,2024,273.797
mwi,sex_m,eco_sector_ser,edu_isced11_4,2024,9.732
mwi,sex_m,eco_sector_ser,edu_isced11_5,2024,76.116
mwi,sex_m,eco_sector_ser,edu_isced11_6,2024,45.932
mwi,sex_m,eco_sector_ser,edu_isced11_7,2024,7.231
mwi,sex_m,eco_sector_ser,edu_isced11_8,2024,1.623
mwi,sex_m,eco_sector_ser,edu_isced11_total,2024,1069.13
mwi,sex_m,eco_sector_ser,edu_isced11_x,2024,51.897
mwi,sex_m,eco_sector_total,edu_aggregate_adv,2013,117.471
mwi,sex_m,eco_sector_total,edu_aggregate_adv,2024,160.465
mwi,sex_m,eco_sector_total,edu_aggregate_bas,2013,797.6
mwi,sex_m,eco_sector_total,edu_aggregate_bas,2024,1106.598
mwi,sex_m,eco_sector_total,edu_aggregate_int,2013,353.992
mwi,sex_m,eco_sector_total,edu_aggregate_int,2024,530.15
mwi,sex_m,eco_sector_total,edu_aggregate_ltb,2013,1796.402
mwi,sex_m,eco_sector_total,edu_aggregate_ltb,2024,830.492
mwi,sex_m,eco_sector_total,edu_aggregate_total,2013,3065.466
mwi,sex_m,eco_sector_total,edu_aggregate_total,2024,2627.705
mwi,sex_m,eco_sector_total,edu_isced11_0,2024,647.259
mwi,sex_m,eco_sector_total,edu_isced11_1,2024,556.196
mwi,sex_m,eco_sector_total,edu_isced11_2,2024,550.402
mwi,sex_m,eco_sector_total,edu_isced11_3,2024,512.198
mwi,sex_m,eco_sector_total,edu_isced11_4,2024,17.952
mwi,sex_m,eco_sector_total,edu_isced11_5,2024,89.027
mwi,sex_m,eco_sector_total,edu_isced11_6,2024,59.937
mwi,sex_m,eco_sector_total,edu_isced11_7,2024,9.727
mwi,sex_m,eco_sector_total,edu_isced11_8,2024,1.774
mwi,sex_m,eco_sector_total,edu_isced11_total,2024,2627.705
mwi,sex_m,eco_sector_total,edu_isced11_x,2024,183.233
mwi,sex_m,eco_sector_x,edu_aggregate_adv,2013,7.096
mwi,sex_m,eco_sector_x,edu_aggregate_bas,2013,45.818
mwi,sex_m,eco_sector_x,edu_aggregate_bas,2024,89.897
mwi,sex_m,eco_sector_x,edu_aggregate_int,2013,22.385
mwi,sex_m,eco_sector_x,edu_aggregate_int,2024,47.696
mwi,sex_m,eco_sector_x,edu_aggregate_ltb,2013,118.787
mwi,sex_m,eco_sector_x,edu_aggregate_ltb,2024,82.189
mwi,sex_m,eco_sector_x,edu_aggregate_total,2013,194.086
mwi,sex_m,eco_sector_x,edu_aggregate_total,2024,220.041
mwi,sex_m,eco_sector_x,edu_isced11_0,2024,64.208
mwi,sex_m,eco_sector_x,edu_isced11_1,2024,46.793
mwi,sex_m,eco_sector_x,edu_isced11_2,2024,43.103
mwi,sex_m,eco_sector_x,edu_isced11_3,2024,47.046
mwi,sex_m,eco_sector_x,edu_isced11_4,2024,0.649
mwi,sex_m,eco_sector_x,edu_isced11_total,2024,220.041
mwi,sex_m,eco_sector_x,edu_isced11_x,2024,17.982
mwi,sex_t,eco_aggregate_agr,edu_aggregate_adv,2013,10.208
mwi,sex_t,eco_aggregate_agr,edu_aggregate_adv,2024,23.243
mwi,sex_t,eco_aggregate_agr,edu_aggregate_bas,2013,805.64
mwi,sex_t,eco_aggregate_agr,edu_aggregate_bas,2024,1001.798
mwi,sex_t,eco_aggregate_agr,edu_aggregate_int,2013,144.253
mwi,sex_t,eco_aggregate_agr,edu_aggregate_int,2024,218
mwi,sex_t,eco_aggregate_agr,edu_aggregate_ltb,2013,2816.277
mwi,sex_t,eco_aggregate_agr,edu_aggregate_ltb,2024,984.189
mwi,sex_t,eco_aggregate_agr,edu_aggregate_total,2013,3776.378
mwi,sex_t,eco_aggregate_agr,edu_aggregate_total,2024,2227.23
mwi,sex_t,eco_aggregate_agr,edu_isced11_0,2024,706.851
mwi,sex_t,eco_aggregate_agr,edu_isced11_1,2024,550.968
mwi,sex_t,eco_aggregate_agr,edu_isced11_2,2024,450.83
mwi,sex_t,eco_aggregate_agr,edu_isced11_3,2024,213.672
mwi,sex_t,eco_aggregate_agr,edu_isced11_4,2024,4.328
mwi,sex_t,eco_aggregate_agr,edu_isced11_5,2024,15.302
mwi,sex_t,eco_aggregate_agr,edu_isced11_6,2024,6.553
mwi,sex_t,eco_aggregate_agr,edu_isced11_7,2024,1.236
mwi,sex_t,eco_aggregate_agr,edu_isced11_total,2024,2227.23
mwi,sex_t,eco_aggregate_agr,edu_isced11_x,2024,277.338
mwi,sex_t,eco_aggregate_con,edu_aggregate_adv,2013,5.118
mwi,sex_t,eco_aggregate_con,edu_aggregate_adv,2024,2.916
mwi,sex_t,eco_aggregate_con,edu_aggregate_bas,2013,49.502
mwi,sex_t,eco_aggregate_con,edu_aggregate_bas,2024,76.714
mwi,sex_t,eco_aggregate_con,edu_aggregate_int,2013,14.666
mwi,sex_t,eco_aggregate_con,edu_aggregate_int,2024,26.193
mwi,sex_t,eco_aggregate_con,edu_aggregate_ltb,2013,81.716
mwi,sex_t,eco_aggregate_con,edu_aggregate_ltb,2024,48.666
mwi,sex_t,eco_aggregate_con,edu_aggregate_total,2013,151.002
mwi,sex_t,eco_aggregate_con,edu_aggregate_total,2024,154.489
mwi,sex_t,eco_aggregate_con,edu_isced11_0,2024,40.154
mwi,sex_t,eco_aggregate_con,edu_isced11_1,2024,37.28
mwi,sex_t,eco_aggregate_con,edu_isced11_2,2024,39.434
mwi,sex_t,eco_aggregate_con,edu_isced11_3,2024,25.174
mwi,sex_t,eco_aggregate_con,edu_isced11_4,2024,1.019
mwi,sex_t,eco_aggregate_con,edu_isced11_5,2024,0.983
mwi,sex_t,eco_aggregate_con,edu_isced11_6,2024,1.609
mwi,sex_t,eco_aggregate_con,edu_isced11_total,2024,154.489
mwi,sex_t,eco_aggregate_con,edu_isced11_x,2024,8.512
mwi,sex_t,eco_aggregate_man,edu_aggregate_adv,2013,5.509
mwi,sex_t,eco_aggregate_man,edu_aggregate_adv,2024,10.471
mwi,sex_t,eco_aggregate_man,edu_aggregate_bas,2013,63.77
mwi,sex_t,eco_aggregate_man,edu_aggregate_bas,2024,40.242
mwi,sex_t,eco_aggregate_man,edu_aggregate_int,2013,29.024
mwi,sex_t,eco_aggregate_man,edu_aggregate_int,2024,31.568
mwi,sex_t,eco_aggregate_man,edu_aggregate_ltb,2013,138.738
mwi,sex_t,eco_aggregate_man,edu_aggregate_ltb,2024,30.77
mwi,sex_t,eco_aggregate_man,edu_aggregate_total,2013,237.041
mwi,sex_t,eco_aggregate_man,edu_aggregate_total,2024,113.05
mwi,sex_t,eco_aggregate_man,edu_isced11_0,2024,21.76
mwi,sex_t,eco_aggregate_man,edu_isced11_1,2024,18.396
mwi,sex_t,eco_aggregate_man,edu_isced11_2,2024,21.846
mwi,sex_t,eco_aggregate_man,edu_isced11_3,2024,30.597
mwi,sex_t,eco_aggregate_man,edu_isced11_4,2024,0.971
mwi,sex_t,eco_aggregate_man,edu_isced11_5,2024,3.004
mwi,sex_t,eco_aggregate_man,edu_isced11_6,2024,7.282
mwi,sex_t,eco_aggregate_man,edu_isced11_total,2024,113.05
mwi,sex_t,eco_aggregate_man,edu_isced11_x,2024,9.009
mwi,sex_t,eco_aggregate_mel,edu_aggregate_adv,2013,5.404
mwi,sex_t,eco_aggregate_mel,edu_aggregate_adv,2024,3.688
mwi,sex_t,eco_aggregate_mel,edu_aggregate_bas,2013,4.782
mwi,sex_t,eco_aggregate_mel,edu_aggregate_bas,2024,18.117
mwi,sex_t,eco_aggregate_mel,edu_aggregate_int,2013,13.36
mwi,sex_t,eco_aggregate_mel,edu_aggregate_int,2024,11.308
mwi,sex_t,eco_aggregate_mel,edu_aggregate_ltb,2013,13.315
mwi,sex_t,eco_aggregate_mel,edu_aggregate_ltb,2024,21.682
mwi,sex_t,eco_aggregate_mel,edu_aggregate_total,2013,36.86
mwi,sex_t,eco_aggregate_mel,edu_aggregate_total,2024,54.795
mwi,sex_t,eco_aggregate_mel,edu_isced11_0,2024,16.899
mwi,sex_t,eco_aggregate_mel,edu_isced11_1,2024,10.626
mwi,sex_t,eco_aggregate_mel,edu_isced11_2,2024,7.491
mwi,sex_t,eco_aggregate_mel,edu_isced11_3,2024,8.852
mwi,sex_t,eco_aggregate_mel,edu_isced11_4,2024,2.456
mwi,sex_t,eco_aggregate_mel,edu_isced11_5,2024,1.043
mwi,sex_t,eco_aggregate_mel,edu_isced11_6,2024,1.428
mwi,sex_t,eco_aggregate_mel,edu_isced11_7,2024,1.217
mwi,sex_t,eco_aggregate_mel,edu_isced11_total,2024,54.795
mwi,sex_t,eco_aggregate_mel,edu_isced11_x,2024,4.782
mwi,sex_t,eco_aggregate_mkt,edu_aggregate_adv,2013,40.14
mwi,sex_t,eco_aggregate_mkt,edu_aggregate_adv,2024,55.325
mwi,sex_t,eco_aggregate_mkt,edu_aggregate_bas,2013,293.402
mwi,sex_t,eco_aggregate_mkt,edu_aggregate_bas,2024,294.465
mwi,sex_t,eco_aggregate_mkt,edu_aggregate_int,2013,174.288
mwi,sex_t,eco_aggregate_mkt,edu_aggregate_int,2024,180.293
mwi,sex_t,eco_aggregate_mkt,edu_aggregate_ltb,2013,613.748
mwi,sex_t,eco_aggregate_mkt,edu_aggregate_ltb,2024,171.553
mwi,sex_t,eco_aggregate_mkt,edu_aggregate_total,2013,1121.578
mwi,sex_t,eco_aggregate_mkt,edu_aggregate_total,2024,701.636
mwi,sex_t,eco_aggregate_mkt,edu_isced11_0,2024,136.758
mwi,sex_t,eco_aggregate_mkt,edu_isced11_1,2024,147.017
mwi,sex_t,eco_aggregate_mkt,edu_isced11_2,2024,147.448
mwi,sex_t,eco_aggregate_mkt,edu_isced11_3,2024,174.418
mwi,sex_t,eco_aggregate_mkt,edu_isced11_4,2024,5.874
mwi,sex_t,eco_aggregate_mkt,edu_isced11_5,2024,22.803
mwi,sex_t,eco_aggregate_mkt,edu_isced11_6,2024,27.844
mwi,sex_t,eco_aggregate_mkt,edu_isced11_7,2024,4.263
mwi,sex_t,eco_aggregate_mkt,edu_isced11_8,2024,0.414
mwi,sex_t,eco_aggregate_mkt,edu_isced11_total,2024,701.636
mwi,sex_t,eco_aggregate_mkt,edu_isced11_x,2024,34.794
mwi,sex_t,eco_aggregate_pub,edu_aggregate_adv,2013,89.119
mwi,sex_t,eco_aggregate_pub,edu_aggregate_adv,2024,156.443
mwi,sex_t,eco_aggregate_pub,edu_aggregate_bas,2013,87.34
mwi,sex_t,eco_aggregate_pub,edu_aggregate_bas,2024,482.109
mwi,sex_t,eco_aggregate_pub,edu_aggregate_int,2013,121.602
mwi,sex_t,eco_aggregate_pub,edu_aggregate_int,2024,301.099
mwi,sex_t,eco_aggregate_pub,edu_aggregate_ltb,2013,95.808
mwi,sex_t,eco_aggregate_pub,edu_aggregate_ltb,2024,354.241
mwi,sex_t,eco_aggregate_pub,edu_aggregate_total,2013,393.869
mwi,sex_t,eco_aggregate_pub,edu_aggregate_total,2024,1293.892
mwi,sex_t,eco_aggregate_pub,edu_isced11_0,2024,258.671
mwi,sex_t,eco_aggregate_pub,edu_isced11_1,2024,223.179
mwi,sex_t,eco_aggregate_pub,edu_isced11_2,2024,258.931
mwi,sex_t,eco_aggregate_pub,edu_isced11_3,2024,293.202
mwi,sex_t,eco_aggregate_pub,edu_isced11_4,2024,7.897
mwi,sex_t,eco_aggregate_pub,edu_isced11_5,2024,105.24
mwi,sex_t,eco_aggregate_pub,edu_isced11_6,2024,43.133
mwi,sex_t,eco_aggregate_pub,edu_isced11_7,2024,6.38
mwi,sex_t,eco_aggregate_pub,edu_isced11_8,2024,1.689
mwi,sex_t,eco_aggregate_pub,edu_isced11_total,2024,1293.892
mwi,sex_t,eco_aggregate_pub,edu_isced11_x,2024,95.569
mwi,sex_t,eco_aggregate_total,edu_aggregate_adv,2013,165.22
mwi,sex_t,eco_aggregate_total,edu_aggregate_adv,2024,252.346
mwi,sex_t,eco_aggregate_total,edu_aggregate_bas,2013,1397.587
mwi,sex_t,eco_aggregate_total,edu_aggregate_bas,2024,2112.695
mwi,sex_t,eco_aggregate_total,edu_aggregate_int,2013,531.829
mwi,sex_t,eco_aggregate_total,edu_aggregate_int,2024,834.913
mwi,sex_t,eco_aggregate_total,edu_aggregate_ltb,2013,4059.614
mwi,sex_t,eco_aggregate_total,edu_aggregate_ltb,2024,1799.494
mwi,sex_t,eco_aggregate_total,edu_aggregate_total,2013,6154.25
mwi,sex_t,eco_aggregate_total,edu_aggregate_total,2024,4999.447
mwi,sex_t,eco_aggregate_total,edu_isced11_0,2024,1321.602
mwi,sex_t,eco_aggregate_total,edu_isced11_1,2024,1094.846
mwi,sex_t,eco_aggregate_total,edu_isced11_2,2024,1017.848
mwi,sex_t,eco_aggregate_total,edu_isced11_3,2024,811.719
mwi,sex_t,eco_aggregate_total,edu_isced11_4,2024,23.194
mwi,sex_t,eco_aggregate_total,edu_isced11_5,2024,148.547
mwi,sex_t,eco_aggregate_total,edu_isced11_6,2024,87.937
mwi,sex_t,eco_aggregate_total,edu_isced11_7,2024,13.606
mwi,sex_t,eco_aggregate_total,edu_isced11_8,2024,2.255
mwi,sex_t,eco_aggregate_total,edu_isced11_total,2024,4999.447
mwi,sex_t,eco_aggregate_total,edu_isced11_x,2024,477.892
mwi,sex_t,eco_aggregate_x,edu_aggregate_adv,2013,9.722
mwi,sex_t,eco_aggregate_x,edu_aggregate_bas,2013,93.152
mwi,sex_t,eco_aggregate_x,edu_aggregate_bas,2024,199.249
mwi,sex_t,eco_aggregate_x,edu_aggregate_int,2013,34.637
mwi,sex_t,eco_aggregate_x,edu_aggregate_int,2024,66.453
mwi,sex_t,eco_aggregate_x,edu_aggregate_ltb,2013,300.012
mwi,sex_t,eco_aggregate_x,edu_aggregate_ltb,2024,188.394
mwi,sex_t,eco_aggregate_x,edu_aggregate_total,2013,437.522
mwi,sex_t,eco_aggregate_x,edu_aggregate_total,2024,454.355
mwi,sex_t,eco_aggregate_x,edu_isced11_0,2024,140.507
mwi,sex_t,eco_aggregate_x,edu_isced11_1,2024,107.381
mwi,sex_t,eco_aggregate_x,edu_isced11_2,2024,91.868
mwi,sex_t,eco_aggregate_x,edu_isced11_3,2024,65.804
mwi,sex_t,eco_aggregate_x,edu_isced11_4,2024,0.649
mwi,sex_t,eco_aggregate_x,edu_isced11_total,2024,454.355
mwi,sex_t,eco_aggregate_x,edu_isced11_x,2024,47.887
mwi,sex_t,eco_isic4_a,edu_aggregate_adv,2024,23.243
mwi,sex_t,eco_isic4_a,edu_aggregate_bas,2024,1001.798
mwi,sex_t,eco_isic4_a,edu_aggregate_int,2024,218
mwi,sex_t,eco_isic4_a,edu_aggregate_ltb,2024,984.189
mwi,sex_t,eco_isic4_a,edu_aggregate_total,2024,2227.23
mwi,sex_t,eco_isic4_a,edu_isced11_0,2024,706.851
mwi,sex_t,eco_isic4_a,edu_isced11_1,2024,550.968
mwi,sex_t,eco_isic4_a,edu_isced11_2,2024,450.83
mwi,sex_t,eco_isic4_a,edu_isced11_3,2024,213.672
mwi,sex_t,eco_isic4_a,edu_isced11_4,2024,4.328
mwi,sex_t,eco_isic4_a,edu_isced11_5,2024,15.302
mwi,sex_t,eco_isic4_a,edu_isced11_6,2024,6.553
mwi,sex_t,eco_isic4_a,edu_isced11_7,2024,1.236
mwi,sex_t,eco_isic4_a,edu_isced11_total,2024,2227.23
mwi,sex_t,eco_isic4_a,edu_isced11_x,2024,277.338
mwi,sex_t,eco_isic4_b,edu_aggregate_bas,2024,11.089
mwi,sex_t,eco_isic4_b,edu_aggregate_int,2024,2.501
mwi,sex_t,eco_isic4_b,edu_aggregate_ltb,2024,17.316
mwi,sex_t,eco_isic4_b,edu_aggregate_total,2024,31.027
mwi,sex_t,eco_isic4_b,edu_isced11_0,2024,13.29
mwi,sex_t,eco_isic4_b,edu_isced11_1,2024,7.47
mwi,sex_t,eco_isic4_b,edu_isced11_2,2024,3.619
mwi,sex_t,eco_isic4_b,edu_isced11_3,2024,2.501
mwi,sex_t,eco_isic4_b,edu_isced11_total,2024,31.027
mwi,sex_t,eco_isic4_b,edu_isced11_x,2024,4.026
mwi,sex_t,eco_isic4_c,edu_aggregate_adv,2024,10.471
mwi,sex_t,eco_isic4_c,edu_aggregate_bas,2024,40.242
mwi,sex_t,eco_isic4_c,edu_aggregate_int,2024,31.568
mwi,sex_t,eco_isic4_c,edu_aggregate_ltb,2024,30.77
mwi,sex_t,eco_isic4_c,edu_aggregate_total,2024,113.05
mwi,sex_t,eco_isic4_c,edu_isced11_0,2024,21.76
mwi,sex_t,eco_isic4_c,edu_isced11_1,2024,18.396
mwi,sex_t,eco_isic4_c,edu_isced11_2,2024,21.846
mwi,sex_t,eco_isic4_c,edu_isced11_3,2024,30.597
mwi,sex_t,eco_isic4_c,edu_isced11_4,2024,0.971
mwi,sex_t,eco_isic4_c,edu_isced11_5,2024,3.004
mwi,sex_t,eco_isic4_c,edu_isced11_6,2024,7.282
mwi,sex_t,eco_isic4_c,edu_isced11_total,2024,113.05
mwi,sex_t,eco_isic4_c,edu_isced11_x,2024,9.009
mwi,sex_t,eco_isic4_d,edu_aggregate_adv,2024,2.652
mwi,sex_t,eco_isic4_d,edu_aggregate_bas,2024,3.662
mwi,sex_t,eco_isic4_d,edu_aggregate_int,2024,5.521
mwi,sex_t,eco_isic4_d,edu_aggregate_ltb,2024,1.413
mwi,sex_t,eco_isic4_d,edu_aggregate_total,2024,13.248
mwi,sex_t,eco_isic4_d,edu_isced11_0,2024,1.413
mwi,sex_t,eco_isic4_d,edu_isced11_1,2024,0.989
mwi,sex_t,eco_isic4_d,edu_isced11_2,2024,2.673
mwi,sex_t,eco_isic4_d,edu_isced11_3,2024,3.36
mwi,sex_t,eco_isic4_d,edu_isced11_4,2024,2.161
mwi,sex_t,eco_isic4_d,edu_isced11_5,2024,0.826
mwi,sex_t,eco_isic4_d,edu_isced11_6,2024,1.379
mwi,sex_t,eco_isic4_d,edu_isced11_total,2024,13.248
mwi,sex_t,eco_isic4_e,edu_aggregate_adv,2024,0.914
mwi,sex_t,eco_isic4_e,edu_aggregate_bas,2024,3.367
mwi,sex_t,eco_isic4_e,edu_aggregate_int,2024,3.286
mwi,sex_t,eco_isic4_e,edu_aggregate_ltb,2024,2.953
mwi,sex_t,eco_isic4_e,edu_aggregate_total,2024,10.52
mwi,sex_t,eco_isic4_e,edu_isced11_0,2024,2.196
mwi,sex_t,eco_isic4_e,edu_isced11_1,2024,2.168
mwi,sex_t,eco_isic4_e,edu_isced11_2,2024,1.199
mwi,sex_t,eco_isic4_e,edu_isced11_3,2024,2.991
mwi,sex_t,eco_isic4_e,edu_isced11_total,2024,10.52
mwi,sex_t,eco_isic4_f,edu_aggregate_adv,2024,2.916
mwi,sex_t,eco_isic4_f,edu_aggregate_bas,2024,76.714
mwi,sex_t,eco_isic4_f,edu_aggregate_int,2024,26.193
mwi,sex_t,eco_isic4_f,edu_aggregate_ltb,2024,48.666
mwi,sex_t,eco_isic4_f,edu_aggregate_total,2024,154.489
mwi,sex_t,eco_isic4_f,edu_isced11_0,2024,40.154
mwi,sex_t,eco_isic4_f,edu_isced11_1,2024,37.28
mwi,sex_t,eco_isic4_f,edu_isced11_2,2024,39.434
mwi,sex_t,eco_isic4_f,edu_isced11_3,2024,25.174
mwi,sex_t,eco_isic4_f,edu_isced11_4,2024,1.019
mwi,sex_t,eco_isic4_f,edu_isced11_5,2024,0.983
mwi,sex_t,eco_isic4_f,edu_isced11_6,2024,1.609
mwi,sex_t,eco_isic4_f,edu_isced11_total,2024,154.489
mwi,sex_t,eco_isic4_f,edu_isced11_x,2024,8.512
mwi,sex_t,eco_isic4_g,edu_aggregate_adv,2024,8.827
mwi,sex_t,eco_isic4_g,edu_aggregate_bas,2024,147.471
mwi,sex_t,eco_isic4_g,edu_aggregate_int,2024,102.762
mwi,sex_t,eco_isic4_g,edu_aggregate_ltb,2024,76.085
mwi,sex_t,eco_isic4_g,edu_aggregate_total,2024,335.146
mwi,sex_t,eco_isic4_g,edu_isced11_0,2024,61.664
mwi,sex_t,eco_isic4_g,edu_isced11_1,2024,74.67
mwi,sex_t,eco_isic4_g,edu_isced11_2,2024,72.801
mwi,sex_t,eco_isic4_g,edu_isced11_3,2024,99.639
mwi,sex_t,eco_isic4_g,edu_isced11_4,2024,3.124
mwi,sex_t,eco_isic4_g,edu_isced11_5,2024,5.16
mwi,sex_t,eco_isic4_g,edu_isced11_6,2024,3.217
mwi,sex_t,eco_isic4_g,edu_isced11_total,2024,335.146
mwi,sex_t,eco_isic4_g,edu_isced11_x,2024,14.421
mwi,sex_t,eco_isic4_h,edu_aggregate_adv,2024,5.789
mwi,sex_t,eco_isic4_h,edu_aggregate_bas,2024,47.766
mwi,sex_t,eco_isic4_h,edu_aggregate_int,2024,21.756
mwi,sex_t,eco_isic4_h,edu_aggregate_ltb,2024,25.176
mwi,sex_t,eco_isic4_h,edu_aggregate_total,2024,100.488
mwi,sex_t,eco_isic4_h,edu_isced11_0,2024,22.074
mwi,sex_t,eco_isic4_h,edu_isced11_1,2024,21.296
mwi,sex_t,eco_isic4_h,edu_isced11_2,2024,26.47
mwi,sex_t,eco_isic4_h,edu_isced11_3,2024,21.405
mwi,sex_t,eco_isic4_h,edu_isced11_5,2024,3.008
mwi,sex_t,eco_isic4_h,edu_isced11_6,2024,2.399
mwi,sex_t,eco_isic4_h,edu_isced11_total,2024,100.488
mwi,sex_t,eco_isic4_h,edu_isced11_x,2024,3.102
mwi,sex_t,eco_isic4_i,edu_aggregate_adv,2024,3.298
mwi,sex_t,eco_isic4_i,edu_aggregate_bas,2024,83.927
mwi,sex_t,eco_isic4_i,edu_aggregate_int,2024,32.139
mwi,sex_t,eco_isic4_i,edu_aggregate_ltb,2024,59.153
mwi,sex_t,eco_isic4_i,edu_aggregate_total,2024,178.517
mwi,sex_t,eco_isic4_i,edu_isced11_0,2024,45.743
mwi,sex_t,eco_isic4_i,edu_isced11_1,2024,45.571
mwi,sex_t,eco_isic4_i,edu_isced11_2,2024,38.355
mwi,sex_t,eco_isic4_i,edu_isced11_3,2024,31.958
mwi,sex_t,eco_isic4_i,edu_isced11_5,2024,1.953
mwi,sex_t,eco_isic4_i,edu_isced11_6,2024,1.345
mwi,sex_t,eco_isic4_i,edu_isced11_total,2024,178.517
mwi,sex_t,eco_isic4_i,edu_isced11_x,2024,13.41
mwi,sex_t,eco_isic4_j,edu_aggregate_adv,2024,7.343
mwi,sex_t,eco_isic4_j,edu_aggregate_bas,2024,0.924
mwi,sex_t,eco_isic4_j,edu_aggregate_int,2024,2.941
mwi,sex_t,eco_isic4_j,edu_aggregate_total,2024,11.55
mwi,sex_t,eco_isic4_j,edu_isced11_3,2024,2.123
mwi,sex_t,eco_isic4_j,edu_isced11_4,2024,0.818
mwi,sex_t,eco_isic4_j,edu_isced11_5,2024,2.135
mwi,sex_t,eco_isic4_j,edu_isced11_6,2024,4.571
mwi,sex_t,eco_isic4_j,edu_isced11_total,2024,11.55
mwi,sex_t,eco_isic4_k,edu_aggregate_adv,2024,10.763
mwi,sex_t,eco_isic4_k,edu_aggregate_bas,2024,6.081
mwi,sex_t,eco_isic4_k,edu_aggregate_int,2024,6.806
mwi,sex_t,eco_isic4_k,edu_aggregate_ltb,2024,5.283
mwi,sex_t,eco_isic4_k,edu_aggregate_total,2024,28.933
mwi,sex_t,eco_isic4_k,edu_isced11_0,2024,3.394
mwi,sex_t,eco_isic4_k,edu_isced11_1,2024,1.708
mwi,sex_t,eco_isic4_k,edu_isced11_2,2024,4.372
mwi,sex_t,eco_isic4_k,edu_isced11_3,2024,6.465
mwi,sex_t,eco_isic4_k,edu_isced11_5,2024,3.08
mwi,sex_t,eco_isic4_k,edu_isced11_6,2024,6.088
mwi,sex_t,eco_isic4_k,edu_isced11_7,2024,1.552
mwi,sex_t,eco_isic4_k,edu_isced11_total,2024,28.933
mwi,sex_t,eco_isic4_k,edu_isced11_x,2024,1.889
mwi,sex_t,eco_isic4_l,edu_aggregate_adv,2024,1.54
mwi,sex_t,eco_isic4_l,edu_aggregate_bas,2024,2.05
mwi,sex_t,eco_isic4_l,edu_aggregate_int,2024,0.781
mwi,sex_t,eco_isic4_l,edu_aggregate_ltb,2024,2.194
mwi,sex_t,eco_isic4_l,edu_aggregate_total,2024,6.565
mwi,sex_t,eco_isic4_l,edu_isced11_3,2024,0.781
mwi,sex_t,eco_isic4_l,edu_isced11_6,2024,1.25
mwi,sex_t,eco_isic4_l,edu_isced11_total,2024,6.565
mwi,sex_t,eco_isic4_m,edu_aggregate_adv,2024,11.326
mwi,sex_t,eco_isic4_m,edu_aggregate_bas,2024,3.637
mwi,sex_t,eco_isic4_m,edu_aggregate_int,2024,10.369
mwi,sex_t,eco_isic4_m,edu_aggregate_ltb,2024,2.208
mwi,sex_t,eco_isic4_m,edu_aggregate_total,2024,27.54
mwi,sex_t,eco_isic4_m,edu_isced11_0,2024,1.751
mwi,sex_t,eco_isic4_m,edu_isced11_1,2024,2.104
mwi,sex_t,eco_isic4_m,edu_isced11_2,2024,1.533
mwi,sex_t,eco_isic4_m,edu_isced11_3,2024,9.403
mwi,sex_t,eco_isic4_m,edu_isced11_4,2024,0.966
mwi,sex_t,eco_isic4_m,edu_isced11_5,2024,5.575
mwi,sex_t,eco_isic4_m,edu_isced11_6,2024,4.821
mwi,sex_t,eco_isic4_m,edu_isced11_7,2024,0.644
mwi,sex_t,eco_isic4_m,edu_isced11_total,2024,27.54
mwi,sex_t,eco_isic4_n,edu_aggregate_adv,2024,6.44
mwi,sex_t,eco_isic4_n,edu_aggregate_bas,2024,2.608
mwi,sex_t,eco_isic4_n,edu_aggregate_int,2024,2.738
mwi,sex_t,eco_isic4_n,edu_aggregate_ltb,2024,1.11
mwi,sex_t,eco_isic4_n,edu_aggregate_total,2024,12.897
mwi,sex_t,eco_isic4_n,edu_isced11_2,2024,2.348
mwi,sex_t,eco_isic4_n,edu_isced11_3,2024,2.644
mwi,sex_t,eco_isic4_n,edu_isced11_5,2024,1.602
mwi,sex_t,eco_isic4_n,edu_isced11_6,2024,4.154
mwi,sex_t,eco_isic4_n,edu_isced11_7,2024,0.625
mwi,sex_t,eco_isic4_n,edu_isced11_total,2024,12.897
mwi,sex_t,eco_isic4_o,edu_aggregate_adv,2024,5.95
mwi,sex_t,eco_isic4_o,edu_aggregate_bas,2024,7.475
mwi,sex_t,eco_isic4_o,edu_aggregate_int,2024,17.267
mwi,sex_t,eco_isic4_o,edu_aggregate_ltb,2024,3.696
mwi,sex_t,eco_isic4_o,edu_aggregate_total,2024,34.388
mwi,sex_t,eco_isic4_o,edu_isced11_0,2024,1.99
mwi,sex_t,eco_isic4_o,edu_isced11_1,2024,2.344
mwi,sex_t,eco_isic4_o,edu_isced11_2,2024,5.13
mwi,sex_t,eco_isic4_o,edu_isced11_3,2024,16.27
mwi,sex_t,eco_isic4_o,edu_isced11_4,2024,0.997
mwi,sex_t,eco_isic4_o,edu_isced11_5,2024,2.843
mwi,sex_t,eco_isic4_o,edu_isced11_6,2024,3.018
mwi,sex_t,eco_isic4_o,edu_isced11_total,2024,34.388
mwi,sex_t,eco_isic4_p,edu_aggregate_adv,2024,56.186
mwi,sex_t,eco_isic4_p,edu_aggregate_bas,2024,4.317
mwi,sex_t,eco_isic4_p,edu_aggregate_int,2024,28.838
mwi,sex_t,eco_isic4_p,edu_aggregate_ltb,2024,1.625
mwi,sex_t,eco_isic4_p,edu_aggregate_total,2024,90.967
mwi,sex_t,eco_isic4_p,edu_isced11_0,2024,0.861
mwi,sex_t,eco_isic4_p,edu_isced11_1,2024,0.636
mwi,sex_t,eco_isic4_p,edu_isced11_2,2024,3.681
mwi,sex_t,eco_isic4_p,edu_isced11_3,2024,28.62
mwi,sex_t,eco_isic4_p,edu_isced11_5,2024,45.288
mwi,sex_t,eco_isic4_p,edu_isced11_6,2024,9.334
mwi,sex_t,eco_isic4_p,edu_isced11_7,2024,0.863
mwi,sex_t,eco_isic4_p,edu_isced11_8,2024,0.7
mwi,sex_t,eco_isic4_p,edu_isced11_total,2024,90.967
mwi,sex_t,eco_isic4_q,edu_aggregate_adv,2024,31.681
mwi,sex_t,eco_isic4_q,edu_aggregate_bas,2024,4.703
mwi,sex_t,eco_isic4_q,edu_aggregate_int,2024,21.704
mwi,sex_t,eco_isic4_q,edu_aggregate_ltb,2024,1.84
mwi,sex_t,eco_isic4_q,edu_aggregate_total,2024,59.928
mwi,sex_t,eco_isic4_q,edu_isced11_0,2024,1.714
mwi,sex_t,eco_isic4_q,edu_isced11_1,2024,0.963
mwi,sex_t,eco_isic4_q,edu_isced11_2,2024,3.74
mwi,sex_t,eco_isic4_q,edu_isced11_3,2024,21.321
mwi,sex_t,eco_isic4_q,edu_isced11_5,2024,16.321
mwi,sex_t,eco_isic4_q,edu_isced11_6,2024,13.556
mwi,sex_t,eco_isic4_q,edu_isced11_7,2024,1.092
mwi,sex_t,eco_isic4_q,edu_isced11_total,2024,59.928
mwi,sex_t,eco_isic4_r,edu_aggregate_adv,2024,2.044
mwi,sex_t,eco_isic4_r,edu_aggregate_bas,2024,14.71
mwi,sex_t,eco_isic4_r,edu_aggregate_int,2024,11.169
mwi,sex_t,eco_isic4_r,edu_aggregate_ltb,2024,11.367
mwi,sex_t,eco_isic4_r,edu_aggregate_total,2024,39.29
mwi,sex_t,eco_isic4_r,edu_isced11_0,2024,8.585
mwi,sex_t,eco_isic4_r,edu_isced11_1,2024,6.422
mwi,sex_t,eco_isic4_r,edu_isced11_2,2024,8.287
mwi,sex_t,eco_isic4_r,edu_isced11_3,2024,10.613
mwi,sex_t,eco_isic4_r,edu_isced11_5,2024,1.462
mwi,sex_t,eco_isic4_r,edu_isced11_6,2024,0.554
mwi,sex_t,eco_isic4_r,edu_isced11_total,2024,39.29
mwi,sex_t,eco_isic4_r,edu_isced11_x,2024,2.783
mwi,sex_t,eco_isic4_s,edu_aggregate_adv,2024,58.572
mwi,sex_t,eco_isic4_s,edu_aggregate_bas,2024,396.406
mwi,sex_t,eco_isic4_s,edu_aggregate_int,2024,205.672
mwi,sex_t,eco_isic4_s,edu_aggregate_ltb,2024,293.226
mwi,sex_t,eco_isic4_s,edu_aggregate_total,2024,953.876
mwi,sex_t,eco_isic4_s,edu_isced11_0,2024,218.515
mwi,sex_t,eco_isic4_s,edu_isced11_1,2024,185.191
mwi,sex_t,eco_isic4_s,edu_isced11_2,2024,211.215
mwi,sex_t,eco_isic4_s,edu_isced11_3,2024,200.088
mwi,sex_t,eco_isic4_s,edu_isced11_4,2024,5.584
mwi,sex_t,eco_isic4_s,edu_isced11_5,2024,38.905
mwi,sex_t,eco_isic4_s,edu_isced11_6,2024,15.768
mwi,sex_t,eco_isic4_s,edu_isced11_7,2024,3.652
mwi,sex_t,eco_isic4_s,edu_isced11_total,2024,953.876
mwi,sex_t,eco_isic4_s,edu_isced11_x,2024,74.712
mwi,sex_t,eco_isic4_t,edu_aggregate_adv,2024,1.087
mwi,sex_t,eco_isic4_t,edu_aggregate_bas,2024,46.126
mwi,sex_t,eco_isic4_t,edu_aggregate_int,2024,11.532
mwi,sex_t,eco_isic4_t,edu_aggregate_ltb,2024,35.182
mwi,sex_t,eco_isic4_t,edu_aggregate_total,2024,93.927
mwi,sex_t,eco_isic4_t,edu_isced11_0,2024,21.59
mwi,sex_t,eco_isic4_t,edu_isced11_1,2024,23.564
mwi,sex_t,eco_isic4_t,edu_isced11_2,2024,22.562
mwi,sex_t,eco_isic4_t,edu_isced11_3,2024,11.472
mwi,sex_t,eco_isic4_t,edu_isced11_5,2024,0.362
mwi,sex_t,eco_isic4_t,edu_isced11_6,2024,0.636
mwi,sex_t,eco_isic4_t,edu_isced11_total,2024,93.927
mwi,sex_t,eco_isic4_t,edu_isced11_x,2024,13.592
mwi,sex_t,eco_isic4_total,edu_aggregate_adv,2024,252.346
mwi,sex_t,eco_isic4_total,edu_aggregate_bas,2024,2112.695
mwi,sex_t,eco_isic4_total,edu_aggregate_int,2024,834.913
mwi,sex_t,eco_isic4_total,edu_aggregate_ltb,2024,1799.494
mwi,sex_t,eco_isic4_total,edu_aggregate_total,2024,4999.447
mwi,sex_t,eco_isic4_total,edu_isced11_0,2024,1321.602
mwi,sex_t,eco_isic4_total,edu_isced11_1,2024,1094.846
mwi,sex_t,eco_isic4_total,edu_isced11_2,2024,1017.848
mwi,sex_t,eco_isic4_total,edu_isced11_3,2024,811.719
mwi,sex_t,eco_isic4_total,edu_isced11_4,2024,23.194
mwi,sex_t,eco_isic4_total,edu_isced11_5,2024,148.547
mwi,sex_t,eco_isic4_total,edu_isced11_6,2024,87.937
mwi,sex_t,eco_isic4_total,edu_isced11_7,2024,13.606
mwi,sex_t,eco_isic4_total,edu_isced11_8,2024,2.255
mwi,sex_t,eco_isic4_total,edu_isced11_total,2024,4999.447
mwi,sex_t,eco_isic4_total,edu_isced11_x,2024,477.892
mwi,sex_t,eco_isic4_u,edu_aggregate_adv,2024,0.922
mwi,sex_t,eco_isic4_u,edu_aggregate_bas,2024,8.373
mwi,sex_t,eco_isic4_u,edu_aggregate_int,2024,4.917
mwi,sex_t,eco_isic4_u,edu_aggregate_ltb,2024,7.304
mwi,sex_t,eco_isic4_u,edu_aggregate_total,2024,21.516
mwi,sex_t,eco_isic4_u,edu_isced11_0,2024,5.416
mwi,sex_t,eco_isic4_u,edu_isced11_1,2024,4.059
mwi,sex_t,eco_isic4_u,edu_isced11_2,2024,4.315
mwi,sex_t,eco_isic4_u,edu_isced11_3,2024,4.817
mwi,sex_t,eco_isic4_u,edu_isced11_total,2024,21.516
mwi,sex_t,eco_isic4_u,edu_isced11_x,2024,1.888
mwi,sex_t,eco_isic4_x,edu_aggregate_bas,2024,199.249
mwi,sex_t,eco_isic4_x,edu_aggregate_int,2024,66.453
mwi,sex_t,eco_isic4_x,edu_aggregate_ltb,2024,188.394
mwi,sex_t,eco_isic4_x,edu_aggregate_total,2024,454.355
mwi,sex_t,eco_isic4_x,edu_isced11_0,2024,140.507
mwi,sex_t,eco_isic4_x,edu_isced11_1,2024,107.381
mwi,sex_t,eco_isic4_x,edu_isced11_2,2024,91.868
mwi,sex_t,eco_isic4_x,edu_isced11_3,2024,65.804
mwi,sex_t,eco_isic4_x,edu_isced11_4,2024,0.649
mwi,sex_t,eco_isic4_x,edu_isced11_total,2024,454.355
mwi,sex_t,eco_isic4_x,edu_isced11_x,2024,47.887
mwi,sex_t,eco_sector_agr,edu_aggregate_adv,2013,10.208
mwi,sex_t,eco_sector_agr,edu_aggregate_adv,2024,23.243
mwi,sex_t,eco_sector_agr,edu_aggregate_bas,2013,805.64
mwi,sex_t,eco_sector_agr,edu_aggregate_bas,2024,1001.798
mwi,sex_t,eco_sector_agr,edu_aggregate_int,2013,144.253
mwi,sex_t,eco_sector_agr,edu_aggregate_int,2024,218
mwi,sex_t,eco_sector_agr,edu_aggregate_ltb,2013,2816.277
mwi,sex_t,eco_sector_agr,edu_aggregate_ltb,2024,984.189
mwi,sex_t,eco_sector_agr,edu_aggregate_total,2013,3776.378
mwi,sex_t,eco_sector_agr,edu_aggregate_total,2024,2227.23
mwi,sex_t,eco_sector_agr,edu_isced11_0,2024,706.851
mwi,sex_t,eco_sector_agr,edu_isced11_1,2024,550.968
mwi,sex_t,eco_sector_agr,edu_isced11_2,2024,450.83
mwi,sex_t,eco_sector_agr,edu_isced11_3,2024,213.672
mwi,sex_t,eco_sector_agr,edu_isced11_4,2024,4.328
mwi,sex_t,eco_sector_agr,edu_isced11_5,2024,15.302
mwi,sex_t,eco_sector_agr,edu_isced11_6,2024,6.553
mwi,sex_t,eco_sector_agr,edu_isced11_7,2024,1.236
mwi,sex_t,eco_sector_agr,edu_isced11_total,2024,2227.23
mwi,sex_t,eco_sector_agr,edu_isced11_x,2024,277.338
mwi,sex_t,eco_sector_ind,edu_aggregate_adv,2013,16.031
mwi,sex_t,eco_sector_ind,edu_aggregate_adv,2024,17.074
mwi,sex_t,eco_sector_ind,edu_aggregate_bas,2013,118.053
mwi,sex_t,eco_sector_ind,edu_aggregate_bas,2024,135.073
mwi,sex_t,eco_sector_ind,edu_aggregate_int,2013,57.05
mwi,sex_t,eco_sector_ind,edu_aggregate_int,2024,69.069
mwi,sex_t,eco_sector_ind,edu_aggregate_ltb,2013,233.769
mwi,sex_t,eco_sector_ind,edu_aggregate_ltb,2024,101.117
mwi,sex_t,eco_sector_ind,edu_aggregate_total,2013,424.904
mwi,sex_t,eco_sector_ind,edu_aggregate_total,2024,322.334
mwi,sex_t,eco_sector_ind,edu_isced11_0,2024,78.814
mwi,sex_t,eco_sector_ind,edu_isced11_1,2024,66.302
mwi,sex_t,eco_sector_ind,edu_isced11_2,2024,68.772
mwi,sex_t,eco_sector_ind,edu_isced11_3,2024,64.624
mwi,sex_t,eco_sector_ind,edu_isced11_4,2024,4.445
mwi,sex_t,eco_sector_ind,edu_isced11_5,2024,5.029
mwi,sex_t,eco_sector_ind,edu_isced11_6,2024,10.319
mwi,sex_t,eco_sector_ind,edu_isced11_7,2024,1.726
mwi,sex_t,eco_sector_ind,edu_isced11_total,2024,322.334
mwi,sex_t,eco_sector_ind,edu_isced11_x,2024,22.303
mwi,sex_t,eco_sector_nag,edu_aggregate_adv,2013,155.012
mwi,sex_t,eco_sector_nag,edu_aggregate_adv,2024,229.103
mwi,sex_t,eco_sector_nag,edu_aggregate_bas,2013,591.947
mwi,sex_t,eco_sector_nag,edu_aggregate_bas,2024,1110.896
mwi,sex_t,eco_sector_nag,edu_aggregate_int,2013,387.576
mwi,sex_t,eco_sector_nag,edu_aggregate_int,2024,616.913
mwi,sex_t,eco_sector_nag,edu_aggregate_ltb,2013,1243.337
mwi,sex_t,eco_sector_nag,edu_aggregate_ltb,2024,815.305
mwi,sex_t,eco_sector_nag,edu_aggregate_total,2013,2377.872
mwi,sex_t,eco_sector_nag,edu_aggregate_total,2024,2772.217
mwi,sex_t,eco_sector_nag,edu_isced11_0,2024,614.751
mwi,sex_t,eco_sector_nag,edu_isced11_1,2024,543.878
mwi,sex_t,eco_sector_nag,edu_isced11_2,2024,567.018
mwi,sex_t,eco_sector_nag,edu_isced11_3,2024,598.047
mwi,sex_t,eco_sector_nag,edu_isced11_4,2024,18.866
mwi,sex_t,eco_sector_nag,edu_isced11_5,2024,133.245
mwi,sex_t,eco_sector_nag,edu_isced11_6,2024,81.385
mwi,sex_t,eco_sector_nag,edu_isced11_7,2024,12.37
mwi,sex_t,eco_sector_nag,edu_isced11_8,2024,2.103
mwi,sex_t,eco_sector_nag,edu_isced11_total,2024,2772.217
mwi,sex_t,eco_sector_nag,edu_isced11_x,2024,200.554
mwi,sex_t,eco_sector_ser,edu_aggregate_adv,2013,129.259
mwi,sex_t,eco_sector_ser,edu_aggregate_adv,2024,211.768
mwi,sex_t,eco_sector_ser,edu_aggregate_bas,2013,380.742
mwi,sex_t,eco_sector_ser,edu_aggregate_bas,2024,776.574
mwi,sex_t,eco_sector_ser,edu_aggregate_int,2013,295.889
mwi,sex_t,eco_sector_ser,edu_aggregate_int,2024,481.392
mwi,sex_t,eco_sector_ser,edu_aggregate_ltb,2013,709.555
mwi,sex_t,eco_sector_ser,edu_aggregate_ltb,2024,525.794
mwi,sex_t,eco_sector_ser,edu_aggregate_total,2013,1515.447
mwi,sex_t,eco_sector_ser,edu_aggregate_total,2024,1995.528
mwi,sex_t,eco_sector_ser,edu_isced11_0,2024,395.43
mwi,sex_t,eco_sector_ser,edu_isced11_1,2024,370.195
mwi,sex_t,eco_sector_ser,edu_isced11_2,2024,406.379
mwi,sex_t,eco_sector_ser,edu_isced11_3,2024,467.62
mwi,sex_t,eco_sector_ser,edu_isced11_4,2024,13.772
mwi,sex_t,eco_sector_ser,edu_isced11_5,2024,128.043
mwi,sex_t,eco_sector_ser,edu_isced11_6,2024,70.978
mwi,sex_t,eco_sector_ser,edu_isced11_7,2024,10.644
mwi,sex_t,eco_sector_ser,edu_isced11_8,2024,2.103
mwi,sex_t,eco_sector_ser,edu_isced11_total,2024,1995.528
mwi,sex_t,eco_sector_ser,edu_isced11_x,2024,130.364
mwi,sex_t,eco_sector_total,edu_aggregate_adv,2013,165.22
mwi,sex_t,eco_sector_total,edu_aggregate_adv,2024,252.346
mwi,sex_t,eco_sector_total,edu_aggregate_bas,2013,1397.587
mwi,sex_t,eco_sector_total,edu_aggregate_bas,2024,2112.695
mwi,sex_t,eco_sector_total,edu_aggregate_int,2013,531.829
mwi,sex_t,eco_sector_total,edu_aggregate_int,2024,834.913
mwi,sex_t,eco_sector_total,edu_aggregate_ltb,2013,4059.614
mwi,sex_t,eco_sector_total,edu_aggregate_ltb,2024,1799.494
mwi,sex_t,eco_sector_total,edu_aggregate_total,2013,6154.25
mwi,sex_t,eco_sector_total,edu_aggregate_total,2024,4999.447
mwi,sex_t,eco_sector_total,edu_isced11_0,2024,1321.602
mwi,sex_t,eco_sector_total,edu_isced11_1,2024,1094.846
mwi,sex_t,eco_sector_total,edu_isced11_2,2024,1017.848
mwi,sex_t,eco_sector_total,edu_isced11_3,2024,811.719
mwi,sex_t,eco_sector_total,edu_isced11_4,2024,23.194
mwi,sex_t,eco_sector_total,edu_isced11_5,2024,148.547
mwi,sex_t,eco_sector_total,edu_isced11_6,2024,87.937
mwi,sex_t,eco_sector_total,edu_isced11_7,2024,13.606
mwi,sex_t,eco_sector_total,edu_isced11_8,2024,2.255
mwi,sex_t,eco_sector_total,edu_isced11_total,2024,4999.447
mwi,sex_t,eco_sector_total,edu_isced11_x,2024,477.892
mwi,sex_t,eco_sector_x,edu_aggregate_adv,2013,9.722
mwi,sex_t,eco_sector_x,edu_aggregate_bas,2013,93.152
mwi,sex_t,eco_sector_x,edu_aggregate_bas,2024,199.249
mwi,sex_t,eco_sector_x,edu_aggregate_int,2013,34.637
mwi,sex_t,eco_sector_x,edu_aggregate_int,2024,66.453
mwi,sex_t,eco_sector_x,edu_aggregate_ltb,2013,300.012
mwi,sex_t,eco_sector_x,edu_aggregate_ltb,2024,188.394
mwi,sex_t,eco_sector_x,edu_aggregate_total,2013,437.522
mwi,sex_t,eco_sector_x,edu_aggregate_total,2024,454.355
mwi,sex_t,eco_sector_x,edu_isced11_0,2024,140.507
mwi,sex_t,eco_sector_x,edu_isced11_1,2024,107.381
mwi,sex_t,eco_sector_x,edu_isced11_2,2024,91.868
mwi,sex_t,eco_sector_x,edu_isced11_3,2024,65.804
mwi,sex_t,eco_sector_x,edu_isced11_4,2024,0.649
mwi,sex_t,eco_sector_x,edu_isced11_total,2024,454.355
mwi,sex_t,eco_sector_x,edu_isced11_x,2024,47.887
