ref_area,sex,classif1,classif2,time,eip_dwap_sex_age_mts_rt
nru,sex_f,age_10yrbands_total,mts_aggregate_1,2006,72.672
nru,sex_f,age_10yrbands_total,mts_aggregate_1,2013,47.595
nru,sex_f,age_10yrbands_total,mts_aggregate_1,2021,48.198
nru,sex_f,age_10yrbands_total,mts_aggregate_2,2006,55.424
nru,sex_f,age_10yrbands_total,mts_aggregate_2,2013,40.871
nru,sex_f,age_10yrbands_total,mts_aggregate_2,2021,36.117
nru,sex_f,age_10yrbands_total,mts_aggregate_total,2006,63.358
nru,sex_f,age_10yrbands_total,mts_aggregate_total,2013,43.845
nru,sex_f,age_10yrbands_total,mts_aggregate_total,2021,43.214
nru,sex_f,age_10yrbands_total,mts_aggregate_x,2006,90.107
nru,sex_f,age_10yrbands_total,mts_aggregate_x,2021,100
nru,sex_f,age_10yrbands_total,mts_details_mrd,2006,54.928
nru,sex_f,age_10yrbands_total,mts_details_mrd,2013,38.912
nru,sex_f,age_10yrbands_total,mts_details_mrd,2021,34.514
nru,sex_f,age_10yrbands_total,mts_details_sep,2006,64.211
nru,sex_f,age_10yrbands_total,mts_details_sep,2013,33.121
nru,sex_f,age_10yrbands_total,mts_details_sep,2021,32.11
nru,sex_f,age_10yrbands_total,mts_details_sgle,2006,72.68
nru,sex_f,age_10yrbands_total,mts_details_sgle,2013,50.522
nru,sex_f,age_10yrbands_total,mts_details_sgle,2021,49.52
nru,sex_f,age_10yrbands_total,mts_details_total,2006,63.358
nru,sex_f,age_10yrbands_total,mts_details_total,2013,43.845
nru,sex_f,age_10yrbands_total,mts_details_total,2021,43.214
nru,sex_f,age_10yrbands_total,mts_details_union,2006,60.991
nru,sex_f,age_10yrbands_total,mts_details_union,2013,53.631
nru,sex_f,age_10yrbands_total,mts_details_union,2021,41.839
nru,sex_f,age_10yrbands_total,mts_details_wid,2006,74.927
nru,sex_f,age_10yrbands_total,mts_details_wid,2013,41.281
nru,sex_f,age_10yrbands_total,mts_details_wid,2021,49.174
nru,sex_f,age_10yrbands_total,mts_details_x,2006,90.107
nru,sex_f,age_10yrbands_total,mts_details_x,2021,100
nru,sex_f,age_10yrbands_y15_24,mts_aggregate_1,2006,75.606
nru,sex_f,age_10yrbands_y15_24,mts_aggregate_1,2013,61.47
nru,sex_f,age_10yrbands_y15_24,mts_aggregate_1,2021,65.932
nru,sex_f,age_10yrbands_y15_24,mts_aggregate_2,2006,71.642
nru,sex_f,age_10yrbands_y15_24,mts_aggregate_2,2013,68.635
nru,sex_f,age_10yrbands_y15_24,mts_aggregate_2,2021,58.242
nru,sex_f,age_10yrbands_y15_24,mts_aggregate_total,2006,74.878
nru,sex_f,age_10yrbands_y15_24,mts_aggregate_total,2013,63.652
nru,sex_f,age_10yrbands_y15_24,mts_aggregate_total,2021,64.909
nru,sex_f,age_10yrbands_y15_24,mts_aggregate_x,2006,85.59
nru,sex_f,age_10yrbands_y15_24,mts_aggregate_x,2021,100
nru,sex_f,age_10yrbands_y15_24,mts_details_mrd,2006,70.562
nru,sex_f,age_10yrbands_y15_24,mts_details_mrd,2013,74.1
nru,sex_f,age_10yrbands_y15_24,mts_details_mrd,2021,60.331
nru,sex_f,age_10yrbands_y15_24,mts_details_sgle,2006,75.606
nru,sex_f,age_10yrbands_y15_24,mts_details_sgle,2013,61.775
nru,sex_f,age_10yrbands_y15_24,mts_details_sgle,2021,65.879
nru,sex_f,age_10yrbands_y15_24,mts_details_total,2006,74.878
nru,sex_f,age_10yrbands_y15_24,mts_details_total,2013,63.652
nru,sex_f,age_10yrbands_y15_24,mts_details_total,2021,64.909
nru,sex_f,age_10yrbands_y15_24,mts_details_union,2006,76.266
nru,sex_f,age_10yrbands_y15_24,mts_details_union,2013,59.183
nru,sex_f,age_10yrbands_y15_24,mts_details_union,2021,56.579
nru,sex_f,age_10yrbands_y15_24,mts_details_x,2006,85.59
nru,sex_f,age_10yrbands_y15_24,mts_details_x,2021,100
nru,sex_f,age_10yrbands_y25_34,mts_aggregate_1,2006,60.612
nru,sex_f,age_10yrbands_y25_34,mts_aggregate_1,2013,18.759
nru,sex_f,age_10yrbands_y25_34,mts_aggregate_1,2021,20.285
nru,sex_f,age_10yrbands_y25_34,mts_aggregate_2,2006,53.394
nru,sex_f,age_10yrbands_y25_34,mts_aggregate_2,2013,36.04
nru,sex_f,age_10yrbands_y25_34,mts_aggregate_2,2021,36.133
nru,sex_f,age_10yrbands_y25_34,mts_aggregate_total,2006,55.242
nru,sex_f,age_10yrbands_y25_34,mts_aggregate_total,2013,31.164
nru,sex_f,age_10yrbands_y25_34,mts_aggregate_total,2021,33.013
nru,sex_f,age_10yrbands_y25_34,mts_aggregate_x,2021,100
nru,sex_f,age_10yrbands_y25_34,mts_details_mrd,2006,53.928
nru,sex_f,age_10yrbands_y25_34,mts_details_mrd,2013,34.181
nru,sex_f,age_10yrbands_y25_34,mts_details_mrd,2021,35.234
nru,sex_f,age_10yrbands_y25_34,mts_details_sep,2021,21.739
nru,sex_f,age_10yrbands_y25_34,mts_details_sgle,2006,62.568
nru,sex_f,age_10yrbands_y25_34,mts_details_sgle,2013,18.479
nru,sex_f,age_10yrbands_y25_34,mts_details_sgle,2021,19.841
nru,sex_f,age_10yrbands_y25_34,mts_details_total,2006,55.242
nru,sex_f,age_10yrbands_y25_34,mts_details_total,2013,31.164
nru,sex_f,age_10yrbands_y25_34,mts_details_total,2021,33.013
nru,sex_f,age_10yrbands_y25_34,mts_details_union,2013,49.815
nru,sex_f,age_10yrbands_y25_34,mts_details_union,2021,39.286
nru,sex_f,age_10yrbands_y25_34,mts_details_x,2021,100
nru,sex_f,age_10yrbands_y35_44,mts_aggregate_1,2006,59.395
nru,sex_f,age_10yrbands_y35_44,mts_aggregate_1,2013,33.036
nru,sex_f,age_10yrbands_y35_44,mts_aggregate_1,2021,25.843
nru,sex_f,age_10yrbands_y35_44,mts_aggregate_2,2006,44.337
nru,sex_f,age_10yrbands_y35_44,mts_aggregate_2,2013,24.863
nru,sex_f,age_10yrbands_y35_44,mts_aggregate_2,2021,25.224
nru,sex_f,age_10yrbands_y35_44,mts_aggregate_total,2006,49.29
nru,sex_f,age_10yrbands_y35_44,mts_aggregate_total,2013,26.9
nru,sex_f,age_10yrbands_y35_44,mts_aggregate_total,2021,28.105
nru,sex_f,age_10yrbands_y35_44,mts_aggregate_x,2021,100
nru,sex_f,age_10yrbands_y35_44,mts_details_mrd,2006,44.605
nru,sex_f,age_10yrbands_y35_44,mts_details_mrd,2013,24.256
nru,sex_f,age_10yrbands_y35_44,mts_details_mrd,2021,26.068
nru,sex_f,age_10yrbands_y35_44,mts_details_sep,2013,59.372
nru,sex_f,age_10yrbands_y35_44,mts_details_sep,2021,29.032
nru,sex_f,age_10yrbands_y35_44,mts_details_sgle,2006,60.813
nru,sex_f,age_10yrbands_y35_44,mts_details_sgle,2013,28.01
nru,sex_f,age_10yrbands_y35_44,mts_details_sgle,2021,25.806
nru,sex_f,age_10yrbands_y35_44,mts_details_total,2006,49.29
nru,sex_f,age_10yrbands_y35_44,mts_details_total,2013,26.9
nru,sex_f,age_10yrbands_y35_44,mts_details_total,2021,28.105
nru,sex_f,age_10yrbands_y35_44,mts_details_union,2021,20.879
nru,sex_f,age_10yrbands_y35_44,mts_details_wid,2021,21.739
nru,sex_f,age_10yrbands_y35_44,mts_details_x,2021,100
nru,sex_f,age_10yrbands_y45_54,mts_aggregate_1,2006,66.504
nru,sex_f,age_10yrbands_y45_54,mts_aggregate_1,2013,46.526
nru,sex_f,age_10yrbands_y45_54,mts_aggregate_1,2021,23.77
nru,sex_f,age_10yrbands_y45_54,mts_aggregate_2,2006,54.162
nru,sex_f,age_10yrbands_y45_54,mts_aggregate_2,2013,34.938
nru,sex_f,age_10yrbands_y45_54,mts_aggregate_2,2021,25.32
nru,sex_f,age_10yrbands_y45_54,mts_aggregate_total,2006,57.482
nru,sex_f,age_10yrbands_y45_54,mts_aggregate_total,2013,38.818
nru,sex_f,age_10yrbands_y45_54,mts_aggregate_total,2021,27.394
nru,sex_f,age_10yrbands_y45_54,mts_aggregate_x,2021,100
nru,sex_f,age_10yrbands_y45_54,mts_details_mrd,2006,54.162
nru,sex_f,age_10yrbands_y45_54,mts_details_mrd,2013,32.671
nru,sex_f,age_10yrbands_y45_54,mts_details_mrd,2021,25.623
nru,sex_f,age_10yrbands_y45_54,mts_details_sep,2021,26.667
nru,sex_f,age_10yrbands_y45_54,mts_details_sgle,2006,66.222
nru,sex_f,age_10yrbands_y45_54,mts_details_sgle,2013,62.758
nru,sex_f,age_10yrbands_y45_54,mts_details_sgle,2021,30.435
nru,sex_f,age_10yrbands_y45_54,mts_details_total,2006,57.482
nru,sex_f,age_10yrbands_y45_54,mts_details_total,2013,38.818
nru,sex_f,age_10yrbands_y45_54,mts_details_total,2021,27.394
nru,sex_f,age_10yrbands_y45_54,mts_details_union,2021,22.581
nru,sex_f,age_10yrbands_y45_54,mts_details_wid,2006,70.089
nru,sex_f,age_10yrbands_y45_54,mts_details_wid,2013,35.976
nru,sex_f,age_10yrbands_y45_54,mts_details_wid,2021,15.217
nru,sex_f,age_10yrbands_y45_54,mts_details_x,2021,100
nru,sex_f,age_10yrbands_y55_64,mts_aggregate_1,2006,92.998
nru,sex_f,age_10yrbands_y55_64,mts_aggregate_1,2013,41.648
nru,sex_f,age_10yrbands_y55_64,mts_aggregate_1,2021,43.066
nru,sex_f,age_10yrbands_y55_64,mts_aggregate_2,2006,64.378
nru,sex_f,age_10yrbands_y55_64,mts_aggregate_2,2013,59.608
nru,sex_f,age_10yrbands_y55_64,mts_aggregate_2,2021,47.5
nru,sex_f,age_10yrbands_y55_64,mts_aggregate_total,2006,73.286
nru,sex_f,age_10yrbands_y55_64,mts_aggregate_total,2013,49.097
nru,sex_f,age_10yrbands_y55_64,mts_aggregate_total,2021,47.573
nru,sex_f,age_10yrbands_y55_64,mts_aggregate_x,2021,100
nru,sex_f,age_10yrbands_y55_64,mts_details_mrd,2006,66.662
nru,sex_f,age_10yrbands_y55_64,mts_details_mrd,2013,61.068
nru,sex_f,age_10yrbands_y55_64,mts_details_mrd,2021,45.578
nru,sex_f,age_10yrbands_y55_64,mts_details_sep,2021,40
nru,sex_f,age_10yrbands_y55_64,mts_details_sgle,2013,67.068
nru,sex_f,age_10yrbands_y55_64,mts_details_sgle,2021,39.394
nru,sex_f,age_10yrbands_y55_64,mts_details_total,2006,73.286
nru,sex_f,age_10yrbands_y55_64,mts_details_total,2013,49.097
nru,sex_f,age_10yrbands_y55_64,mts_details_total,2021,47.573
nru,sex_f,age_10yrbands_y55_64,mts_details_union,2021,69.231
nru,sex_f,age_10yrbands_y55_64,mts_details_wid,2013,37.195
nru,sex_f,age_10yrbands_y55_64,mts_details_wid,2021,44.944
nru,sex_f,age_10yrbands_y55_64,mts_details_x,2021,100
nru,sex_f,age_10yrbands_yge65,mts_aggregate_1,2006,93.142
nru,sex_f,age_10yrbands_yge65,mts_aggregate_1,2013,63.967
nru,sex_f,age_10yrbands_yge65,mts_aggregate_1,2021,82.828
nru,sex_f,age_10yrbands_yge65,mts_aggregate_2,2006,53.228
nru,sex_f,age_10yrbands_yge65,mts_aggregate_2,2013,100
nru,sex_f,age_10yrbands_yge65,mts_aggregate_2,2021,66.038
nru,sex_f,age_10yrbands_yge65,mts_aggregate_total,2006,74.749
nru,sex_f,age_10yrbands_yge65,mts_aggregate_total,2013,75.998
nru,sex_f,age_10yrbands_yge65,mts_aggregate_total,2021,77.848
nru,sex_f,age_10yrbands_yge65,mts_aggregate_x,2021,100
nru,sex_f,age_10yrbands_yge65,mts_details_mrd,2006,49.147
nru,sex_f,age_10yrbands_yge65,mts_details_mrd,2013,100
nru,sex_f,age_10yrbands_yge65,mts_details_mrd,2021,64.444
nru,sex_f,age_10yrbands_yge65,mts_details_sgle,2021,86.667
nru,sex_f,age_10yrbands_yge65,mts_details_total,2006,74.749
nru,sex_f,age_10yrbands_yge65,mts_details_total,2013,75.998
nru,sex_f,age_10yrbands_yge65,mts_details_total,2021,77.848
nru,sex_f,age_10yrbands_yge65,mts_details_union,2021,75
nru,sex_f,age_10yrbands_yge65,mts_details_wid,2006,93.142
nru,sex_f,age_10yrbands_yge65,mts_details_wid,2013,63.967
nru,sex_f,age_10yrbands_yge65,mts_details_wid,2021,83.333
nru,sex_f,age_10yrbands_yge65,mts_details_x,2021,100
nru,sex_f,age_aggregate_total,mts_aggregate_1,2006,72.672
nru,sex_f,age_aggregate_total,mts_aggregate_1,2013,47.595
nru,sex_f,age_aggregate_total,mts_aggregate_1,2021,48.198
nru,sex_f,age_aggregate_total,mts_aggregate_2,2006,55.424
nru,sex_f,age_aggregate_total,mts_aggregate_2,2013,40.871
nru,sex_f,age_aggregate_total,mts_aggregate_2,2021,36.117
nru,sex_f,age_aggregate_total,mts_aggregate_total,2006,63.358
nru,sex_f,age_aggregate_total,mts_aggregate_total,2013,43.845
nru,sex_f,age_aggregate_total,mts_aggregate_total,2021,43.214
nru,sex_f,age_aggregate_total,mts_aggregate_x,2006,90.107
nru,sex_f,age_aggregate_total,mts_aggregate_x,2021,100
nru,sex_f,age_aggregate_total,mts_details_mrd,2006,54.928
nru,sex_f,age_aggregate_total,mts_details_mrd,2013,38.912
nru,sex_f,age_aggregate_total,mts_details_mrd,2021,34.514
nru,sex_f,age_aggregate_total,mts_details_sep,2006,64.211
nru,sex_f,age_aggregate_total,mts_details_sep,2013,33.121
nru,sex_f,age_aggregate_total,mts_details_sep,2021,32.11
nru,sex_f,age_aggregate_total,mts_details_sgle,2006,72.68
nru,sex_f,age_aggregate_total,mts_details_sgle,2013,50.522
nru,sex_f,age_aggregate_total,mts_details_sgle,2021,49.52
nru,sex_f,age_aggregate_total,mts_details_total,2006,63.358
nru,sex_f,age_aggregate_total,mts_details_total,2013,43.845
nru,sex_f,age_aggregate_total,mts_details_total,2021,43.214
nru,sex_f,age_aggregate_total,mts_details_union,2006,60.991
nru,sex_f,age_aggregate_total,mts_details_union,2013,53.631
nru,sex_f,age_aggregate_total,mts_details_union,2021,41.839
nru,sex_f,age_aggregate_total,mts_details_wid,2006,74.927
nru,sex_f,age_aggregate_total,mts_details_wid,2013,41.281
nru,sex_f,age_aggregate_total,mts_details_wid,2021,49.174
nru,sex_f,age_aggregate_total,mts_details_x,2006,90.107
nru,sex_f,age_aggregate_total,mts_details_x,2021,100
nru,sex_f,age_aggregate_y15_24,mts_aggregate_1,2006,75.606
nru,sex_f,age_aggregate_y15_24,mts_aggregate_1,2013,61.47
nru,sex_f,age_aggregate_y15_24,mts_aggregate_1,2021,65.932
nru,sex_f,age_aggregate_y15_24,mts_aggregate_2,2006,71.642
nru,sex_f,age_aggregate_y15_24,mts_aggregate_2,2013,68.635
nru,sex_f,age_aggregate_y15_24,mts_aggregate_2,2021,58.242
nru,sex_f,age_aggregate_y15_24,mts_aggregate_total,2006,74.878
nru,sex_f,age_aggregate_y15_24,mts_aggregate_total,2013,63.652
nru,sex_f,age_aggregate_y15_24,mts_aggregate_total,2021,64.909
nru,sex_f,age_aggregate_y15_24,mts_aggregate_x,2006,85.59
nru,sex_f,age_aggregate_y15_24,mts_aggregate_x,2021,100
nru,sex_f,age_aggregate_y15_24,mts_details_mrd,2006,70.562
nru,sex_f,age_aggregate_y15_24,mts_details_mrd,2013,74.1
nru,sex_f,age_aggregate_y15_24,mts_details_mrd,2021,60.331
nru,sex_f,age_aggregate_y15_24,mts_details_sgle,2006,75.606
nru,sex_f,age_aggregate_y15_24,mts_details_sgle,2013,61.775
nru,sex_f,age_aggregate_y15_24,mts_details_sgle,2021,65.879
nru,sex_f,age_aggregate_y15_24,mts_details_total,2006,74.878
nru,sex_f,age_aggregate_y15_24,mts_details_total,2013,63.652
nru,sex_f,age_aggregate_y15_24,mts_details_total,2021,64.909
nru,sex_f,age_aggregate_y15_24,mts_details_union,2006,76.266
nru,sex_f,age_aggregate_y15_24,mts_details_union,2013,59.183
nru,sex_f,age_aggregate_y15_24,mts_details_union,2021,56.579
nru,sex_f,age_aggregate_y15_24,mts_details_x,2006,85.59
nru,sex_f,age_aggregate_y15_24,mts_details_x,2021,100
nru,sex_f,age_aggregate_y25_54,mts_aggregate_1,2006,62.068
nru,sex_f,age_aggregate_y25_54,mts_aggregate_1,2013,30.397
nru,sex_f,age_aggregate_y25_54,mts_aggregate_1,2021,22.719
nru,sex_f,age_aggregate_y25_54,mts_aggregate_2,2006,50.634
nru,sex_f,age_aggregate_y25_54,mts_aggregate_2,2013,32.391
nru,sex_f,age_aggregate_y25_54,mts_aggregate_2,2021,29.827
nru,sex_f,age_aggregate_y25_54,mts_aggregate_total,2006,53.951
nru,sex_f,age_aggregate_y25_54,mts_aggregate_total,2013,31.821
nru,sex_f,age_aggregate_y25_54,mts_aggregate_total,2021,30.093
nru,sex_f,age_aggregate_y25_54,mts_aggregate_x,2021,100
nru,sex_f,age_aggregate_y25_54,mts_details_mrd,2006,50.946
nru,sex_f,age_aggregate_y25_54,mts_details_mrd,2013,30.746
nru,sex_f,age_aggregate_y25_54,mts_details_mrd,2021,29.597
nru,sex_f,age_aggregate_y25_54,mts_details_sep,2006,64.211
nru,sex_f,age_aggregate_y25_54,mts_details_sep,2013,34.202
nru,sex_f,age_aggregate_y25_54,mts_details_sep,2021,26.19
nru,sex_f,age_aggregate_y25_54,mts_details_sgle,2006,63.015
nru,sex_f,age_aggregate_y25_54,mts_details_sgle,2013,27.988
nru,sex_f,age_aggregate_y25_54,mts_details_sgle,2021,22.749
nru,sex_f,age_aggregate_y25_54,mts_details_total,2006,53.951
nru,sex_f,age_aggregate_y25_54,mts_details_total,2013,31.821
nru,sex_f,age_aggregate_y25_54,mts_details_total,2021,30.093
nru,sex_f,age_aggregate_y25_54,mts_details_union,2006,44.119
nru,sex_f,age_aggregate_y25_54,mts_details_union,2013,49.345
nru,sex_f,age_aggregate_y25_54,mts_details_union,2021,30.916
nru,sex_f,age_aggregate_y25_54,mts_details_wid,2006,55.795
nru,sex_f,age_aggregate_y25_54,mts_details_wid,2013,35.597
nru,sex_f,age_aggregate_y25_54,mts_details_wid,2021,18.667
nru,sex_f,age_aggregate_y25_54,mts_details_x,2021,100
nru,sex_f,age_aggregate_y55_64,mts_aggregate_1,2006,92.998
nru,sex_f,age_aggregate_y55_64,mts_aggregate_1,2013,41.648
nru,sex_f,age_aggregate_y55_64,mts_aggregate_1,2021,43.066
nru,sex_f,age_aggregate_y55_64,mts_aggregate_2,2006,64.378
nru,sex_f,age_aggregate_y55_64,mts_aggregate_2,2013,59.608
nru,sex_f,age_aggregate_y55_64,mts_aggregate_2,2021,47.5
nru,sex_f,age_aggregate_y55_64,mts_aggregate_total,2006,73.286
nru,sex_f,age_aggregate_y55_64,mts_aggregate_total,2013,49.097
nru,sex_f,age_aggregate_y55_64,mts_aggregate_total,2021,47.573
nru,sex_f,age_aggregate_y55_64,mts_aggregate_x,2021,100
nru,sex_f,age_aggregate_y55_64,mts_details_mrd,2006,66.662
nru,sex_f,age_aggregate_y55_64,mts_details_mrd,2013,61.068
nru,sex_f,age_aggregate_y55_64,mts_details_mrd,2021,45.578
nru,sex_f,age_aggregate_y55_64,mts_details_sep,2021,40
nru,sex_f,age_aggregate_y55_64,mts_details_sgle,2013,67.068
nru,sex_f,age_aggregate_y55_64,mts_details_sgle,2021,39.394
nru,sex_f,age_aggregate_y55_64,mts_details_total,2006,73.286
nru,sex_f,age_aggregate_y55_64,mts_details_total,2013,49.097
nru,sex_f,age_aggregate_y55_64,mts_details_total,2021,47.573
nru,sex_f,age_aggregate_y55_64,mts_details_union,2021,69.231
nru,sex_f,age_aggregate_y55_64,mts_details_wid,2013,37.195
nru,sex_f,age_aggregate_y55_64,mts_details_wid,2021,44.944
nru,sex_f,age_aggregate_y55_64,mts_details_x,2021,100
nru,sex_f,age_aggregate_yge65,mts_aggregate_1,2006,93.142
nru,sex_f,age_aggregate_yge65,mts_aggregate_1,2013,63.967
nru,sex_f,age_aggregate_yge65,mts_aggregate_1,2021,82.828
nru,sex_f,age_aggregate_yge65,mts_aggregate_2,2006,53.228
nru,sex_f,age_aggregate_yge65,mts_aggregate_2,2013,100
nru,sex_f,age_aggregate_yge65,mts_aggregate_2,2021,66.038
nru,sex_f,age_aggregate_yge65,mts_aggregate_total,2006,74.749
nru,sex_f,age_aggregate_yge65,mts_aggregate_total,2013,75.998
nru,sex_f,age_aggregate_yge65,mts_aggregate_total,2021,77.848
nru,sex_f,age_aggregate_yge65,mts_aggregate_x,2021,100
nru,sex_f,age_aggregate_yge65,mts_details_mrd,2006,49.147
nru,sex_f,age_aggregate_yge65,mts_details_mrd,2013,100
nru,sex_f,age_aggregate_yge65,mts_details_mrd,2021,64.444
nru,sex_f,age_aggregate_yge65,mts_details_sgle,2021,86.667
nru,sex_f,age_aggregate_yge65,mts_details_total,2006,74.749
nru,sex_f,age_aggregate_yge65,mts_details_total,2013,75.998
nru,sex_f,age_aggregate_yge65,mts_details_total,2021,77.848
nru,sex_f,age_aggregate_yge65,mts_details_union,2021,75
nru,sex_f,age_aggregate_yge65,mts_details_wid,2006,93.142
nru,sex_f,age_aggregate_yge65,mts_details_wid,2013,63.967
nru,sex_f,age_aggregate_yge65,mts_details_wid,2021,83.333
nru,sex_f,age_aggregate_yge65,mts_details_x,2021,100
nru,sex_f,age_ythadult_y15_24,mts_aggregate_1,2006,75.606
nru,sex_f,age_ythadult_y15_24,mts_aggregate_1,2013,61.47
nru,sex_f,age_ythadult_y15_24,mts_aggregate_1,2021,65.932
nru,sex_f,age_ythadult_y15_24,mts_aggregate_2,2006,71.642
nru,sex_f,age_ythadult_y15_24,mts_aggregate_2,2013,68.635
nru,sex_f,age_ythadult_y15_24,mts_aggregate_2,2021,58.242
nru,sex_f,age_ythadult_y15_24,mts_aggregate_total,2006,74.878
nru,sex_f,age_ythadult_y15_24,mts_aggregate_total,2013,63.652
nru,sex_f,age_ythadult_y15_24,mts_aggregate_total,2021,64.909
nru,sex_f,age_ythadult_y15_24,mts_aggregate_x,2006,85.59
nru,sex_f,age_ythadult_y15_24,mts_aggregate_x,2021,100
nru,sex_f,age_ythadult_y15_24,mts_details_mrd,2006,70.562
nru,sex_f,age_ythadult_y15_24,mts_details_mrd,2013,74.1
nru,sex_f,age_ythadult_y15_24,mts_details_mrd,2021,60.331
nru,sex_f,age_ythadult_y15_24,mts_details_sgle,2006,75.606
nru,sex_f,age_ythadult_y15_24,mts_details_sgle,2013,61.775
nru,sex_f,age_ythadult_y15_24,mts_details_sgle,2021,65.879
nru,sex_f,age_ythadult_y15_24,mts_details_total,2006,74.878
nru,sex_f,age_ythadult_y15_24,mts_details_total,2013,63.652
nru,sex_f,age_ythadult_y15_24,mts_details_total,2021,64.909
nru,sex_f,age_ythadult_y15_24,mts_details_union,2006,76.266
nru,sex_f,age_ythadult_y15_24,mts_details_union,2013,59.183
nru,sex_f,age_ythadult_y15_24,mts_details_union,2021,56.579
nru,sex_f,age_ythadult_y15_24,mts_details_x,2006,85.59
nru,sex_f,age_ythadult_y15_24,mts_details_x,2021,100
nru,sex_f,age_ythadult_y15_64,mts_aggregate_1,2006,71.816
nru,sex_f,age_ythadult_y15_64,mts_aggregate_1,2013,47.058
nru,sex_f,age_ythadult_y15_64,mts_aggregate_1,2021,45.747
nru,sex_f,age_ythadult_y15_64,mts_aggregate_2,2006,55.481
nru,sex_f,age_ythadult_y15_64,mts_aggregate_2,2013,40.114
nru,sex_f,age_ythadult_y15_64,mts_aggregate_2,2021,35.297
nru,sex_f,age_ythadult_y15_64,mts_aggregate_total,2006,62.992
nru,sex_f,age_ythadult_y15_64,mts_aggregate_total,2013,43.152
nru,sex_f,age_ythadult_y15_64,mts_aggregate_total,2021,41.626
nru,sex_f,age_ythadult_y15_64,mts_aggregate_x,2021,100
nru,sex_f,age_ythadult_y15_64,mts_details_mrd,2006,55.079
nru,sex_f,age_ythadult_y15_64,mts_details_mrd,2013,38.008
nru,sex_f,age_ythadult_y15_64,mts_details_mrd,2021,33.621
nru,sex_f,age_ythadult_y15_64,mts_details_sep,2021,30.097
nru,sex_f,age_ythadult_y15_64,mts_details_sgle,2006,72.68
nru,sex_f,age_ythadult_y15_64,mts_details_sgle,2013,50.522
nru,sex_f,age_ythadult_y15_64,mts_details_sgle,2021,49.028
nru,sex_f,age_ythadult_y15_64,mts_details_total,2006,62.992
nru,sex_f,age_ythadult_y15_64,mts_details_total,2013,43.152
nru,sex_f,age_ythadult_y15_64,mts_details_total,2021,41.626
nru,sex_f,age_ythadult_y15_64,mts_details_union,2006,59.991
nru,sex_f,age_ythadult_y15_64,mts_details_union,2013,53.631
nru,sex_f,age_ythadult_y15_64,mts_details_union,2021,41.218
nru,sex_f,age_ythadult_y15_64,mts_details_x,2021,100
nru,sex_f,age_ythadult_yge15,mts_aggregate_1,2006,72.672
nru,sex_f,age_ythadult_yge15,mts_aggregate_1,2013,47.595
nru,sex_f,age_ythadult_yge15,mts_aggregate_1,2021,48.198
nru,sex_f,age_ythadult_yge15,mts_aggregate_2,2006,55.424
nru,sex_f,age_ythadult_yge15,mts_aggregate_2,2013,40.871
nru,sex_f,age_ythadult_yge15,mts_aggregate_2,2021,36.117
nru,sex_f,age_ythadult_yge15,mts_aggregate_total,2006,63.358
nru,sex_f,age_ythadult_yge15,mts_aggregate_total,2013,43.845
nru,sex_f,age_ythadult_yge15,mts_aggregate_total,2021,43.214
nru,sex_f,age_ythadult_yge15,mts_aggregate_x,2006,90.107
nru,sex_f,age_ythadult_yge15,mts_aggregate_x,2021,100
nru,sex_f,age_ythadult_yge15,mts_details_mrd,2006,54.928
nru,sex_f,age_ythadult_yge15,mts_details_mrd,2013,38.912
nru,sex_f,age_ythadult_yge15,mts_details_mrd,2021,34.514
nru,sex_f,age_ythadult_yge15,mts_details_sep,2006,64.211
nru,sex_f,age_ythadult_yge15,mts_details_sep,2013,33.121
nru,sex_f,age_ythadult_yge15,mts_details_sep,2021,32.11
nru,sex_f,age_ythadult_yge15,mts_details_sgle,2006,72.68
nru,sex_f,age_ythadult_yge15,mts_details_sgle,2013,50.522
nru,sex_f,age_ythadult_yge15,mts_details_sgle,2021,49.52
nru,sex_f,age_ythadult_yge15,mts_details_total,2006,63.358
nru,sex_f,age_ythadult_yge15,mts_details_total,2013,43.845
nru,sex_f,age_ythadult_yge15,mts_details_total,2021,43.214
nru,sex_f,age_ythadult_yge15,mts_details_union,2006,60.991
nru,sex_f,age_ythadult_yge15,mts_details_union,2013,53.631
nru,sex_f,age_ythadult_yge15,mts_details_union,2021,41.839
nru,sex_f,age_ythadult_yge15,mts_details_wid,2006,74.927
nru,sex_f,age_ythadult_yge15,mts_details_wid,2013,41.281
nru,sex_f,age_ythadult_yge15,mts_details_wid,2021,49.174
nru,sex_f,age_ythadult_yge15,mts_details_x,2006,90.107
nru,sex_f,age_ythadult_yge15,mts_details_x,2021,100
nru,sex_f,age_ythadult_yge25,mts_aggregate_1,2006,67.972
nru,sex_f,age_ythadult_yge25,mts_aggregate_1,2013,34.661
nru,sex_f,age_ythadult_yge25,mts_aggregate_1,2021,33.415
nru,sex_f,age_ythadult_yge25,mts_aggregate_2,2006,51.636
nru,sex_f,age_ythadult_yge25,mts_aggregate_2,2013,35.279
nru,sex_f,age_ythadult_yge25,mts_aggregate_2,2021,32.595
nru,sex_f,age_ythadult_yge25,mts_aggregate_total,2006,56.364
nru,sex_f,age_ythadult_yge25,mts_aggregate_total,2013,35.075
nru,sex_f,age_ythadult_yge25,mts_aggregate_total,2021,35.04
nru,sex_f,age_ythadult_yge25,mts_aggregate_x,2021,100
nru,sex_f,age_ythadult_yge25,mts_details_mrd,2006,51.79
nru,sex_f,age_ythadult_yge25,mts_details_mrd,2013,34
nru,sex_f,age_ythadult_yge25,mts_details_mrd,2021,32.332
nru,sex_f,age_ythadult_yge25,mts_details_sep,2006,64.211
nru,sex_f,age_ythadult_yge25,mts_details_sep,2013,34.25
nru,sex_f,age_ythadult_yge25,mts_details_sep,2021,30.476
nru,sex_f,age_ythadult_yge25,mts_details_sgle,2006,65.661
nru,sex_f,age_ythadult_yge25,mts_details_sgle,2013,30.289
nru,sex_f,age_ythadult_yge25,mts_details_sgle,2021,25.957
nru,sex_f,age_ythadult_yge25,mts_details_total,2006,56.364
nru,sex_f,age_ythadult_yge25,mts_details_total,2013,35.075
nru,sex_f,age_ythadult_yge25,mts_details_total,2021,35.04
nru,sex_f,age_ythadult_yge25,mts_details_union,2006,49.073
nru,sex_f,age_ythadult_yge25,mts_details_union,2013,48.872
nru,sex_f,age_ythadult_yge25,mts_details_union,2021,33.922
nru,sex_f,age_ythadult_yge25,mts_details_wid,2006,74.927
nru,sex_f,age_ythadult_yge25,mts_details_wid,2013,41.281
nru,sex_f,age_ythadult_yge25,mts_details_wid,2021,49.174
nru,sex_f,age_ythadult_yge25,mts_details_x,2021,100
nru,sex_m,age_10yrbands_total,mts_aggregate_1,2006,61.563
nru,sex_m,age_10yrbands_total,mts_aggregate_1,2013,29.878
nru,sex_m,age_10yrbands_total,mts_aggregate_1,2021,35.953
nru,sex_m,age_10yrbands_total,mts_aggregate_2,2006,42.721
nru,sex_m,age_10yrbands_total,mts_aggregate_2,2013,9.823
nru,sex_m,age_10yrbands_total,mts_aggregate_2,2021,14.408
nru,sex_m,age_10yrbands_total,mts_aggregate_total,2006,50.752
nru,sex_m,age_10yrbands_total,mts_aggregate_total,2013,18.657
nru,sex_m,age_10yrbands_total,mts_aggregate_total,2021,26.366
nru,sex_m,age_10yrbands_total,mts_aggregate_x,2006,53.615
nru,sex_m,age_10yrbands_total,mts_aggregate_x,2021,100
nru,sex_m,age_10yrbands_total,mts_details_mrd,2006,42.56
nru,sex_m,age_10yrbands_total,mts_details_mrd,2013,9.656
nru,sex_m,age_10yrbands_total,mts_details_mrd,2021,15.167
nru,sex_m,age_10yrbands_total,mts_details_sep,2006,65.58
nru,sex_m,age_10yrbands_total,mts_details_sep,2021,20
nru,sex_m,age_10yrbands_total,mts_details_sgle,2006,63.571
nru,sex_m,age_10yrbands_total,mts_details_sgle,2013,30.421
nru,sex_m,age_10yrbands_total,mts_details_sgle,2021,36.822
nru,sex_m,age_10yrbands_total,mts_details_total,2006,50.752
nru,sex_m,age_10yrbands_total,mts_details_total,2013,18.657
nru,sex_m,age_10yrbands_total,mts_details_total,2021,26.366
nru,sex_m,age_10yrbands_total,mts_details_union,2006,44.643
nru,sex_m,age_10yrbands_total,mts_details_union,2013,11.118
nru,sex_m,age_10yrbands_total,mts_details_union,2021,11.697
nru,sex_m,age_10yrbands_total,mts_details_wid,2013,36.362
nru,sex_m,age_10yrbands_total,mts_details_wid,2021,39.759
nru,sex_m,age_10yrbands_total,mts_details_x,2006,53.615
nru,sex_m,age_10yrbands_total,mts_details_x,2021,100
nru,sex_m,age_10yrbands_y15_24,mts_aggregate_1,2006,69.635
nru,sex_m,age_10yrbands_y15_24,mts_aggregate_1,2013,37.625
nru,sex_m,age_10yrbands_y15_24,mts_aggregate_1,2021,48.098
nru,sex_m,age_10yrbands_y15_24,mts_aggregate_2,2006,37.955
nru,sex_m,age_10yrbands_y15_24,mts_aggregate_2,2013,10.81
nru,sex_m,age_10yrbands_y15_24,mts_aggregate_2,2021,9.412
nru,sex_m,age_10yrbands_y15_24,mts_aggregate_total,2006,62.679
nru,sex_m,age_10yrbands_y15_24,mts_aggregate_total,2013,32.348
nru,sex_m,age_10yrbands_y15_24,mts_aggregate_total,2021,43.542
nru,sex_m,age_10yrbands_y15_24,mts_aggregate_x,2006,58.263
nru,sex_m,age_10yrbands_y15_24,mts_aggregate_x,2021,100
nru,sex_m,age_10yrbands_y15_24,mts_details_mrd,2006,30.63
nru,sex_m,age_10yrbands_y15_24,mts_details_mrd,2013,12.018
nru,sex_m,age_10yrbands_y15_24,mts_details_mrd,2021,8.621
nru,sex_m,age_10yrbands_y15_24,mts_details_sgle,2006,69.635
nru,sex_m,age_10yrbands_y15_24,mts_details_sgle,2013,37.625
nru,sex_m,age_10yrbands_y15_24,mts_details_sgle,2021,48.335
nru,sex_m,age_10yrbands_y15_24,mts_details_total,2006,62.679
nru,sex_m,age_10yrbands_y15_24,mts_details_total,2013,32.348
nru,sex_m,age_10yrbands_y15_24,mts_details_total,2021,43.542
nru,sex_m,age_10yrbands_y15_24,mts_details_union,2021,9.821
nru,sex_m,age_10yrbands_y15_24,mts_details_x,2006,58.263
nru,sex_m,age_10yrbands_y15_24,mts_details_x,2021,100
nru,sex_m,age_10yrbands_y25_34,mts_aggregate_1,2006,46.322
nru,sex_m,age_10yrbands_y25_34,mts_aggregate_1,2013,16.033
nru,sex_m,age_10yrbands_y25_34,mts_aggregate_1,2021,15.17
nru,sex_m,age_10yrbands_y25_34,mts_aggregate_2,2006,48.91
nru,sex_m,age_10yrbands_y25_34,mts_aggregate_2,2013,6.32
nru,sex_m,age_10yrbands_y25_34,mts_aggregate_2,2021,9.159
nru,sex_m,age_10yrbands_y25_34,mts_aggregate_total,2006,47.094
nru,sex_m,age_10yrbands_y25_34,mts_aggregate_total,2013,9.331
nru,sex_m,age_10yrbands_y25_34,mts_aggregate_total,2021,13.908
nru,sex_m,age_10yrbands_y25_34,mts_aggregate_x,2021,100
nru,sex_m,age_10yrbands_y25_34,mts_details_mrd,2006,50.612
nru,sex_m,age_10yrbands_y25_34,mts_details_mrd,2013,6.718
nru,sex_m,age_10yrbands_y25_34,mts_details_mrd,2021,8.607
nru,sex_m,age_10yrbands_y25_34,mts_details_sgle,2006,40.947
nru,sex_m,age_10yrbands_y25_34,mts_details_sgle,2013,16.082
nru,sex_m,age_10yrbands_y25_34,mts_details_sgle,2021,15.232
nru,sex_m,age_10yrbands_y25_34,mts_details_total,2006,47.094
nru,sex_m,age_10yrbands_y25_34,mts_details_total,2013,9.331
nru,sex_m,age_10yrbands_y25_34,mts_details_total,2021,13.908
nru,sex_m,age_10yrbands_y25_34,mts_details_union,2021,10.674
nru,sex_m,age_10yrbands_y25_34,mts_details_x,2021,100
nru,sex_m,age_10yrbands_y35_44,mts_aggregate_1,2006,37.911
nru,sex_m,age_10yrbands_y35_44,mts_aggregate_1,2013,12.96
nru,sex_m,age_10yrbands_y35_44,mts_aggregate_1,2021,18.987
nru,sex_m,age_10yrbands_y35_44,mts_aggregate_2,2006,33.325
nru,sex_m,age_10yrbands_y35_44,mts_aggregate_2,2013,4.215
nru,sex_m,age_10yrbands_y35_44,mts_aggregate_2,2021,11.453
nru,sex_m,age_10yrbands_y35_44,mts_aggregate_total,2006,34.196
nru,sex_m,age_10yrbands_y35_44,mts_aggregate_total,2013,6.057
nru,sex_m,age_10yrbands_y35_44,mts_aggregate_total,2021,16.538
nru,sex_m,age_10yrbands_y35_44,mts_aggregate_x,2021,100
nru,sex_m,age_10yrbands_y35_44,mts_details_mrd,2006,32.778
nru,sex_m,age_10yrbands_y35_44,mts_details_mrd,2021,11.377
nru,sex_m,age_10yrbands_y35_44,mts_details_sep,2006,63.542
nru,sex_m,age_10yrbands_y35_44,mts_details_sep,2021,25
nru,sex_m,age_10yrbands_y35_44,mts_details_sgle,2013,14.214
nru,sex_m,age_10yrbands_y35_44,mts_details_sgle,2021,17.094
nru,sex_m,age_10yrbands_y35_44,mts_details_total,2006,34.196
nru,sex_m,age_10yrbands_y35_44,mts_details_total,2013,6.057
nru,sex_m,age_10yrbands_y35_44,mts_details_total,2021,16.538
nru,sex_m,age_10yrbands_y35_44,mts_details_union,2021,11.905
nru,sex_m,age_10yrbands_y35_44,mts_details_x,2021,100
nru,sex_m,age_10yrbands_y45_54,mts_aggregate_1,2006,36.657
nru,sex_m,age_10yrbands_y45_54,mts_aggregate_1,2021,12
nru,sex_m,age_10yrbands_y45_54,mts_aggregate_2,2006,47.391
nru,sex_m,age_10yrbands_y45_54,mts_aggregate_2,2013,10.609
nru,sex_m,age_10yrbands_y45_54,mts_aggregate_2,2021,13.622
nru,sex_m,age_10yrbands_y45_54,mts_aggregate_total,2006,47.88
nru,sex_m,age_10yrbands_y45_54,mts_aggregate_total,2013,11.737
nru,sex_m,age_10yrbands_y45_54,mts_aggregate_total,2021,17.464
nru,sex_m,age_10yrbands_y45_54,mts_aggregate_x,2021,100
nru,sex_m,age_10yrbands_y45_54,mts_details_mrd,2006,48.63
nru,sex_m,age_10yrbands_y45_54,mts_details_mrd,2013,10.675
nru,sex_m,age_10yrbands_y45_54,mts_details_mrd,2021,14.236
nru,sex_m,age_10yrbands_y45_54,mts_details_sgle,2006,49.695
nru,sex_m,age_10yrbands_y45_54,mts_details_total,2006,47.88
nru,sex_m,age_10yrbands_y45_54,mts_details_total,2013,11.737
nru,sex_m,age_10yrbands_y45_54,mts_details_total,2021,17.464
nru,sex_m,age_10yrbands_y45_54,mts_details_x,2021,100
nru,sex_m,age_10yrbands_y55_64,mts_aggregate_1,2013,28.082
nru,sex_m,age_10yrbands_y55_64,mts_aggregate_1,2021,33.929
nru,sex_m,age_10yrbands_y55_64,mts_aggregate_2,2006,42.175
nru,sex_m,age_10yrbands_y55_64,mts_aggregate_2,2013,26.121
nru,sex_m,age_10yrbands_y55_64,mts_aggregate_2,2021,36.702
nru,sex_m,age_10yrbands_y55_64,mts_aggregate_total,2006,44.863
nru,sex_m,age_10yrbands_y55_64,mts_aggregate_total,2013,26.76
nru,sex_m,age_10yrbands_y55_64,mts_aggregate_total,2021,38.583
nru,sex_m,age_10yrbands_y55_64,mts_aggregate_x,2021,100
nru,sex_m,age_10yrbands_y55_64,mts_details_mrd,2006,39.393
nru,sex_m,age_10yrbands_y55_64,mts_details_mrd,2013,25.635
nru,sex_m,age_10yrbands_y55_64,mts_details_mrd,2021,36.905
nru,sex_m,age_10yrbands_y55_64,mts_details_sgle,2021,44.444
nru,sex_m,age_10yrbands_y55_64,mts_details_total,2006,44.863
nru,sex_m,age_10yrbands_y55_64,mts_details_total,2013,26.76
nru,sex_m,age_10yrbands_y55_64,mts_details_total,2021,38.583
nru,sex_m,age_10yrbands_y55_64,mts_details_union,2021,35
nru,sex_m,age_10yrbands_y55_64,mts_details_wid,2021,24.138
nru,sex_m,age_10yrbands_y55_64,mts_details_x,2021,100
nru,sex_m,age_10yrbands_yge65,mts_aggregate_1,2013,51.923
nru,sex_m,age_10yrbands_yge65,mts_aggregate_1,2021,75
nru,sex_m,age_10yrbands_yge65,mts_aggregate_2,2013,82.99
nru,sex_m,age_10yrbands_yge65,mts_aggregate_2,2021,50
nru,sex_m,age_10yrbands_yge65,mts_aggregate_total,2006,54.484
nru,sex_m,age_10yrbands_yge65,mts_aggregate_total,2013,66.169
nru,sex_m,age_10yrbands_yge65,mts_aggregate_total,2021,60.606
nru,sex_m,age_10yrbands_yge65,mts_details_mrd,2013,80.752
nru,sex_m,age_10yrbands_yge65,mts_details_mrd,2021,54.717
nru,sex_m,age_10yrbands_yge65,mts_details_sgle,2021,75
nru,sex_m,age_10yrbands_yge65,mts_details_total,2006,54.484
nru,sex_m,age_10yrbands_yge65,mts_details_total,2013,66.169
nru,sex_m,age_10yrbands_yge65,mts_details_total,2021,60.606
nru,sex_m,age_10yrbands_yge65,mts_details_wid,2021,80
nru,sex_m,age_aggregate_total,mts_aggregate_1,2006,61.563
nru,sex_m,age_aggregate_total,mts_aggregate_1,2013,29.878
nru,sex_m,age_aggregate_total,mts_aggregate_1,2021,35.953
nru,sex_m,age_aggregate_total,mts_aggregate_2,2006,42.721
nru,sex_m,age_aggregate_total,mts_aggregate_2,2013,9.823
nru,sex_m,age_aggregate_total,mts_aggregate_2,2021,14.408
nru,sex_m,age_aggregate_total,mts_aggregate_total,2006,50.752
nru,sex_m,age_aggregate_total,mts_aggregate_total,2013,18.657
nru,sex_m,age_aggregate_total,mts_aggregate_total,2021,26.366
nru,sex_m,age_aggregate_total,mts_aggregate_x,2006,53.615
nru,sex_m,age_aggregate_total,mts_aggregate_x,2021,100
nru,sex_m,age_aggregate_total,mts_details_mrd,2006,42.56
nru,sex_m,age_aggregate_total,mts_details_mrd,2013,9.656
nru,sex_m,age_aggregate_total,mts_details_mrd,2021,15.167
nru,sex_m,age_aggregate_total,mts_details_sep,2006,65.58
nru,sex_m,age_aggregate_total,mts_details_sep,2021,20
nru,sex_m,age_aggregate_total,mts_details_sgle,2006,63.571
nru,sex_m,age_aggregate_total,mts_details_sgle,2013,30.421
nru,sex_m,age_aggregate_total,mts_details_sgle,2021,36.822
nru,sex_m,age_aggregate_total,mts_details_total,2006,50.752
nru,sex_m,age_aggregate_total,mts_details_total,2013,18.657
nru,sex_m,age_aggregate_total,mts_details_total,2021,26.366
nru,sex_m,age_aggregate_total,mts_details_union,2006,44.643
nru,sex_m,age_aggregate_total,mts_details_union,2013,11.118
nru,sex_m,age_aggregate_total,mts_details_union,2021,11.697
nru,sex_m,age_aggregate_total,mts_details_wid,2013,36.362
nru,sex_m,age_aggregate_total,mts_details_wid,2021,39.759
nru,sex_m,age_aggregate_total,mts_details_x,2006,53.615
nru,sex_m,age_aggregate_total,mts_details_x,2021,100
nru,sex_m,age_aggregate_y15_24,mts_aggregate_1,2006,69.635
nru,sex_m,age_aggregate_y15_24,mts_aggregate_1,2013,37.625
nru,sex_m,age_aggregate_y15_24,mts_aggregate_1,2021,48.098
nru,sex_m,age_aggregate_y15_24,mts_aggregate_2,2006,37.955
nru,sex_m,age_aggregate_y15_24,mts_aggregate_2,2013,10.81
nru,sex_m,age_aggregate_y15_24,mts_aggregate_2,2021,9.412
nru,sex_m,age_aggregate_y15_24,mts_aggregate_total,2006,62.679
nru,sex_m,age_aggregate_y15_24,mts_aggregate_total,2013,32.348
nru,sex_m,age_aggregate_y15_24,mts_aggregate_total,2021,43.542
nru,sex_m,age_aggregate_y15_24,mts_aggregate_x,2006,58.263
nru,sex_m,age_aggregate_y15_24,mts_aggregate_x,2021,100
nru,sex_m,age_aggregate_y15_24,mts_details_mrd,2006,30.63
nru,sex_m,age_aggregate_y15_24,mts_details_mrd,2013,12.018
nru,sex_m,age_aggregate_y15_24,mts_details_mrd,2021,8.621
nru,sex_m,age_aggregate_y15_24,mts_details_sgle,2006,69.635
nru,sex_m,age_aggregate_y15_24,mts_details_sgle,2013,37.625
nru,sex_m,age_aggregate_y15_24,mts_details_sgle,2021,48.335
nru,sex_m,age_aggregate_y15_24,mts_details_total,2006,62.679
nru,sex_m,age_aggregate_y15_24,mts_details_total,2013,32.348
nru,sex_m,age_aggregate_y15_24,mts_details_total,2021,43.542
nru,sex_m,age_aggregate_y15_24,mts_details_union,2021,9.821
nru,sex_m,age_aggregate_y15_24,mts_details_x,2006,58.263
nru,sex_m,age_aggregate_y15_24,mts_details_x,2021,100
nru,sex_m,age_aggregate_y25_54,mts_aggregate_1,2006,41.183
nru,sex_m,age_aggregate_y25_54,mts_aggregate_1,2013,15.371
nru,sex_m,age_aggregate_y25_54,mts_aggregate_1,2021,15.827
nru,sex_m,age_aggregate_y25_54,mts_aggregate_2,2006,43.571
nru,sex_m,age_aggregate_y25_54,mts_aggregate_2,2013,6.691
nru,sex_m,age_aggregate_y25_54,mts_aggregate_2,2021,10.928
nru,sex_m,age_aggregate_y25_54,mts_aggregate_total,2006,43.147
nru,sex_m,age_aggregate_y25_54,mts_aggregate_total,2013,8.894
nru,sex_m,age_aggregate_y25_54,mts_aggregate_total,2021,15.499
nru,sex_m,age_aggregate_y25_54,mts_aggregate_x,2021,100
nru,sex_m,age_aggregate_y25_54,mts_details_mrd,2006,44.354
nru,sex_m,age_aggregate_y25_54,mts_details_mrd,2013,6.55
nru,sex_m,age_aggregate_y25_54,mts_details_mrd,2021,10.963
nru,sex_m,age_aggregate_y25_54,mts_details_sep,2006,65.58
nru,sex_m,age_aggregate_y25_54,mts_details_sep,2021,17.333
nru,sex_m,age_aggregate_y25_54,mts_details_sgle,2006,40.455
nru,sex_m,age_aggregate_y25_54,mts_details_sgle,2013,16.509
nru,sex_m,age_aggregate_y25_54,mts_details_sgle,2021,15.232
nru,sex_m,age_aggregate_y25_54,mts_details_total,2006,43.147
nru,sex_m,age_aggregate_y25_54,mts_details_total,2013,8.894
nru,sex_m,age_aggregate_y25_54,mts_details_total,2021,15.499
nru,sex_m,age_aggregate_y25_54,mts_details_union,2021,10.774
nru,sex_m,age_aggregate_y25_54,mts_details_wid,2021,21.429
nru,sex_m,age_aggregate_y25_54,mts_details_x,2021,100
nru,sex_m,age_aggregate_y55_64,mts_aggregate_1,2013,28.082
nru,sex_m,age_aggregate_y55_64,mts_aggregate_1,2021,33.929
nru,sex_m,age_aggregate_y55_64,mts_aggregate_2,2006,42.175
nru,sex_m,age_aggregate_y55_64,mts_aggregate_2,2013,26.121
nru,sex_m,age_aggregate_y55_64,mts_aggregate_2,2021,36.702
nru,sex_m,age_aggregate_y55_64,mts_aggregate_total,2006,44.863
nru,sex_m,age_aggregate_y55_64,mts_aggregate_total,2013,26.76
nru,sex_m,age_aggregate_y55_64,mts_aggregate_total,2021,38.583
nru,sex_m,age_aggregate_y55_64,mts_aggregate_x,2021,100
nru,sex_m,age_aggregate_y55_64,mts_details_mrd,2006,39.393
nru,sex_m,age_aggregate_y55_64,mts_details_mrd,2013,25.635
nru,sex_m,age_aggregate_y55_64,mts_details_mrd,2021,36.905
nru,sex_m,age_aggregate_y55_64,mts_details_sgle,2021,44.444
nru,sex_m,age_aggregate_y55_64,mts_details_total,2006,44.863
nru,sex_m,age_aggregate_y55_64,mts_details_total,2013,26.76
nru,sex_m,age_aggregate_y55_64,mts_details_total,2021,38.583
nru,sex_m,age_aggregate_y55_64,mts_details_union,2021,35
nru,sex_m,age_aggregate_y55_64,mts_details_wid,2021,24.138
nru,sex_m,age_aggregate_y55_64,mts_details_x,2021,100
nru,sex_m,age_aggregate_yge65,mts_aggregate_1,2013,51.923
nru,sex_m,age_aggregate_yge65,mts_aggregate_1,2021,75
nru,sex_m,age_aggregate_yge65,mts_aggregate_2,2013,82.99
nru,sex_m,age_aggregate_yge65,mts_aggregate_2,2021,50
nru,sex_m,age_aggregate_yge65,mts_aggregate_total,2006,54.484
nru,sex_m,age_aggregate_yge65,mts_aggregate_total,2013,66.169
nru,sex_m,age_aggregate_yge65,mts_aggregate_total,2021,60.606
nru,sex_m,age_aggregate_yge65,mts_details_mrd,2013,80.752
nru,sex_m,age_aggregate_yge65,mts_details_mrd,2021,54.717
nru,sex_m,age_aggregate_yge65,mts_details_sgle,2021,75
nru,sex_m,age_aggregate_yge65,mts_details_total,2006,54.484
nru,sex_m,age_aggregate_yge65,mts_details_total,2013,66.169
nru,sex_m,age_aggregate_yge65,mts_details_total,2021,60.606
nru,sex_m,age_aggregate_yge65,mts_details_wid,2021,80
nru,sex_m,age_ythadult_y15_24,mts_aggregate_1,2006,69.635
nru,sex_m,age_ythadult_y15_24,mts_aggregate_1,2013,37.625
nru,sex_m,age_ythadult_y15_24,mts_aggregate_1,2021,48.098
nru,sex_m,age_ythadult_y15_24,mts_aggregate_2,2006,37.955
nru,sex_m,age_ythadult_y15_24,mts_aggregate_2,2013,10.81
nru,sex_m,age_ythadult_y15_24,mts_aggregate_2,2021,9.412
nru,sex_m,age_ythadult_y15_24,mts_aggregate_total,2006,62.679
nru,sex_m,age_ythadult_y15_24,mts_aggregate_total,2013,32.348
nru,sex_m,age_ythadult_y15_24,mts_aggregate_total,2021,43.542
nru,sex_m,age_ythadult_y15_24,mts_aggregate_x,2006,58.263
nru,sex_m,age_ythadult_y15_24,mts_aggregate_x,2021,100
nru,sex_m,age_ythadult_y15_24,mts_details_mrd,2006,30.63
nru,sex_m,age_ythadult_y15_24,mts_details_mrd,2013,12.018
nru,sex_m,age_ythadult_y15_24,mts_details_mrd,2021,8.621
nru,sex_m,age_ythadult_y15_24,mts_details_sgle,2006,69.635
nru,sex_m,age_ythadult_y15_24,mts_details_sgle,2013,37.625
nru,sex_m,age_ythadult_y15_24,mts_details_sgle,2021,48.335
nru,sex_m,age_ythadult_y15_24,mts_details_total,2006,62.679
nru,sex_m,age_ythadult_y15_24,mts_details_total,2013,32.348
nru,sex_m,age_ythadult_y15_24,mts_details_total,2021,43.542
nru,sex_m,age_ythadult_y15_24,mts_details_union,2021,9.821
nru,sex_m,age_ythadult_y15_24,mts_details_x,2006,58.263
nru,sex_m,age_ythadult_y15_24,mts_details_x,2021,100
nru,sex_m,age_ythadult_y15_64,mts_aggregate_1,2006,61.148
nru,sex_m,age_ythadult_y15_64,mts_aggregate_1,2013,29.331
nru,sex_m,age_ythadult_y15_64,mts_aggregate_1,2021,34.968
nru,sex_m,age_ythadult_y15_64,mts_aggregate_2,2006,42.714
nru,sex_m,age_ythadult_y15_64,mts_aggregate_2,2013,8.624
nru,sex_m,age_ythadult_y15_64,mts_aggregate_2,2021,13.302
nru,sex_m,age_ythadult_y15_64,mts_aggregate_total,2006,50.671
nru,sex_m,age_ythadult_y15_64,mts_aggregate_total,2013,17.704
nru,sex_m,age_ythadult_y15_64,mts_aggregate_total,2021,25.394
nru,sex_m,age_ythadult_y15_64,mts_aggregate_x,2021,100
nru,sex_m,age_ythadult_y15_64,mts_details_mrd,2006,42.548
nru,sex_m,age_ythadult_y15_64,mts_details_mrd,2013,8.494
nru,sex_m,age_ythadult_y15_64,mts_details_mrd,2021,13.773
nru,sex_m,age_ythadult_y15_64,mts_details_sep,2021,19.54
nru,sex_m,age_ythadult_y15_64,mts_details_sgle,2006,63.371
nru,sex_m,age_ythadult_y15_64,mts_details_sgle,2013,30.276
nru,sex_m,age_ythadult_y15_64,mts_details_sgle,2021,36.584
nru,sex_m,age_ythadult_y15_64,mts_details_total,2006,50.671
nru,sex_m,age_ythadult_y15_64,mts_details_total,2013,17.704
nru,sex_m,age_ythadult_y15_64,mts_details_total,2021,25.394
nru,sex_m,age_ythadult_y15_64,mts_details_union,2006,44.643
nru,sex_m,age_ythadult_y15_64,mts_details_union,2013,9.637
nru,sex_m,age_ythadult_y15_64,mts_details_union,2021,11.655
nru,sex_m,age_ythadult_y15_64,mts_details_x,2021,100
nru,sex_m,age_ythadult_yge15,mts_aggregate_1,2006,61.563
nru,sex_m,age_ythadult_yge15,mts_aggregate_1,2013,29.878
nru,sex_m,age_ythadult_yge15,mts_aggregate_1,2021,35.953
nru,sex_m,age_ythadult_yge15,mts_aggregate_2,2006,42.721
nru,sex_m,age_ythadult_yge15,mts_aggregate_2,2013,9.823
nru,sex_m,age_ythadult_yge15,mts_aggregate_2,2021,14.408
nru,sex_m,age_ythadult_yge15,mts_aggregate_total,2006,50.752
nru,sex_m,age_ythadult_yge15,mts_aggregate_total,2013,18.657
nru,sex_m,age_ythadult_yge15,mts_aggregate_total,2021,26.366
nru,sex_m,age_ythadult_yge15,mts_aggregate_x,2006,53.615
nru,sex_m,age_ythadult_yge15,mts_aggregate_x,2021,100
nru,sex_m,age_ythadult_yge15,mts_details_mrd,2006,42.56
nru,sex_m,age_ythadult_yge15,mts_details_mrd,2013,9.656
nru,sex_m,age_ythadult_yge15,mts_details_mrd,2021,15.167
nru,sex_m,age_ythadult_yge15,mts_details_sep,2006,65.58
nru,sex_m,age_ythadult_yge15,mts_details_sep,2021,20
nru,sex_m,age_ythadult_yge15,mts_details_sgle,2006,63.571
nru,sex_m,age_ythadult_yge15,mts_details_sgle,2013,30.421
nru,sex_m,age_ythadult_yge15,mts_details_sgle,2021,36.822
nru,sex_m,age_ythadult_yge15,mts_details_total,2006,50.752
nru,sex_m,age_ythadult_yge15,mts_details_total,2013,18.657
nru,sex_m,age_ythadult_yge15,mts_details_total,2021,26.366
nru,sex_m,age_ythadult_yge15,mts_details_union,2006,44.643
nru,sex_m,age_ythadult_yge15,mts_details_union,2013,11.118
nru,sex_m,age_ythadult_yge15,mts_details_union,2021,11.697
nru,sex_m,age_ythadult_yge15,mts_details_wid,2013,36.362
nru,sex_m,age_ythadult_yge15,mts_details_wid,2021,39.759
nru,sex_m,age_ythadult_yge15,mts_details_x,2006,53.615
nru,sex_m,age_ythadult_yge15,mts_details_x,2021,100
nru,sex_m,age_ythadult_yge25,mts_aggregate_1,2006,43.993
nru,sex_m,age_ythadult_yge25,mts_aggregate_1,2013,18.9
nru,sex_m,age_ythadult_yge25,mts_aggregate_1,2021,20.679
nru,sex_m,age_ythadult_yge25,mts_aggregate_2,2006,43.451
nru,sex_m,age_ythadult_yge25,mts_aggregate_2,2013,9.698
nru,sex_m,age_ythadult_yge25,mts_aggregate_2,2021,14.874
nru,sex_m,age_ythadult_yge25,mts_aggregate_total,2006,43.636
nru,sex_m,age_ythadult_yge25,mts_aggregate_total,2013,12.17
nru,sex_m,age_ythadult_yge25,mts_aggregate_total,2021,19.525
nru,sex_m,age_ythadult_yge25,mts_aggregate_x,2021,100
nru,sex_m,age_ythadult_yge25,mts_details_mrd,2006,43.957
nru,sex_m,age_ythadult_yge25,mts_details_mrd,2013,9.418
nru,sex_m,age_ythadult_yge25,mts_details_mrd,2021,15.421
nru,sex_m,age_ythadult_yge25,mts_details_sep,2006,65.58
nru,sex_m,age_ythadult_yge25,mts_details_sep,2021,20.69
nru,sex_m,age_ythadult_yge25,mts_details_sgle,2006,42.846
nru,sex_m,age_ythadult_yge25,mts_details_sgle,2013,16.309
nru,sex_m,age_ythadult_yge25,mts_details_sgle,2021,17.328
nru,sex_m,age_ythadult_yge25,mts_details_total,2006,43.636
nru,sex_m,age_ythadult_yge25,mts_details_total,2013,12.17
nru,sex_m,age_ythadult_yge25,mts_details_total,2021,19.525
nru,sex_m,age_ythadult_yge25,mts_details_union,2013,12.428
nru,sex_m,age_ythadult_yge25,mts_details_union,2021,12.346
nru,sex_m,age_ythadult_yge25,mts_details_wid,2013,36.362
nru,sex_m,age_ythadult_yge25,mts_details_wid,2021,40.244
nru,sex_m,age_ythadult_yge25,mts_details_x,2021,100
nru,sex_t,age_10yrbands_total,mts_aggregate_1,2006,67.236
nru,sex_t,age_10yrbands_total,mts_aggregate_1,2013,38.797
nru,sex_t,age_10yrbands_total,mts_aggregate_1,2021,42.148
nru,sex_t,age_10yrbands_total,mts_aggregate_2,2006,49.135
nru,sex_t,age_10yrbands_total,mts_aggregate_2,2013,25.394
nru,sex_t,age_10yrbands_total,mts_aggregate_2,2021,25.251
nru,sex_t,age_10yrbands_total,mts_aggregate_total,2006,57.099
nru,sex_t,age_10yrbands_total,mts_aggregate_total,2013,31.311
nru,sex_t,age_10yrbands_total,mts_aggregate_total,2021,34.807
nru,sex_t,age_10yrbands_total,mts_aggregate_x,2006,67.228
nru,sex_t,age_10yrbands_total,mts_aggregate_x,2021,100
nru,sex_t,age_10yrbands_total,mts_details_mrd,2006,48.789
nru,sex_t,age_10yrbands_total,mts_details_mrd,2013,24.172
nru,sex_t,age_10yrbands_total,mts_details_mrd,2021,24.831
nru,sex_t,age_10yrbands_total,mts_details_sep,2006,65.141
nru,sex_t,age_10yrbands_total,mts_details_sep,2013,24.968
nru,sex_t,age_10yrbands_total,mts_details_sep,2021,26.633
nru,sex_t,age_10yrbands_total,mts_details_sgle,2006,68.188
nru,sex_t,age_10yrbands_total,mts_details_sgle,2013,39.688
nru,sex_t,age_10yrbands_total,mts_details_sgle,2021,42.798
nru,sex_t,age_10yrbands_total,mts_details_total,2006,57.099
nru,sex_t,age_10yrbands_total,mts_details_total,2013,31.311
nru,sex_t,age_10yrbands_total,mts_details_total,2021,34.807
nru,sex_t,age_10yrbands_total,mts_details_union,2006,53.141
nru,sex_t,age_10yrbands_total,mts_details_union,2013,34.043
nru,sex_t,age_10yrbands_total,mts_details_union,2021,26.751
nru,sex_t,age_10yrbands_total,mts_details_wid,2006,57.614
nru,sex_t,age_10yrbands_total,mts_details_wid,2013,40.075
nru,sex_t,age_10yrbands_total,mts_details_wid,2021,46.769
nru,sex_t,age_10yrbands_total,mts_details_x,2006,67.228
nru,sex_t,age_10yrbands_total,mts_details_x,2021,100
nru,sex_t,age_10yrbands_y15_24,mts_aggregate_1,2006,72.525
nru,sex_t,age_10yrbands_y15_24,mts_aggregate_1,2013,48.471
nru,sex_t,age_10yrbands_y15_24,mts_aggregate_1,2021,56.217
nru,sex_t,age_10yrbands_y15_24,mts_aggregate_2,2006,57.91
nru,sex_t,age_10yrbands_y15_24,mts_aggregate_2,2013,45.424
nru,sex_t,age_10yrbands_y15_24,mts_aggregate_2,2021,39.503
nru,sex_t,age_10yrbands_y15_24,mts_aggregate_total,2006,68.854
nru,sex_t,age_10yrbands_y15_24,mts_aggregate_total,2013,47.71
nru,sex_t,age_10yrbands_y15_24,mts_aggregate_total,2021,54.034
nru,sex_t,age_10yrbands_y15_24,mts_aggregate_x,2006,69.331
nru,sex_t,age_10yrbands_y15_24,mts_aggregate_x,2021,100
nru,sex_t,age_10yrbands_y15_24,mts_details_mrd,2006,55.31
nru,sex_t,age_10yrbands_y15_24,mts_details_mrd,2013,47.325
nru,sex_t,age_10yrbands_y15_24,mts_details_mrd,2021,43.575
nru,sex_t,age_10yrbands_y15_24,mts_details_sgle,2006,72.525
nru,sex_t,age_10yrbands_y15_24,mts_details_sgle,2013,48.58
nru,sex_t,age_10yrbands_y15_24,mts_details_sgle,2021,56.317
nru,sex_t,age_10yrbands_y15_24,mts_details_total,2006,68.854
nru,sex_t,age_10yrbands_y15_24,mts_details_total,2013,47.71
nru,sex_t,age_10yrbands_y15_24,mts_details_total,2021,54.034
nru,sex_t,age_10yrbands_y15_24,mts_details_union,2006,66.962
nru,sex_t,age_10yrbands_y15_24,mts_details_union,2013,41.617
nru,sex_t,age_10yrbands_y15_24,mts_details_union,2021,36.742
nru,sex_t,age_10yrbands_y15_24,mts_details_x,2006,69.331
nru,sex_t,age_10yrbands_y15_24,mts_details_x,2021,100
nru,sex_t,age_10yrbands_y25_34,mts_aggregate_1,2006,54.067
nru,sex_t,age_10yrbands_y25_34,mts_aggregate_1,2013,17.308
nru,sex_t,age_10yrbands_y25_34,mts_aggregate_1,2021,17.55
nru,sex_t,age_10yrbands_y25_34,mts_aggregate_2,2006,51.008
nru,sex_t,age_10yrbands_y25_34,mts_aggregate_2,2013,21.21
nru,sex_t,age_10yrbands_y25_34,mts_aggregate_2,2021,22.282
nru,sex_t,age_10yrbands_y25_34,mts_aggregate_total,2006,50.991
nru,sex_t,age_10yrbands_y25_34,mts_aggregate_total,2013,20.054
nru,sex_t,age_10yrbands_y25_34,mts_aggregate_total,2021,23.046
nru,sex_t,age_10yrbands_y25_34,mts_aggregate_x,2021,100
nru,sex_t,age_10yrbands_y25_34,mts_details_mrd,2006,52.16
nru,sex_t,age_10yrbands_y25_34,mts_details_mrd,2013,20.39
nru,sex_t,age_10yrbands_y25_34,mts_details_mrd,2021,21.961
nru,sex_t,age_10yrbands_y25_34,mts_details_sep,2021,18.605
nru,sex_t,age_10yrbands_y25_34,mts_details_sgle,2006,52.956
nru,sex_t,age_10yrbands_y25_34,mts_details_sgle,2013,17.13
nru,sex_t,age_10yrbands_y25_34,mts_details_sgle,2021,17.328
nru,sex_t,age_10yrbands_y25_34,mts_details_total,2006,50.991
nru,sex_t,age_10yrbands_y25_34,mts_details_total,2013,20.054
nru,sex_t,age_10yrbands_y25_34,mts_details_total,2021,23.046
nru,sex_t,age_10yrbands_y25_34,mts_details_union,2006,36.193
nru,sex_t,age_10yrbands_y25_34,mts_details_union,2013,27.619
nru,sex_t,age_10yrbands_y25_34,mts_details_union,2021,23.27
nru,sex_t,age_10yrbands_y25_34,mts_details_x,2021,100
nru,sex_t,age_10yrbands_y35_44,mts_aggregate_1,2006,47.335
nru,sex_t,age_10yrbands_y35_44,mts_aggregate_1,2013,23.757
nru,sex_t,age_10yrbands_y35_44,mts_aggregate_1,2021,22.619
nru,sex_t,age_10yrbands_y35_44,mts_aggregate_2,2006,38.766
nru,sex_t,age_10yrbands_y35_44,mts_aggregate_2,2013,14.194
nru,sex_t,age_10yrbands_y35_44,mts_aggregate_2,2021,18.182
nru,sex_t,age_10yrbands_y35_44,mts_aggregate_total,2006,41.605
nru,sex_t,age_10yrbands_y35_44,mts_aggregate_total,2013,16.391
nru,sex_t,age_10yrbands_y35_44,mts_aggregate_total,2021,22.287
nru,sex_t,age_10yrbands_y35_44,mts_aggregate_x,2021,100
nru,sex_t,age_10yrbands_y35_44,mts_details_mrd,2006,38.592
nru,sex_t,age_10yrbands_y35_44,mts_details_mrd,2013,13.386
nru,sex_t,age_10yrbands_y35_44,mts_details_mrd,2021,18.473
nru,sex_t,age_10yrbands_y35_44,mts_details_sep,2006,61.3
nru,sex_t,age_10yrbands_y35_44,mts_details_sep,2013,32.114
nru,sex_t,age_10yrbands_y35_44,mts_details_sep,2021,26.984
nru,sex_t,age_10yrbands_y35_44,mts_details_sgle,2006,47.628
nru,sex_t,age_10yrbands_y35_44,mts_details_sgle,2013,21.357
nru,sex_t,age_10yrbands_y35_44,mts_details_sgle,2021,21.577
nru,sex_t,age_10yrbands_y35_44,mts_details_total,2006,41.605
nru,sex_t,age_10yrbands_y35_44,mts_details_total,2013,16.391
nru,sex_t,age_10yrbands_y35_44,mts_details_total,2021,22.287
nru,sex_t,age_10yrbands_y35_44,mts_details_union,2021,16.571
nru,sex_t,age_10yrbands_y35_44,mts_details_wid,2021,21.875
nru,sex_t,age_10yrbands_y35_44,mts_details_x,2021,100
nru,sex_t,age_10yrbands_y45_54,mts_aggregate_1,2006,54.256
nru,sex_t,age_10yrbands_y45_54,mts_aggregate_1,2013,36.551
nru,sex_t,age_10yrbands_y45_54,mts_aggregate_1,2021,19.289
nru,sex_t,age_10yrbands_y45_54,mts_aggregate_2,2006,50.936
nru,sex_t,age_10yrbands_y45_54,mts_aggregate_2,2013,22.285
nru,sex_t,age_10yrbands_y45_54,mts_aggregate_2,2021,19.37
nru,sex_t,age_10yrbands_y45_54,mts_aggregate_total,2006,52.937
nru,sex_t,age_10yrbands_y45_54,mts_aggregate_total,2013,26.08
nru,sex_t,age_10yrbands_y45_54,mts_aggregate_total,2021,22.607
nru,sex_t,age_10yrbands_y45_54,mts_aggregate_x,2021,100
nru,sex_t,age_10yrbands_y45_54,mts_details_mrd,2006,51.562
nru,sex_t,age_10yrbands_y45_54,mts_details_mrd,2013,21.369
nru,sex_t,age_10yrbands_y45_54,mts_details_mrd,2021,19.859
nru,sex_t,age_10yrbands_y45_54,mts_details_sep,2021,18.868
nru,sex_t,age_10yrbands_y45_54,mts_details_sgle,2006,59.198
nru,sex_t,age_10yrbands_y45_54,mts_details_sgle,2013,45.163
nru,sex_t,age_10yrbands_y45_54,mts_details_sgle,2021,21.25
nru,sex_t,age_10yrbands_y45_54,mts_details_total,2006,52.937
nru,sex_t,age_10yrbands_y45_54,mts_details_total,2013,26.08
nru,sex_t,age_10yrbands_y45_54,mts_details_total,2021,22.607
nru,sex_t,age_10yrbands_y45_54,mts_details_union,2021,15.152
nru,sex_t,age_10yrbands_y45_54,mts_details_wid,2006,49.847
nru,sex_t,age_10yrbands_y45_54,mts_details_wid,2013,30.754
nru,sex_t,age_10yrbands_y45_54,mts_details_wid,2021,17.188
nru,sex_t,age_10yrbands_y45_54,mts_details_x,2021,100
nru,sex_t,age_10yrbands_y55_64,mts_aggregate_1,2006,87.906
nru,sex_t,age_10yrbands_y55_64,mts_aggregate_1,2013,37.491
nru,sex_t,age_10yrbands_y55_64,mts_aggregate_1,2021,40.414
nru,sex_t,age_10yrbands_y55_64,mts_aggregate_2,2006,52.818
nru,sex_t,age_10yrbands_y55_64,mts_aggregate_2,2013,40.739
nru,sex_t,age_10yrbands_y55_64,mts_aggregate_2,2021,41.667
nru,sex_t,age_10yrbands_y55_64,mts_aggregate_total,2006,60.381
nru,sex_t,age_10yrbands_y55_64,mts_aggregate_total,2013,39.212
nru,sex_t,age_10yrbands_y55_64,mts_aggregate_total,2021,43.517
nru,sex_t,age_10yrbands_y55_64,mts_aggregate_x,2021,100
nru,sex_t,age_10yrbands_y55_64,mts_details_mrd,2006,51.323
nru,sex_t,age_10yrbands_y55_64,mts_details_mrd,2013,41.491
nru,sex_t,age_10yrbands_y55_64,mts_details_mrd,2021,40.952
nru,sex_t,age_10yrbands_y55_64,mts_details_sep,2021,41.667
nru,sex_t,age_10yrbands_y55_64,mts_details_sgle,2013,36.965
nru,sex_t,age_10yrbands_y55_64,mts_details_sgle,2021,41.176
nru,sex_t,age_10yrbands_y55_64,mts_details_total,2006,60.381
nru,sex_t,age_10yrbands_y55_64,mts_details_total,2013,39.212
nru,sex_t,age_10yrbands_y55_64,mts_details_total,2021,43.517
nru,sex_t,age_10yrbands_y55_64,mts_details_union,2021,48.485
nru,sex_t,age_10yrbands_y55_64,mts_details_wid,2013,36.763
nru,sex_t,age_10yrbands_y55_64,mts_details_wid,2021,39.83
nru,sex_t,age_10yrbands_y55_64,mts_details_x,2021,100
nru,sex_t,age_10yrbands_yge65,mts_aggregate_1,2006,94.534
nru,sex_t,age_10yrbands_yge65,mts_aggregate_1,2013,58.804
nru,sex_t,age_10yrbands_yge65,mts_aggregate_1,2021,80.741
nru,sex_t,age_10yrbands_yge65,mts_aggregate_2,2006,47.664
nru,sex_t,age_10yrbands_yge65,mts_aggregate_2,2013,90.492
nru,sex_t,age_10yrbands_yge65,mts_aggregate_2,2021,57.522
nru,sex_t,age_10yrbands_yge65,mts_aggregate_total,2006,66.56
nru,sex_t,age_10yrbands_yge65,mts_aggregate_total,2013,71.28
nru,sex_t,age_10yrbands_yge65,mts_aggregate_total,2021,71.206
nru,sex_t,age_10yrbands_yge65,mts_aggregate_x,2021,100
nru,sex_t,age_10yrbands_yge65,mts_details_mrd,2006,45.658
nru,sex_t,age_10yrbands_yge65,mts_details_mrd,2013,89.831
nru,sex_t,age_10yrbands_yge65,mts_details_mrd,2021,59.184
nru,sex_t,age_10yrbands_yge65,mts_details_sep,2021,55.556
nru,sex_t,age_10yrbands_yge65,mts_details_sgle,2021,82.609
nru,sex_t,age_10yrbands_yge65,mts_details_total,2006,66.56
nru,sex_t,age_10yrbands_yge65,mts_details_total,2013,71.28
nru,sex_t,age_10yrbands_yge65,mts_details_total,2021,71.206
nru,sex_t,age_10yrbands_yge65,mts_details_union,2021,46.667
nru,sex_t,age_10yrbands_yge65,mts_details_wid,2006,93.982
nru,sex_t,age_10yrbands_yge65,mts_details_wid,2013,61.758
nru,sex_t,age_10yrbands_yge65,mts_details_wid,2021,82.524
nru,sex_t,age_10yrbands_yge65,mts_details_x,2021,100
nru,sex_t,age_aggregate_total,mts_aggregate_1,2006,67.236
nru,sex_t,age_aggregate_total,mts_aggregate_1,2013,38.797
nru,sex_t,age_aggregate_total,mts_aggregate_1,2021,42.148
nru,sex_t,age_aggregate_total,mts_aggregate_2,2006,49.135
nru,sex_t,age_aggregate_total,mts_aggregate_2,2013,25.394
nru,sex_t,age_aggregate_total,mts_aggregate_2,2021,25.251
nru,sex_t,age_aggregate_total,mts_aggregate_total,2006,57.099
nru,sex_t,age_aggregate_total,mts_aggregate_total,2013,31.311
nru,sex_t,age_aggregate_total,mts_aggregate_total,2021,34.807
nru,sex_t,age_aggregate_total,mts_aggregate_x,2006,67.228
nru,sex_t,age_aggregate_total,mts_aggregate_x,2021,100
nru,sex_t,age_aggregate_total,mts_details_mrd,2006,48.789
nru,sex_t,age_aggregate_total,mts_details_mrd,2013,24.172
nru,sex_t,age_aggregate_total,mts_details_mrd,2021,24.831
nru,sex_t,age_aggregate_total,mts_details_sep,2006,65.141
nru,sex_t,age_aggregate_total,mts_details_sep,2013,24.968
nru,sex_t,age_aggregate_total,mts_details_sep,2021,26.633
nru,sex_t,age_aggregate_total,mts_details_sgle,2006,68.188
nru,sex_t,age_aggregate_total,mts_details_sgle,2013,39.688
nru,sex_t,age_aggregate_total,mts_details_sgle,2021,42.798
nru,sex_t,age_aggregate_total,mts_details_total,2006,57.099
nru,sex_t,age_aggregate_total,mts_details_total,2013,31.311
nru,sex_t,age_aggregate_total,mts_details_total,2021,34.807
nru,sex_t,age_aggregate_total,mts_details_union,2006,53.141
nru,sex_t,age_aggregate_total,mts_details_union,2013,34.043
nru,sex_t,age_aggregate_total,mts_details_union,2021,26.751
nru,sex_t,age_aggregate_total,mts_details_wid,2006,57.614
nru,sex_t,age_aggregate_total,mts_details_wid,2013,40.075
nru,sex_t,age_aggregate_total,mts_details_wid,2021,46.769
nru,sex_t,age_aggregate_total,mts_details_x,2006,67.228
nru,sex_t,age_aggregate_total,mts_details_x,2021,100
nru,sex_t,age_aggregate_y15_24,mts_aggregate_1,2006,72.525
nru,sex_t,age_aggregate_y15_24,mts_aggregate_1,2013,48.471
nru,sex_t,age_aggregate_y15_24,mts_aggregate_1,2021,56.217
nru,sex_t,age_aggregate_y15_24,mts_aggregate_2,2006,57.91
nru,sex_t,age_aggregate_y15_24,mts_aggregate_2,2013,45.424
nru,sex_t,age_aggregate_y15_24,mts_aggregate_2,2021,39.503
nru,sex_t,age_aggregate_y15_24,mts_aggregate_total,2006,68.854
nru,sex_t,age_aggregate_y15_24,mts_aggregate_total,2013,47.71
nru,sex_t,age_aggregate_y15_24,mts_aggregate_total,2021,54.034
nru,sex_t,age_aggregate_y15_24,mts_aggregate_x,2006,69.331
nru,sex_t,age_aggregate_y15_24,mts_aggregate_x,2021,100
nru,sex_t,age_aggregate_y15_24,mts_details_mrd,2006,55.31
nru,sex_t,age_aggregate_y15_24,mts_details_mrd,2013,47.325
nru,sex_t,age_aggregate_y15_24,mts_details_mrd,2021,43.575
nru,sex_t,age_aggregate_y15_24,mts_details_sgle,2006,72.525
nru,sex_t,age_aggregate_y15_24,mts_details_sgle,2013,48.58
nru,sex_t,age_aggregate_y15_24,mts_details_sgle,2021,56.317
nru,sex_t,age_aggregate_y15_24,mts_details_total,2006,68.854
nru,sex_t,age_aggregate_y15_24,mts_details_total,2013,47.71
nru,sex_t,age_aggregate_y15_24,mts_details_total,2021,54.034
nru,sex_t,age_aggregate_y15_24,mts_details_union,2006,66.962
nru,sex_t,age_aggregate_y15_24,mts_details_union,2013,41.617
nru,sex_t,age_aggregate_y15_24,mts_details_union,2021,36.742
nru,sex_t,age_aggregate_y15_24,mts_details_x,2006,69.331
nru,sex_t,age_aggregate_y15_24,mts_details_x,2021,100
nru,sex_t,age_aggregate_y25_54,mts_aggregate_1,2006,52.128
nru,sex_t,age_aggregate_y25_54,mts_aggregate_1,2013,23.35
nru,sex_t,age_aggregate_y25_54,mts_aggregate_1,2021,19.349
nru,sex_t,age_aggregate_y25_54,mts_aggregate_2,2006,47.03
nru,sex_t,age_aggregate_y25_54,mts_aggregate_2,2013,19.299
nru,sex_t,age_aggregate_y25_54,mts_aggregate_2,2021,20.156
nru,sex_t,age_aggregate_y25_54,mts_aggregate_total,2006,48.486
nru,sex_t,age_aggregate_y25_54,mts_aggregate_total,2013,20.392
nru,sex_t,age_aggregate_y25_54,mts_aggregate_total,2021,22.691
nru,sex_t,age_aggregate_y25_54,mts_aggregate_x,2021,100
nru,sex_t,age_aggregate_y25_54,mts_details_mrd,2006,47.589
nru,sex_t,age_aggregate_y25_54,mts_details_mrd,2013,18.433
nru,sex_t,age_aggregate_y25_54,mts_details_mrd,2021,20.143
nru,sex_t,age_aggregate_y25_54,mts_details_sep,2006,65.141
nru,sex_t,age_aggregate_y25_54,mts_details_sep,2013,23.372
nru,sex_t,age_aggregate_y25_54,mts_details_sep,2021,22.013
nru,sex_t,age_aggregate_y25_54,mts_details_sgle,2006,53.174
nru,sex_t,age_aggregate_y25_54,mts_details_sgle,2013,21.933
nru,sex_t,age_aggregate_y25_54,mts_details_sgle,2021,18.857
nru,sex_t,age_aggregate_y25_54,mts_details_total,2006,48.486
nru,sex_t,age_aggregate_y25_54,mts_details_total,2013,20.392
nru,sex_t,age_aggregate_y25_54,mts_details_total,2021,22.691
nru,sex_t,age_aggregate_y25_54,mts_details_union,2006,35.821
nru,sex_t,age_aggregate_y25_54,mts_details_union,2013,28.109
nru,sex_t,age_aggregate_y25_54,mts_details_union,2021,20.215
nru,sex_t,age_aggregate_y25_54,mts_details_wid,2006,33.91
nru,sex_t,age_aggregate_y25_54,mts_details_wid,2013,31.686
nru,sex_t,age_aggregate_y25_54,mts_details_wid,2021,19.418
nru,sex_t,age_aggregate_y25_54,mts_details_x,2021,100
nru,sex_t,age_aggregate_y55_64,mts_aggregate_1,2006,87.906
nru,sex_t,age_aggregate_y55_64,mts_aggregate_1,2013,37.491
nru,sex_t,age_aggregate_y55_64,mts_aggregate_1,2021,40.414
nru,sex_t,age_aggregate_y55_64,mts_aggregate_2,2006,52.818
nru,sex_t,age_aggregate_y55_64,mts_aggregate_2,2013,40.739
nru,sex_t,age_aggregate_y55_64,mts_aggregate_2,2021,41.667
nru,sex_t,age_aggregate_y55_64,mts_aggregate_total,2006,60.381
nru,sex_t,age_aggregate_y55_64,mts_aggregate_total,2013,39.212
nru,sex_t,age_aggregate_y55_64,mts_aggregate_total,2021,43.517
nru,sex_t,age_aggregate_y55_64,mts_aggregate_x,2021,100
nru,sex_t,age_aggregate_y55_64,mts_details_mrd,2006,51.323
nru,sex_t,age_aggregate_y55_64,mts_details_mrd,2013,41.491
nru,sex_t,age_aggregate_y55_64,mts_details_mrd,2021,40.952
nru,sex_t,age_aggregate_y55_64,mts_details_sep,2021,41.667
nru,sex_t,age_aggregate_y55_64,mts_details_sgle,2013,36.965
nru,sex_t,age_aggregate_y55_64,mts_details_sgle,2021,41.176
nru,sex_t,age_aggregate_y55_64,mts_details_total,2006,60.381
nru,sex_t,age_aggregate_y55_64,mts_details_total,2013,39.212
nru,sex_t,age_aggregate_y55_64,mts_details_total,2021,43.517
nru,sex_t,age_aggregate_y55_64,mts_details_union,2021,48.485
nru,sex_t,age_aggregate_y55_64,mts_details_wid,2013,36.763
nru,sex_t,age_aggregate_y55_64,mts_details_wid,2021,39.83
nru,sex_t,age_aggregate_y55_64,mts_details_x,2021,100
nru,sex_t,age_aggregate_yge65,mts_aggregate_1,2006,94.534
nru,sex_t,age_aggregate_yge65,mts_aggregate_1,2013,58.804
nru,sex_t,age_aggregate_yge65,mts_aggregate_1,2021,80.741
nru,sex_t,age_aggregate_yge65,mts_aggregate_2,2006,47.664
nru,sex_t,age_aggregate_yge65,mts_aggregate_2,2013,90.492
nru,sex_t,age_aggregate_yge65,mts_aggregate_2,2021,57.522
nru,sex_t,age_aggregate_yge65,mts_aggregate_total,2006,66.56
nru,sex_t,age_aggregate_yge65,mts_aggregate_total,2013,71.28
nru,sex_t,age_aggregate_yge65,mts_aggregate_total,2021,71.206
nru,sex_t,age_aggregate_yge65,mts_aggregate_x,2021,100
nru,sex_t,age_aggregate_yge65,mts_details_mrd,2006,45.658
nru,sex_t,age_aggregate_yge65,mts_details_mrd,2013,89.831
nru,sex_t,age_aggregate_yge65,mts_details_mrd,2021,59.184
nru,sex_t,age_aggregate_yge65,mts_details_sep,2021,55.556
nru,sex_t,age_aggregate_yge65,mts_details_sgle,2021,82.609
nru,sex_t,age_aggregate_yge65,mts_details_total,2006,66.56
nru,sex_t,age_aggregate_yge65,mts_details_total,2013,71.28
nru,sex_t,age_aggregate_yge65,mts_details_total,2021,71.206
nru,sex_t,age_aggregate_yge65,mts_details_union,2021,46.667
nru,sex_t,age_aggregate_yge65,mts_details_wid,2006,93.982
nru,sex_t,age_aggregate_yge65,mts_details_wid,2013,61.758
nru,sex_t,age_aggregate_yge65,mts_details_wid,2021,82.524
nru,sex_t,age_aggregate_yge65,mts_details_x,2021,100
nru,sex_t,age_ythadult_y15_24,mts_aggregate_1,2006,72.525
nru,sex_t,age_ythadult_y15_24,mts_aggregate_1,2013,48.471
nru,sex_t,age_ythadult_y15_24,mts_aggregate_1,2021,56.217
nru,sex_t,age_ythadult_y15_24,mts_aggregate_2,2006,57.91
nru,sex_t,age_ythadult_y15_24,mts_aggregate_2,2013,45.424
nru,sex_t,age_ythadult_y15_24,mts_aggregate_2,2021,39.503
nru,sex_t,age_ythadult_y15_24,mts_aggregate_total,2006,68.854
nru,sex_t,age_ythadult_y15_24,mts_aggregate_total,2013,47.71
nru,sex_t,age_ythadult_y15_24,mts_aggregate_total,2021,54.034
nru,sex_t,age_ythadult_y15_24,mts_aggregate_x,2006,69.331
nru,sex_t,age_ythadult_y15_24,mts_aggregate_x,2021,100
nru,sex_t,age_ythadult_y15_24,mts_details_mrd,2006,55.31
nru,sex_t,age_ythadult_y15_24,mts_details_mrd,2013,47.325
nru,sex_t,age_ythadult_y15_24,mts_details_mrd,2021,43.575
nru,sex_t,age_ythadult_y15_24,mts_details_sgle,2006,72.525
nru,sex_t,age_ythadult_y15_24,mts_details_sgle,2013,48.58
nru,sex_t,age_ythadult_y15_24,mts_details_sgle,2021,56.317
nru,sex_t,age_ythadult_y15_24,mts_details_total,2006,68.854
nru,sex_t,age_ythadult_y15_24,mts_details_total,2013,47.71
nru,sex_t,age_ythadult_y15_24,mts_details_total,2021,54.034
nru,sex_t,age_ythadult_y15_24,mts_details_union,2006,66.962
nru,sex_t,age_ythadult_y15_24,mts_details_union,2013,41.617
nru,sex_t,age_ythadult_y15_24,mts_details_union,2021,36.742
nru,sex_t,age_ythadult_y15_24,mts_details_x,2006,69.331
nru,sex_t,age_ythadult_y15_24,mts_details_x,2021,100
nru,sex_t,age_ythadult_y15_64,mts_aggregate_1,2006,66.515
nru,sex_t,age_ythadult_y15_64,mts_aggregate_1,2013,38.22
nru,sex_t,age_ythadult_y15_64,mts_aggregate_1,2021,40.304
nru,sex_t,age_ythadult_y15_64,mts_aggregate_2,2006,49.177
nru,sex_t,age_ythadult_y15_64,mts_aggregate_2,2013,24.444
nru,sex_t,age_ythadult_y15_64,mts_aggregate_2,2021,24.308
nru,sex_t,age_ythadult_y15_64,mts_aggregate_total,2006,56.844
nru,sex_t,age_ythadult_y15_64,mts_aggregate_total,2013,30.478
nru,sex_t,age_ythadult_y15_64,mts_aggregate_total,2021,33.458
nru,sex_t,age_ythadult_y15_64,mts_aggregate_x,2021,100
nru,sex_t,age_ythadult_y15_64,mts_details_mrd,2006,48.883
nru,sex_t,age_ythadult_y15_64,mts_details_mrd,2013,23.15
nru,sex_t,age_ythadult_y15_64,mts_details_mrd,2021,23.713
nru,sex_t,age_ythadult_y15_64,mts_details_sep,2021,25.263
nru,sex_t,age_ythadult_y15_64,mts_details_sgle,2006,68.102
nru,sex_t,age_ythadult_y15_64,mts_details_sgle,2013,39.62
nru,sex_t,age_ythadult_y15_64,mts_details_sgle,2021,42.419
nru,sex_t,age_ythadult_y15_64,mts_details_total,2006,56.844
nru,sex_t,age_ythadult_y15_64,mts_details_total,2013,30.478
nru,sex_t,age_ythadult_y15_64,mts_details_total,2021,33.458
nru,sex_t,age_ythadult_y15_64,mts_details_union,2006,52.524
nru,sex_t,age_ythadult_y15_64,mts_details_union,2013,33.542
nru,sex_t,age_ythadult_y15_64,mts_details_union,2021,26.402
nru,sex_t,age_ythadult_y15_64,mts_details_x,2021,100
nru,sex_t,age_ythadult_yge15,mts_aggregate_1,2006,67.236
nru,sex_t,age_ythadult_yge15,mts_aggregate_1,2013,38.797
nru,sex_t,age_ythadult_yge15,mts_aggregate_1,2021,42.148
nru,sex_t,age_ythadult_yge15,mts_aggregate_2,2006,49.135
nru,sex_t,age_ythadult_yge15,mts_aggregate_2,2013,25.394
nru,sex_t,age_ythadult_yge15,mts_aggregate_2,2021,25.251
nru,sex_t,age_ythadult_yge15,mts_aggregate_total,2006,57.099
nru,sex_t,age_ythadult_yge15,mts_aggregate_total,2013,31.311
nru,sex_t,age_ythadult_yge15,mts_aggregate_total,2021,34.807
nru,sex_t,age_ythadult_yge15,mts_aggregate_x,2006,67.228
nru,sex_t,age_ythadult_yge15,mts_aggregate_x,2021,100
nru,sex_t,age_ythadult_yge15,mts_details_mrd,2006,48.789
nru,sex_t,age_ythadult_yge15,mts_details_mrd,2013,24.172
nru,sex_t,age_ythadult_yge15,mts_details_mrd,2021,24.831
nru,sex_t,age_ythadult_yge15,mts_details_sep,2006,65.141
nru,sex_t,age_ythadult_yge15,mts_details_sep,2013,24.968
nru,sex_t,age_ythadult_yge15,mts_details_sep,2021,26.633
nru,sex_t,age_ythadult_yge15,mts_details_sgle,2006,68.188
nru,sex_t,age_ythadult_yge15,mts_details_sgle,2013,39.688
nru,sex_t,age_ythadult_yge15,mts_details_sgle,2021,42.798
nru,sex_t,age_ythadult_yge15,mts_details_total,2006,57.099
nru,sex_t,age_ythadult_yge15,mts_details_total,2013,31.311
nru,sex_t,age_ythadult_yge15,mts_details_total,2021,34.807
nru,sex_t,age_ythadult_yge15,mts_details_union,2006,53.141
nru,sex_t,age_ythadult_yge15,mts_details_union,2013,34.043
nru,sex_t,age_ythadult_yge15,mts_details_union,2021,26.751
nru,sex_t,age_ythadult_yge15,mts_details_wid,2006,57.614
nru,sex_t,age_ythadult_yge15,mts_details_wid,2013,40.075
nru,sex_t,age_ythadult_yge15,mts_details_wid,2021,46.769
nru,sex_t,age_ythadult_yge15,mts_details_x,2006,67.228
nru,sex_t,age_ythadult_yge15,mts_details_x,2021,100
nru,sex_t,age_ythadult_yge25,mts_aggregate_1,2006,57.428
nru,sex_t,age_ythadult_yge25,mts_aggregate_1,2013,27.712
nru,sex_t,age_ythadult_yge25,mts_aggregate_1,2021,27.782
nru,sex_t,age_ythadult_yge25,mts_aggregate_2,2006,47.446
nru,sex_t,age_ythadult_yge25,mts_aggregate_2,2013,22.121
nru,sex_t,age_ythadult_yge25,mts_aggregate_2,2021,23.466
nru,sex_t,age_ythadult_yge25,mts_aggregate_total,2006,50.023
nru,sex_t,age_ythadult_yge25,mts_aggregate_total,2013,23.798
nru,sex_t,age_ythadult_yge25,mts_aggregate_total,2021,27.359
nru,sex_t,age_ythadult_yge25,mts_aggregate_x,2021,100
nru,sex_t,age_ythadult_yge25,mts_details_mrd,2006,47.761
nru,sex_t,age_ythadult_yge25,mts_details_mrd,2013,21.401
nru,sex_t,age_ythadult_yge25,mts_details_mrd,2021,23.686
nru,sex_t,age_ythadult_yge25,mts_details_sep,2006,65.141
nru,sex_t,age_ythadult_yge25,mts_details_sep,2013,25.447
nru,sex_t,age_ythadult_yge25,mts_details_sep,2021,26.042
nru,sex_t,age_ythadult_yge25,mts_details_sgle,2006,55.895
nru,sex_t,age_ythadult_yge25,mts_details_sgle,2013,22.949
nru,sex_t,age_ythadult_yge25,mts_details_sgle,2021,21.602
nru,sex_t,age_ythadult_yge25,mts_details_total,2006,50.023
nru,sex_t,age_ythadult_yge25,mts_details_total,2013,23.798
nru,sex_t,age_ythadult_yge25,mts_details_total,2021,27.359
nru,sex_t,age_ythadult_yge25,mts_details_union,2006,41.693
nru,sex_t,age_ythadult_yge25,mts_details_union,2013,29.44
nru,sex_t,age_ythadult_yge25,mts_details_union,2021,22.405
nru,sex_t,age_ythadult_yge25,mts_details_wid,2006,57.614
nru,sex_t,age_ythadult_yge25,mts_details_wid,2013,40.075
nru,sex_t,age_ythadult_yge25,mts_details_wid,2021,46.914
nru,sex_t,age_ythadult_yge25,mts_details_x,2021,100
