ref_area,sex,classif1,time,emp_dwap_sex_age_rt
prt,sex_f,age_10yrbands_total,1986,40.229
prt,sex_f,age_10yrbands_total,1987,41.852
prt,sex_f,age_10yrbands_total,1988,42.711
prt,sex_f,age_10yrbands_total,1989,43.698
prt,sex_f,age_10yrbands_total,1990,44.441
prt,sex_f,age_10yrbands_total,1991,47.09
prt,sex_f,age_10yrbands_total,1992,47.103
prt,sex_f,age_10yrbands_total,1993,46.382
prt,sex_f,age_10yrbands_total,1994,45.722
prt,sex_f,age_10yrbands_total,1995,45.621
prt,sex_f,age_10yrbands_total,1996,45.175
prt,sex_f,age_10yrbands_total,1997,45.732
prt,sex_f,age_10yrbands_total,1998,48.943
prt,sex_f,age_10yrbands_total,1999,49.651
prt,sex_f,age_10yrbands_total,2000,50.22
prt,sex_f,age_10yrbands_total,2001,50.803
prt,sex_f,age_10yrbands_total,2002,51.197
prt,sex_f,age_10yrbands_total,2003,50.799
prt,sex_f,age_10yrbands_total,2004,50.392
prt,sex_f,age_10yrbands_total,2005,50.519
prt,sex_f,age_10yrbands_total,2006,50.593
prt,sex_f,age_10yrbands_total,2007,50.643
prt,sex_f,age_10yrbands_total,2008,50.939
prt,sex_f,age_10yrbands_total,2009,50.033
prt,sex_f,age_10yrbands_total,2010,49.238
prt,sex_f,age_10yrbands_total,2011,47.367
prt,sex_f,age_10yrbands_total,2012,46.115
prt,sex_f,age_10yrbands_total,2013,45.163
prt,sex_f,age_10yrbands_total,2014,46.019
prt,sex_f,age_10yrbands_total,2015,46.843
prt,sex_f,age_10yrbands_total,2016,47.466
prt,sex_f,age_10yrbands_total,2017,48.916
prt,sex_f,age_10yrbands_total,2018,50.282
prt,sex_f,age_10yrbands_total,2019,50.611
prt,sex_f,age_10yrbands_total,2020,49.325
prt,sex_f,age_10yrbands_total,2021,49.136
prt,sex_f,age_10yrbands_total,2022,50.287
prt,sex_f,age_10yrbands_total,2023,51.153
prt,sex_f,age_10yrbands_total,2024,51.2
prt,sex_f,age_10yrbands_y15_24,1986,39.504
prt,sex_f,age_10yrbands_y15_24,1987,42.342
prt,sex_f,age_10yrbands_y15_24,1988,43.523
prt,sex_f,age_10yrbands_y15_24,1989,44.867
prt,sex_f,age_10yrbands_y15_24,1990,45.98
prt,sex_f,age_10yrbands_y15_24,1991,45.004
prt,sex_f,age_10yrbands_y15_24,1992,41.04
prt,sex_f,age_10yrbands_y15_24,1993,36.671
prt,sex_f,age_10yrbands_y15_24,1994,34.546
prt,sex_f,age_10yrbands_y15_24,1995,32.271
prt,sex_f,age_10yrbands_y15_24,1996,30.614
prt,sex_f,age_10yrbands_y15_24,1997,32.623
prt,sex_f,age_10yrbands_y15_24,1998,38.692
prt,sex_f,age_10yrbands_y15_24,1999,37.468
prt,sex_f,age_10yrbands_y15_24,2000,35.208
prt,sex_f,age_10yrbands_y15_24,2001,36.57
prt,sex_f,age_10yrbands_y15_24,2002,36.71
prt,sex_f,age_10yrbands_y15_24,2003,34.484
prt,sex_f,age_10yrbands_y15_24,2004,31.975
prt,sex_f,age_10yrbands_y15_24,2005,30.803
prt,sex_f,age_10yrbands_y15_24,2006,30.68
prt,sex_f,age_10yrbands_y15_24,2007,30.15
prt,sex_f,age_10yrbands_y15_24,2008,30.347
prt,sex_f,age_10yrbands_y15_24,2009,29.156
prt,sex_f,age_10yrbands_y15_24,2010,25.997
prt,sex_f,age_10yrbands_y15_24,2011,24.511
prt,sex_f,age_10yrbands_y15_24,2012,21.155
prt,sex_f,age_10yrbands_y15_24,2013,20.296
prt,sex_f,age_10yrbands_y15_24,2014,22.121
prt,sex_f,age_10yrbands_y15_24,2015,21.72
prt,sex_f,age_10yrbands_y15_24,2016,22.507
prt,sex_f,age_10yrbands_y15_24,2017,24.341
prt,sex_f,age_10yrbands_y15_24,2018,25.306
prt,sex_f,age_10yrbands_y15_24,2019,25.56
prt,sex_f,age_10yrbands_y15_24,2020,21.545
prt,sex_f,age_10yrbands_y15_24,2021,19.75
prt,sex_f,age_10yrbands_y15_24,2022,22.958
prt,sex_f,age_10yrbands_y15_24,2023,26.673
prt,sex_f,age_10yrbands_y15_24,2024,25.7
prt,sex_f,age_10yrbands_y25_34,1986,62.662
prt,sex_f,age_10yrbands_y25_34,1987,65.131
prt,sex_f,age_10yrbands_y25_34,1988,66.398
prt,sex_f,age_10yrbands_y25_34,1989,69.195
prt,sex_f,age_10yrbands_y25_34,1990,70.831
prt,sex_f,age_10yrbands_y25_34,1991,73.975
prt,sex_f,age_10yrbands_y25_34,1992,73.956
prt,sex_f,age_10yrbands_y25_34,1993,73.038
prt,sex_f,age_10yrbands_y25_34,1994,70.972
prt,sex_f,age_10yrbands_y25_34,1995,71.671
prt,sex_f,age_10yrbands_y25_34,1996,73.407
prt,sex_f,age_10yrbands_y25_34,1997,74.48
prt,sex_f,age_10yrbands_y25_34,1998,75.43
prt,sex_f,age_10yrbands_y25_34,1999,76.017
prt,sex_f,age_10yrbands_y25_34,2000,77.791
prt,sex_f,age_10yrbands_y25_34,2001,78.114
prt,sex_f,age_10yrbands_y25_34,2002,78.645
prt,sex_f,age_10yrbands_y25_34,2003,78.335
prt,sex_f,age_10yrbands_y25_34,2004,77.693
prt,sex_f,age_10yrbands_y25_34,2005,77.43
prt,sex_f,age_10yrbands_y25_34,2006,76.696
prt,sex_f,age_10yrbands_y25_34,2007,76.146
prt,sex_f,age_10yrbands_y25_34,2008,77.456
prt,sex_f,age_10yrbands_y25_34,2009,76.166
prt,sex_f,age_10yrbands_y25_34,2010,74.896
prt,sex_f,age_10yrbands_y25_34,2011,75.762
prt,sex_f,age_10yrbands_y25_34,2012,72.65
prt,sex_f,age_10yrbands_y25_34,2013,71.492
prt,sex_f,age_10yrbands_y25_34,2014,74.214
prt,sex_f,age_10yrbands_y25_34,2015,77.646
prt,sex_f,age_10yrbands_y25_34,2016,77.544
prt,sex_f,age_10yrbands_y25_34,2017,80.537
prt,sex_f,age_10yrbands_y25_34,2018,82.76
prt,sex_f,age_10yrbands_y25_34,2019,83.264
prt,sex_f,age_10yrbands_y25_34,2020,81.034
prt,sex_f,age_10yrbands_y25_34,2021,79.851
prt,sex_f,age_10yrbands_y25_34,2022,81.369
prt,sex_f,age_10yrbands_y25_34,2023,82.975
prt,sex_f,age_10yrbands_y25_34,2024,83.723
prt,sex_f,age_10yrbands_y35_44,1986,58.733
prt,sex_f,age_10yrbands_y35_44,1987,61.797
prt,sex_f,age_10yrbands_y35_44,1988,65.075
prt,sex_f,age_10yrbands_y35_44,1989,66.02
prt,sex_f,age_10yrbands_y35_44,1990,66.219
prt,sex_f,age_10yrbands_y35_44,1991,70.761
prt,sex_f,age_10yrbands_y35_44,1992,70.317
prt,sex_f,age_10yrbands_y35_44,1993,72.58
prt,sex_f,age_10yrbands_y35_44,1994,72.407
prt,sex_f,age_10yrbands_y35_44,1995,73.286
prt,sex_f,age_10yrbands_y35_44,1996,73.703
prt,sex_f,age_10yrbands_y35_44,1997,74.255
prt,sex_f,age_10yrbands_y35_44,1998,73.964
prt,sex_f,age_10yrbands_y35_44,1999,74.772
prt,sex_f,age_10yrbands_y35_44,2000,77.266
prt,sex_f,age_10yrbands_y35_44,2001,76.83
prt,sex_f,age_10yrbands_y35_44,2002,75.134
prt,sex_f,age_10yrbands_y35_44,2003,76.202
prt,sex_f,age_10yrbands_y35_44,2004,78.513
prt,sex_f,age_10yrbands_y35_44,2005,76.331
prt,sex_f,age_10yrbands_y35_44,2006,78.126
prt,sex_f,age_10yrbands_y35_44,2007,78.462
prt,sex_f,age_10yrbands_y35_44,2008,78.674
prt,sex_f,age_10yrbands_y35_44,2009,78.193
prt,sex_f,age_10yrbands_y35_44,2010,77.048
prt,sex_f,age_10yrbands_y35_44,2011,77.105
prt,sex_f,age_10yrbands_y35_44,2012,75.983
prt,sex_f,age_10yrbands_y35_44,2013,75.161
prt,sex_f,age_10yrbands_y35_44,2014,77.576
prt,sex_f,age_10yrbands_y35_44,2015,79.407
prt,sex_f,age_10yrbands_y35_44,2016,81.87
prt,sex_f,age_10yrbands_y35_44,2017,82.667
prt,sex_f,age_10yrbands_y35_44,2018,83.899
prt,sex_f,age_10yrbands_y35_44,2019,85.461
prt,sex_f,age_10yrbands_y35_44,2020,84.512
prt,sex_f,age_10yrbands_y35_44,2021,86.851
prt,sex_f,age_10yrbands_y35_44,2022,87.944
prt,sex_f,age_10yrbands_y35_44,2023,86.27
prt,sex_f,age_10yrbands_y35_44,2024,85.799
prt,sex_f,age_10yrbands_y45_54,1986,47.002
prt,sex_f,age_10yrbands_y45_54,1987,49.372
prt,sex_f,age_10yrbands_y45_54,1988,50.606
prt,sex_f,age_10yrbands_y45_54,1989,51.376
prt,sex_f,age_10yrbands_y45_54,1990,52.721
prt,sex_f,age_10yrbands_y45_54,1991,57.468
prt,sex_f,age_10yrbands_y45_54,1992,57.032
prt,sex_f,age_10yrbands_y45_54,1993,58.979
prt,sex_f,age_10yrbands_y45_54,1994,61.225
prt,sex_f,age_10yrbands_y45_54,1995,61.658
prt,sex_f,age_10yrbands_y45_54,1996,59.695
prt,sex_f,age_10yrbands_y45_54,1997,61.728
prt,sex_f,age_10yrbands_y45_54,1998,63.181
prt,sex_f,age_10yrbands_y45_54,1999,64.917
prt,sex_f,age_10yrbands_y45_54,2000,65.571
prt,sex_f,age_10yrbands_y45_54,2001,68.068
prt,sex_f,age_10yrbands_y45_54,2002,69.118
prt,sex_f,age_10yrbands_y45_54,2003,67.873
prt,sex_f,age_10yrbands_y45_54,2004,67.951
prt,sex_f,age_10yrbands_y45_54,2005,70.139
prt,sex_f,age_10yrbands_y45_54,2006,70.476
prt,sex_f,age_10yrbands_y45_54,2007,69.542
prt,sex_f,age_10yrbands_y45_54,2008,71.023
prt,sex_f,age_10yrbands_y45_54,2009,70.135
prt,sex_f,age_10yrbands_y45_54,2010,71.579
prt,sex_f,age_10yrbands_y45_54,2011,69.255
prt,sex_f,age_10yrbands_y45_54,2012,68.766
prt,sex_f,age_10yrbands_y45_54,2013,69.62
prt,sex_f,age_10yrbands_y45_54,2014,71.038
prt,sex_f,age_10yrbands_y45_54,2015,71.509
prt,sex_f,age_10yrbands_y45_54,2016,73.57
prt,sex_f,age_10yrbands_y45_54,2017,76.3
prt,sex_f,age_10yrbands_y45_54,2018,78.272
prt,sex_f,age_10yrbands_y45_54,2019,79.338
prt,sex_f,age_10yrbands_y45_54,2020,79.37
prt,sex_f,age_10yrbands_y45_54,2021,81.955
prt,sex_f,age_10yrbands_y45_54,2022,82.39
prt,sex_f,age_10yrbands_y45_54,2023,82.78
prt,sex_f,age_10yrbands_y45_54,2024,83.058
prt,sex_f,age_10yrbands_y55_64,1986,28.594
prt,sex_f,age_10yrbands_y55_64,1987,29.834
prt,sex_f,age_10yrbands_y55_64,1988,31.304
prt,sex_f,age_10yrbands_y55_64,1989,30.713
prt,sex_f,age_10yrbands_y55_64,1990,31.063
prt,sex_f,age_10yrbands_y55_64,1991,34.534
prt,sex_f,age_10yrbands_y55_64,1992,34.66
prt,sex_f,age_10yrbands_y55_64,1993,33.29
prt,sex_f,age_10yrbands_y55_64,1994,33.13
prt,sex_f,age_10yrbands_y55_64,1995,33.581
prt,sex_f,age_10yrbands_y55_64,1996,35.433
prt,sex_f,age_10yrbands_y55_64,1997,37.04
prt,sex_f,age_10yrbands_y55_64,1998,38.343
prt,sex_f,age_10yrbands_y55_64,1999,41.367
prt,sex_f,age_10yrbands_y55_64,2000,42.001
prt,sex_f,age_10yrbands_y55_64,2001,40.648
prt,sex_f,age_10yrbands_y55_64,2002,42.183
prt,sex_f,age_10yrbands_y55_64,2003,42.427
prt,sex_f,age_10yrbands_y55_64,2004,42.426
prt,sex_f,age_10yrbands_y55_64,2005,43.609
prt,sex_f,age_10yrbands_y55_64,2006,42.844
prt,sex_f,age_10yrbands_y55_64,2007,44.27
prt,sex_f,age_10yrbands_y55_64,2008,43.967
prt,sex_f,age_10yrbands_y55_64,2009,42.793
prt,sex_f,age_10yrbands_y55_64,2010,43.784
prt,sex_f,age_10yrbands_y55_64,2011,41.905
prt,sex_f,age_10yrbands_y55_64,2012,41.788
prt,sex_f,age_10yrbands_y55_64,2013,40.837
prt,sex_f,age_10yrbands_y55_64,2014,42.126
prt,sex_f,age_10yrbands_y55_64,2015,44.654
prt,sex_f,age_10yrbands_y55_64,2016,46.416
prt,sex_f,age_10yrbands_y55_64,2017,50.238
prt,sex_f,age_10yrbands_y55_64,2018,54.482
prt,sex_f,age_10yrbands_y55_64,2019,54.873
prt,sex_f,age_10yrbands_y55_64,2020,55.802
prt,sex_f,age_10yrbands_y55_64,2021,57.05
prt,sex_f,age_10yrbands_y55_64,2022,60.308
prt,sex_f,age_10yrbands_y55_64,2023,62.86
prt,sex_f,age_10yrbands_y55_64,2024,63.9
prt,sex_f,age_10yrbands_yge65,1986,7.639
prt,sex_f,age_10yrbands_yge65,1987,8.674
prt,sex_f,age_10yrbands_yge65,1988,7.594
prt,sex_f,age_10yrbands_yge65,1989,7.811
prt,sex_f,age_10yrbands_yge65,1990,7.698
prt,sex_f,age_10yrbands_yge65,1991,8.348
prt,sex_f,age_10yrbands_yge65,1992,7.905
prt,sex_f,age_10yrbands_yge65,1993,8.548
prt,sex_f,age_10yrbands_yge65,1994,9.185
prt,sex_f,age_10yrbands_yge65,1995,9.238
prt,sex_f,age_10yrbands_yge65,1996,9.922
prt,sex_f,age_10yrbands_yge65,1997,10.736
prt,sex_f,age_10yrbands_yge65,1998,12.677
prt,sex_f,age_10yrbands_yge65,1999,12.56
prt,sex_f,age_10yrbands_yge65,2000,12.8
prt,sex_f,age_10yrbands_yge65,2001,13.597
prt,sex_f,age_10yrbands_yge65,2002,14.11
prt,sex_f,age_10yrbands_yge65,2003,13.772
prt,sex_f,age_10yrbands_yge65,2004,12.241
prt,sex_f,age_10yrbands_yge65,2005,13.163
prt,sex_f,age_10yrbands_yge65,2006,13.135
prt,sex_f,age_10yrbands_yge65,2007,13.794
prt,sex_f,age_10yrbands_yge65,2008,13.389
prt,sex_f,age_10yrbands_yge65,2009,13.2
prt,sex_f,age_10yrbands_yge65,2010,12.428
prt,sex_f,age_10yrbands_yge65,2011,8.86
prt,sex_f,age_10yrbands_yge65,2012,9.331
prt,sex_f,age_10yrbands_yge65,2013,8.243
prt,sex_f,age_10yrbands_yge65,2014,7.213
prt,sex_f,age_10yrbands_yge65,2015,7.038
prt,sex_f,age_10yrbands_yge65,2016,6.563
prt,sex_f,age_10yrbands_yge65,2017,6.674
prt,sex_f,age_10yrbands_yge65,2018,7.152
prt,sex_f,age_10yrbands_yge65,2019,7.58
prt,sex_f,age_10yrbands_yge65,2020,6.954
prt,sex_f,age_10yrbands_yge65,2021,5.169
prt,sex_f,age_10yrbands_yge65,2022,5.586
prt,sex_f,age_10yrbands_yge65,2023,6.287
prt,sex_f,age_10yrbands_yge65,2024,6.7
prt,sex_f,age_5yrbands_total,1986,40.229
prt,sex_f,age_5yrbands_total,1987,41.852
prt,sex_f,age_5yrbands_total,1988,42.711
prt,sex_f,age_5yrbands_total,1989,43.698
prt,sex_f,age_5yrbands_total,1990,44.441
prt,sex_f,age_5yrbands_total,1991,47.09
prt,sex_f,age_5yrbands_total,1992,47.103
prt,sex_f,age_5yrbands_total,1993,46.382
prt,sex_f,age_5yrbands_total,1994,45.722
prt,sex_f,age_5yrbands_total,1995,45.621
prt,sex_f,age_5yrbands_total,1996,45.175
prt,sex_f,age_5yrbands_total,1997,45.732
prt,sex_f,age_5yrbands_total,1998,48.943
prt,sex_f,age_5yrbands_total,1999,49.651
prt,sex_f,age_5yrbands_total,2000,50.22
prt,sex_f,age_5yrbands_total,2001,50.803
prt,sex_f,age_5yrbands_total,2002,51.197
prt,sex_f,age_5yrbands_total,2003,50.799
prt,sex_f,age_5yrbands_total,2004,50.392
prt,sex_f,age_5yrbands_total,2005,50.519
prt,sex_f,age_5yrbands_total,2006,50.593
prt,sex_f,age_5yrbands_total,2007,50.643
prt,sex_f,age_5yrbands_total,2008,50.939
prt,sex_f,age_5yrbands_total,2009,50.033
prt,sex_f,age_5yrbands_total,2010,49.238
prt,sex_f,age_5yrbands_total,2011,47.367
prt,sex_f,age_5yrbands_total,2012,46.115
prt,sex_f,age_5yrbands_total,2013,45.163
prt,sex_f,age_5yrbands_total,2014,46.019
prt,sex_f,age_5yrbands_total,2015,46.843
prt,sex_f,age_5yrbands_total,2016,47.466
prt,sex_f,age_5yrbands_total,2017,48.916
prt,sex_f,age_5yrbands_total,2018,50.282
prt,sex_f,age_5yrbands_total,2019,50.611
prt,sex_f,age_5yrbands_total,2020,49.325
prt,sex_f,age_5yrbands_total,2021,49.136
prt,sex_f,age_5yrbands_total,2022,50.287
prt,sex_f,age_5yrbands_total,2023,51.153
prt,sex_f,age_5yrbands_total,2024,51.2
prt,sex_f,age_5yrbands_y15_19,1986,33.608
prt,sex_f,age_5yrbands_y15_19,1987,34.709
prt,sex_f,age_5yrbands_y15_19,1988,34.493
prt,sex_f,age_5yrbands_y15_19,1989,33.19
prt,sex_f,age_5yrbands_y15_19,1990,35.135
prt,sex_f,age_5yrbands_y15_19,1991,31.51
prt,sex_f,age_5yrbands_y15_19,1992,25.369
prt,sex_f,age_5yrbands_y15_19,1993,22.778
prt,sex_f,age_5yrbands_y15_19,1994,21.304
prt,sex_f,age_5yrbands_y15_19,1995,18.062
prt,sex_f,age_5yrbands_y15_19,1996,14.585
prt,sex_f,age_5yrbands_y15_19,1997,16.328
prt,sex_f,age_5yrbands_y15_19,1998,18.372
prt,sex_f,age_5yrbands_y15_19,1999,18.973
prt,sex_f,age_5yrbands_y15_19,2000,16.204
prt,sex_f,age_5yrbands_y15_19,2001,18.085
prt,sex_f,age_5yrbands_y15_19,2002,15.649
prt,sex_f,age_5yrbands_y15_19,2003,12.963
prt,sex_f,age_5yrbands_y15_19,2004,12.076
prt,sex_f,age_5yrbands_y15_19,2005,11.02
prt,sex_f,age_5yrbands_y15_19,2006,10.341
prt,sex_f,age_5yrbands_y15_19,2007,9.918
prt,sex_f,age_5yrbands_y15_19,2008,8.923
prt,sex_f,age_5yrbands_y15_19,2009,8.334
prt,sex_f,age_5yrbands_y15_19,2010,6.765
prt,sex_f,age_5yrbands_y15_19,2011,5.779
prt,sex_f,age_5yrbands_y15_19,2012,4.407
prt,sex_f,age_5yrbands_y15_19,2013,4.922
prt,sex_f,age_5yrbands_y15_19,2014,5.238
prt,sex_f,age_5yrbands_y15_19,2015,4.819
prt,sex_f,age_5yrbands_y15_19,2016,5.234
prt,sex_f,age_5yrbands_y15_19,2017,6.157
prt,sex_f,age_5yrbands_y15_19,2018,5.542
prt,sex_f,age_5yrbands_y15_19,2019,6.803
prt,sex_f,age_5yrbands_y15_19,2020,3.953
prt,sex_f,age_5yrbands_y15_19,2021,2.685
prt,sex_f,age_5yrbands_y15_19,2022,5.205
prt,sex_f,age_5yrbands_y15_19,2023,7.722
prt,sex_f,age_5yrbands_y15_19,2024,5
prt,sex_f,age_5yrbands_y20_24,1986,46.236
prt,sex_f,age_5yrbands_y20_24,1987,51.461
prt,sex_f,age_5yrbands_y20_24,1988,54.563
prt,sex_f,age_5yrbands_y20_24,1989,58.246
prt,sex_f,age_5yrbands_y20_24,1990,58.871
prt,sex_f,age_5yrbands_y20_24,1991,61.191
prt,sex_f,age_5yrbands_y20_24,1992,58.202
prt,sex_f,age_5yrbands_y20_24,1993,52.68
prt,sex_f,age_5yrbands_y20_24,1994,49.92
prt,sex_f,age_5yrbands_y20_24,1995,46.498
prt,sex_f,age_5yrbands_y20_24,1996,46.127
prt,sex_f,age_5yrbands_y20_24,1997,48.146
prt,sex_f,age_5yrbands_y20_24,1998,56.515
prt,sex_f,age_5yrbands_y20_24,1999,53.663
prt,sex_f,age_5yrbands_y20_24,2000,51.75
prt,sex_f,age_5yrbands_y20_24,2001,52.45
prt,sex_f,age_5yrbands_y20_24,2002,54.489
prt,sex_f,age_5yrbands_y20_24,2003,52.378
prt,sex_f,age_5yrbands_y20_24,2004,48.404
prt,sex_f,age_5yrbands_y20_24,2005,47.352
prt,sex_f,age_5yrbands_y20_24,2006,48.278
prt,sex_f,age_5yrbands_y20_24,2007,48.354
prt,sex_f,age_5yrbands_y20_24,2008,50.31
prt,sex_f,age_5yrbands_y20_24,2009,49.006
prt,sex_f,age_5yrbands_y20_24,2010,44.455
prt,sex_f,age_5yrbands_y20_24,2011,42.409
prt,sex_f,age_5yrbands_y20_24,2012,37.135
prt,sex_f,age_5yrbands_y20_24,2013,35.001
prt,sex_f,age_5yrbands_y20_24,2014,38.555
prt,sex_f,age_5yrbands_y20_24,2015,38.625
prt,sex_f,age_5yrbands_y20_24,2016,40.16
prt,sex_f,age_5yrbands_y20_24,2017,43.008
prt,sex_f,age_5yrbands_y20_24,2018,45.518
prt,sex_f,age_5yrbands_y20_24,2019,44.33
prt,sex_f,age_5yrbands_y20_24,2020,38.52
prt,sex_f,age_5yrbands_y20_24,2021,37.562
prt,sex_f,age_5yrbands_y20_24,2022,40.247
prt,sex_f,age_5yrbands_y20_24,2023,44.416
prt,sex_f,age_5yrbands_y20_24,2024,45.1
prt,sex_f,age_5yrbands_y25_29,1986,60.521
prt,sex_f,age_5yrbands_y25_29,1987,63.005
prt,sex_f,age_5yrbands_y25_29,1988,65.555
prt,sex_f,age_5yrbands_y25_29,1989,67.968
prt,sex_f,age_5yrbands_y25_29,1990,69.847
prt,sex_f,age_5yrbands_y25_29,1991,72.984
prt,sex_f,age_5yrbands_y25_29,1992,74.442
prt,sex_f,age_5yrbands_y25_29,1993,72.267
prt,sex_f,age_5yrbands_y25_29,1994,68.787
prt,sex_f,age_5yrbands_y25_29,1995,70.798
prt,sex_f,age_5yrbands_y25_29,1996,73.105
prt,sex_f,age_5yrbands_y25_29,1997,72.671
prt,sex_f,age_5yrbands_y25_29,1998,75.092
prt,sex_f,age_5yrbands_y25_29,1999,74.308
prt,sex_f,age_5yrbands_y25_29,2000,78.246
prt,sex_f,age_5yrbands_y25_29,2001,76.999
prt,sex_f,age_5yrbands_y25_29,2002,77.493
prt,sex_f,age_5yrbands_y25_29,2003,77.002
prt,sex_f,age_5yrbands_y25_29,2004,75.862
prt,sex_f,age_5yrbands_y25_29,2005,74.006
prt,sex_f,age_5yrbands_y25_29,2006,73.093
prt,sex_f,age_5yrbands_y25_29,2007,72.47
prt,sex_f,age_5yrbands_y25_29,2008,73.905
prt,sex_f,age_5yrbands_y25_29,2009,74.784
prt,sex_f,age_5yrbands_y25_29,2010,71.944
prt,sex_f,age_5yrbands_y25_29,2011,72.054
prt,sex_f,age_5yrbands_y25_29,2012,70.203
prt,sex_f,age_5yrbands_y25_29,2013,66.807
prt,sex_f,age_5yrbands_y25_29,2014,69.675
prt,sex_f,age_5yrbands_y25_29,2015,73.026
prt,sex_f,age_5yrbands_y25_29,2016,73.235
prt,sex_f,age_5yrbands_y25_29,2017,78.162
prt,sex_f,age_5yrbands_y25_29,2018,79.528
prt,sex_f,age_5yrbands_y25_29,2019,81.128
prt,sex_f,age_5yrbands_y25_29,2020,78.266
prt,sex_f,age_5yrbands_y25_29,2021,76.501
prt,sex_f,age_5yrbands_y25_29,2022,80.308
prt,sex_f,age_5yrbands_y25_29,2023,79.93
prt,sex_f,age_5yrbands_y25_29,2024,81.7
prt,sex_f,age_5yrbands_y30_34,1986,64.76
prt,sex_f,age_5yrbands_y30_34,1987,67.17
prt,sex_f,age_5yrbands_y30_34,1988,67.2
prt,sex_f,age_5yrbands_y30_34,1989,70.394
prt,sex_f,age_5yrbands_y30_34,1990,71.772
prt,sex_f,age_5yrbands_y30_34,1991,74.934
prt,sex_f,age_5yrbands_y30_34,1992,73.432
prt,sex_f,age_5yrbands_y30_34,1993,73.818
prt,sex_f,age_5yrbands_y30_34,1994,73.231
prt,sex_f,age_5yrbands_y30_34,1995,72.477
prt,sex_f,age_5yrbands_y30_34,1996,73.702
prt,sex_f,age_5yrbands_y30_34,1997,76.185
prt,sex_f,age_5yrbands_y30_34,1998,75.774
prt,sex_f,age_5yrbands_y30_34,1999,77.779
prt,sex_f,age_5yrbands_y30_34,2000,77.311
prt,sex_f,age_5yrbands_y30_34,2001,79.298
prt,sex_f,age_5yrbands_y30_34,2002,79.871
prt,sex_f,age_5yrbands_y30_34,2003,79.737
prt,sex_f,age_5yrbands_y30_34,2004,79.567
prt,sex_f,age_5yrbands_y30_34,2005,80.775
prt,sex_f,age_5yrbands_y30_34,2006,80.062
prt,sex_f,age_5yrbands_y30_34,2007,79.436
prt,sex_f,age_5yrbands_y30_34,2008,80.541
prt,sex_f,age_5yrbands_y30_34,2009,77.35
prt,sex_f,age_5yrbands_y30_34,2010,77.39
prt,sex_f,age_5yrbands_y30_34,2011,78.867
prt,sex_f,age_5yrbands_y30_34,2012,74.687
prt,sex_f,age_5yrbands_y30_34,2013,75.365
prt,sex_f,age_5yrbands_y30_34,2014,77.944
prt,sex_f,age_5yrbands_y30_34,2015,81.498
prt,sex_f,age_5yrbands_y30_34,2016,81.243
prt,sex_f,age_5yrbands_y30_34,2017,82.653
prt,sex_f,age_5yrbands_y30_34,2018,85.742
prt,sex_f,age_5yrbands_y30_34,2019,85.28
prt,sex_f,age_5yrbands_y30_34,2020,83.667
prt,sex_f,age_5yrbands_y30_34,2021,82.995
prt,sex_f,age_5yrbands_y30_34,2022,82.399
prt,sex_f,age_5yrbands_y30_34,2023,85.821
prt,sex_f,age_5yrbands_y30_34,2024,85.7
prt,sex_f,age_5yrbands_y35_39,1986,62.046
prt,sex_f,age_5yrbands_y35_39,1987,64.036
prt,sex_f,age_5yrbands_y35_39,1988,67.561
prt,sex_f,age_5yrbands_y35_39,1989,68.609
prt,sex_f,age_5yrbands_y35_39,1990,68.848
prt,sex_f,age_5yrbands_y35_39,1991,74.543
prt,sex_f,age_5yrbands_y35_39,1992,73.002
prt,sex_f,age_5yrbands_y35_39,1993,75.781
prt,sex_f,age_5yrbands_y35_39,1994,74.079
prt,sex_f,age_5yrbands_y35_39,1995,75.576
prt,sex_f,age_5yrbands_y35_39,1996,75.106
prt,sex_f,age_5yrbands_y35_39,1997,74.164
prt,sex_f,age_5yrbands_y35_39,1998,74.863
prt,sex_f,age_5yrbands_y35_39,1999,75.128
prt,sex_f,age_5yrbands_y35_39,2000,79.564
prt,sex_f,age_5yrbands_y35_39,2001,78.006
prt,sex_f,age_5yrbands_y35_39,2002,75.826
prt,sex_f,age_5yrbands_y35_39,2003,78.226
prt,sex_f,age_5yrbands_y35_39,2004,78.728
prt,sex_f,age_5yrbands_y35_39,2005,76.377
prt,sex_f,age_5yrbands_y35_39,2006,80.384
prt,sex_f,age_5yrbands_y35_39,2007,79.327
prt,sex_f,age_5yrbands_y35_39,2008,80.848
prt,sex_f,age_5yrbands_y35_39,2009,79.111
prt,sex_f,age_5yrbands_y35_39,2010,78.826
prt,sex_f,age_5yrbands_y35_39,2011,78.216
prt,sex_f,age_5yrbands_y35_39,2012,75.993
prt,sex_f,age_5yrbands_y35_39,2013,75.829
prt,sex_f,age_5yrbands_y35_39,2014,78.944
prt,sex_f,age_5yrbands_y35_39,2015,81.618
prt,sex_f,age_5yrbands_y35_39,2016,83.194
prt,sex_f,age_5yrbands_y35_39,2017,83.917
prt,sex_f,age_5yrbands_y35_39,2018,86.188
prt,sex_f,age_5yrbands_y35_39,2019,85.766
prt,sex_f,age_5yrbands_y35_39,2020,84.715
prt,sex_f,age_5yrbands_y35_39,2021,86.592
prt,sex_f,age_5yrbands_y35_39,2022,85.948
prt,sex_f,age_5yrbands_y35_39,2023,86.567
prt,sex_f,age_5yrbands_y35_39,2024,84.9
prt,sex_f,age_5yrbands_y40_44,1986,55.274
prt,sex_f,age_5yrbands_y40_44,1987,59.447
prt,sex_f,age_5yrbands_y40_44,1988,62.5
prt,sex_f,age_5yrbands_y40_44,1989,63.417
prt,sex_f,age_5yrbands_y40_44,1990,63.718
prt,sex_f,age_5yrbands_y40_44,1991,66.89
prt,sex_f,age_5yrbands_y40_44,1992,67.723
prt,sex_f,age_5yrbands_y40_44,1993,69.578
prt,sex_f,age_5yrbands_y40_44,1994,70.88
prt,sex_f,age_5yrbands_y40_44,1995,71.181
prt,sex_f,age_5yrbands_y40_44,1996,72.26
prt,sex_f,age_5yrbands_y40_44,1997,74.344
prt,sex_f,age_5yrbands_y40_44,1998,73.001
prt,sex_f,age_5yrbands_y40_44,1999,74.39
prt,sex_f,age_5yrbands_y40_44,2000,74.812
prt,sex_f,age_5yrbands_y40_44,2001,75.59
prt,sex_f,age_5yrbands_y40_44,2002,74.415
prt,sex_f,age_5yrbands_y40_44,2003,74.131
prt,sex_f,age_5yrbands_y40_44,2004,78.297
prt,sex_f,age_5yrbands_y40_44,2005,76.285
prt,sex_f,age_5yrbands_y40_44,2006,75.904
prt,sex_f,age_5yrbands_y40_44,2007,77.603
prt,sex_f,age_5yrbands_y40_44,2008,76.477
prt,sex_f,age_5yrbands_y40_44,2009,77.244
prt,sex_f,age_5yrbands_y40_44,2010,75.17
prt,sex_f,age_5yrbands_y40_44,2011,75.922
prt,sex_f,age_5yrbands_y40_44,2012,75.972
prt,sex_f,age_5yrbands_y40_44,2013,74.467
prt,sex_f,age_5yrbands_y40_44,2014,76.203
prt,sex_f,age_5yrbands_y40_44,2015,77.28
prt,sex_f,age_5yrbands_y40_44,2016,80.65
prt,sex_f,age_5yrbands_y40_44,2017,81.561
prt,sex_f,age_5yrbands_y40_44,2018,81.924
prt,sex_f,age_5yrbands_y40_44,2019,85.2
prt,sex_f,age_5yrbands_y40_44,2020,84.34
prt,sex_f,age_5yrbands_y40_44,2021,87.069
prt,sex_f,age_5yrbands_y40_44,2022,89.628
prt,sex_f,age_5yrbands_y40_44,2023,86.019
prt,sex_f,age_5yrbands_y40_44,2024,86.5
prt,sex_f,age_5yrbands_y45_49,1986,51.042
prt,sex_f,age_5yrbands_y45_49,1987,52.539
prt,sex_f,age_5yrbands_y45_49,1988,56.004
prt,sex_f,age_5yrbands_y45_49,1989,56.704
prt,sex_f,age_5yrbands_y45_49,1990,58.167
prt,sex_f,age_5yrbands_y45_49,1991,62.377
prt,sex_f,age_5yrbands_y45_49,1992,61.535
prt,sex_f,age_5yrbands_y45_49,1993,64.429
prt,sex_f,age_5yrbands_y45_49,1994,65.099
prt,sex_f,age_5yrbands_y45_49,1995,65.536
prt,sex_f,age_5yrbands_y45_49,1996,65.628
prt,sex_f,age_5yrbands_y45_49,1997,65.857
prt,sex_f,age_5yrbands_y45_49,1998,68.739
prt,sex_f,age_5yrbands_y45_49,1999,70.415
prt,sex_f,age_5yrbands_y45_49,2000,71.034
prt,sex_f,age_5yrbands_y45_49,2001,72.433
prt,sex_f,age_5yrbands_y45_49,2002,72.808
prt,sex_f,age_5yrbands_y45_49,2003,71.406
prt,sex_f,age_5yrbands_y45_49,2004,72.494
prt,sex_f,age_5yrbands_y45_49,2005,73.371
prt,sex_f,age_5yrbands_y45_49,2006,73.461
prt,sex_f,age_5yrbands_y45_49,2007,73.185
prt,sex_f,age_5yrbands_y45_49,2008,75.695
prt,sex_f,age_5yrbands_y45_49,2009,74.297
prt,sex_f,age_5yrbands_y45_49,2010,74.172
prt,sex_f,age_5yrbands_y45_49,2011,73.595
prt,sex_f,age_5yrbands_y45_49,2012,71.731
prt,sex_f,age_5yrbands_y45_49,2013,71.593
prt,sex_f,age_5yrbands_y45_49,2014,73.906
prt,sex_f,age_5yrbands_y45_49,2015,74.226
prt,sex_f,age_5yrbands_y45_49,2016,76.678
prt,sex_f,age_5yrbands_y45_49,2017,79.372
prt,sex_f,age_5yrbands_y45_49,2018,81.991
prt,sex_f,age_5yrbands_y45_49,2019,82.579
prt,sex_f,age_5yrbands_y45_49,2020,82.078
prt,sex_f,age_5yrbands_y45_49,2021,83.857
prt,sex_f,age_5yrbands_y45_49,2022,85.712
prt,sex_f,age_5yrbands_y45_49,2023,84.794
prt,sex_f,age_5yrbands_y45_49,2024,84.2
prt,sex_f,age_5yrbands_y50_54,1986,42.883
prt,sex_f,age_5yrbands_y50_54,1987,46.403
prt,sex_f,age_5yrbands_y50_54,1988,45.947
prt,sex_f,age_5yrbands_y50_54,1989,46.459
prt,sex_f,age_5yrbands_y50_54,1990,47.573
prt,sex_f,age_5yrbands_y50_54,1991,52.462
prt,sex_f,age_5yrbands_y50_54,1992,51.88
prt,sex_f,age_5yrbands_y50_54,1993,52.448
prt,sex_f,age_5yrbands_y50_54,1994,56.258
prt,sex_f,age_5yrbands_y50_54,1995,56.917
prt,sex_f,age_5yrbands_y50_54,1996,53.306
prt,sex_f,age_5yrbands_y50_54,1997,57.65
prt,sex_f,age_5yrbands_y50_54,1998,57.178
prt,sex_f,age_5yrbands_y50_54,1999,59.153
prt,sex_f,age_5yrbands_y50_54,2000,59.787
prt,sex_f,age_5yrbands_y50_54,2001,63.463
prt,sex_f,age_5yrbands_y50_54,2002,65.28
prt,sex_f,age_5yrbands_y50_54,2003,64.201
prt,sex_f,age_5yrbands_y50_54,2004,63.171
prt,sex_f,age_5yrbands_y50_54,2005,66.73
prt,sex_f,age_5yrbands_y50_54,2006,67.299
prt,sex_f,age_5yrbands_y50_54,2007,65.625
prt,sex_f,age_5yrbands_y50_54,2008,65.995
prt,sex_f,age_5yrbands_y50_54,2009,65.653
prt,sex_f,age_5yrbands_y50_54,2010,68.789
prt,sex_f,age_5yrbands_y50_54,2011,64.641
prt,sex_f,age_5yrbands_y50_54,2012,65.667
prt,sex_f,age_5yrbands_y50_54,2013,67.589
prt,sex_f,age_5yrbands_y50_54,2014,68.147
prt,sex_f,age_5yrbands_y50_54,2015,68.812
prt,sex_f,age_5yrbands_y50_54,2016,70.488
prt,sex_f,age_5yrbands_y50_54,2017,73.226
prt,sex_f,age_5yrbands_y50_54,2018,74.501
prt,sex_f,age_5yrbands_y50_54,2019,75.991
prt,sex_f,age_5yrbands_y50_54,2020,76.521
prt,sex_f,age_5yrbands_y50_54,2021,79.934
prt,sex_f,age_5yrbands_y50_54,2022,78.862
prt,sex_f,age_5yrbands_y50_54,2023,80.666
prt,sex_f,age_5yrbands_y50_54,2024,81.8
prt,sex_f,age_5yrbands_y55_59,1986,33.498
prt,sex_f,age_5yrbands_y55_59,1987,35.22
prt,sex_f,age_5yrbands_y55_59,1988,36.282
prt,sex_f,age_5yrbands_y55_59,1989,37.722
prt,sex_f,age_5yrbands_y55_59,1990,37.901
prt,sex_f,age_5yrbands_y55_59,1991,41.232
prt,sex_f,age_5yrbands_y55_59,1992,42.151
prt,sex_f,age_5yrbands_y55_59,1993,39.887
prt,sex_f,age_5yrbands_y55_59,1994,41.429
prt,sex_f,age_5yrbands_y55_59,1995,40.715
prt,sex_f,age_5yrbands_y55_59,1996,41.658
prt,sex_f,age_5yrbands_y55_59,1997,43.736
prt,sex_f,age_5yrbands_y55_59,1998,44.504
prt,sex_f,age_5yrbands_y55_59,1999,48.092
prt,sex_f,age_5yrbands_y55_59,2000,46.904
prt,sex_f,age_5yrbands_y55_59,2001,45.045
prt,sex_f,age_5yrbands_y55_59,2002,48.673
prt,sex_f,age_5yrbands_y55_59,2003,50.148
prt,sex_f,age_5yrbands_y55_59,2004,49.777
prt,sex_f,age_5yrbands_y55_59,2005,49.925
prt,sex_f,age_5yrbands_y55_59,2006,48.175
prt,sex_f,age_5yrbands_y55_59,2007,52.638
prt,sex_f,age_5yrbands_y55_59,2008,51.393
prt,sex_f,age_5yrbands_y55_59,2009,51.121
prt,sex_f,age_5yrbands_y55_59,2010,51.327
prt,sex_f,age_5yrbands_y55_59,2011,52.099
prt,sex_f,age_5yrbands_y55_59,2012,52.039
prt,sex_f,age_5yrbands_y55_59,2013,50.887
prt,sex_f,age_5yrbands_y55_59,2014,51.223
prt,sex_f,age_5yrbands_y55_59,2015,56.123
prt,sex_f,age_5yrbands_y55_59,2016,58.481
prt,sex_f,age_5yrbands_y55_59,2017,62.027
prt,sex_f,age_5yrbands_y55_59,2018,66.418
prt,sex_f,age_5yrbands_y55_59,2019,65.113
prt,sex_f,age_5yrbands_y55_59,2020,69.088
prt,sex_f,age_5yrbands_y55_59,2021,67.463
prt,sex_f,age_5yrbands_y55_59,2022,70.368
prt,sex_f,age_5yrbands_y55_59,2023,71.267
prt,sex_f,age_5yrbands_y55_59,2024,72
prt,sex_f,age_5yrbands_y60_64,1986,23.574
prt,sex_f,age_5yrbands_y60_64,1987,24.568
prt,sex_f,age_5yrbands_y60_64,1988,25.985
prt,sex_f,age_5yrbands_y60_64,1989,23.396
prt,sex_f,age_5yrbands_y60_64,1990,23.702
prt,sex_f,age_5yrbands_y60_64,1991,27.907
prt,sex_f,age_5yrbands_y60_64,1992,27.056
prt,sex_f,age_5yrbands_y60_64,1993,26.666
prt,sex_f,age_5yrbands_y60_64,1994,24.891
prt,sex_f,age_5yrbands_y60_64,1995,25.495
prt,sex_f,age_5yrbands_y60_64,1996,28.85
prt,sex_f,age_5yrbands_y60_64,1997,30.334
prt,sex_f,age_5yrbands_y60_64,1998,32.417
prt,sex_f,age_5yrbands_y60_64,1999,34.938
prt,sex_f,age_5yrbands_y60_64,2000,37.106
prt,sex_f,age_5yrbands_y60_64,2001,36.099
prt,sex_f,age_5yrbands_y60_64,2002,35.204
prt,sex_f,age_5yrbands_y60_64,2003,33.871
prt,sex_f,age_5yrbands_y60_64,2004,34.123
prt,sex_f,age_5yrbands_y60_64,2005,36.537
prt,sex_f,age_5yrbands_y60_64,2006,36.945
prt,sex_f,age_5yrbands_y60_64,2007,35.016
prt,sex_f,age_5yrbands_y60_64,2008,35.89
prt,sex_f,age_5yrbands_y60_64,2009,33.892
prt,sex_f,age_5yrbands_y60_64,2010,35.721
prt,sex_f,age_5yrbands_y60_64,2011,31.064
prt,sex_f,age_5yrbands_y60_64,2012,31.04
prt,sex_f,age_5yrbands_y60_64,2013,30.267
prt,sex_f,age_5yrbands_y60_64,2014,32.471
prt,sex_f,age_5yrbands_y60_64,2015,32.457
prt,sex_f,age_5yrbands_y60_64,2016,33.493
prt,sex_f,age_5yrbands_y60_64,2017,37.522
prt,sex_f,age_5yrbands_y60_64,2018,41.652
prt,sex_f,age_5yrbands_y60_64,2019,43.933
prt,sex_f,age_5yrbands_y60_64,2020,41.723
prt,sex_f,age_5yrbands_y60_64,2021,46.164
prt,sex_f,age_5yrbands_y60_64,2022,49.922
prt,sex_f,age_5yrbands_y60_64,2023,54.257
prt,sex_f,age_5yrbands_y60_64,2024,55.6
prt,sex_f,age_5yrbands_yge65,1986,7.639
prt,sex_f,age_5yrbands_yge65,1987,8.674
prt,sex_f,age_5yrbands_yge65,1988,7.594
prt,sex_f,age_5yrbands_yge65,1989,7.811
prt,sex_f,age_5yrbands_yge65,1990,7.698
prt,sex_f,age_5yrbands_yge65,1991,8.348
prt,sex_f,age_5yrbands_yge65,1992,7.905
prt,sex_f,age_5yrbands_yge65,1993,8.548
prt,sex_f,age_5yrbands_yge65,1994,9.185
prt,sex_f,age_5yrbands_yge65,1995,9.238
prt,sex_f,age_5yrbands_yge65,1996,9.922
prt,sex_f,age_5yrbands_yge65,1997,10.736
prt,sex_f,age_5yrbands_yge65,1998,12.677
prt,sex_f,age_5yrbands_yge65,1999,12.56
prt,sex_f,age_5yrbands_yge65,2000,12.8
prt,sex_f,age_5yrbands_yge65,2001,13.597
prt,sex_f,age_5yrbands_yge65,2002,14.11
prt,sex_f,age_5yrbands_yge65,2003,13.772
prt,sex_f,age_5yrbands_yge65,2004,12.241
prt,sex_f,age_5yrbands_yge65,2005,13.163
prt,sex_f,age_5yrbands_yge65,2006,13.135
prt,sex_f,age_5yrbands_yge65,2007,13.794
prt,sex_f,age_5yrbands_yge65,2008,13.389
prt,sex_f,age_5yrbands_yge65,2009,13.2
prt,sex_f,age_5yrbands_yge65,2010,12.428
prt,sex_f,age_5yrbands_yge65,2011,8.86
prt,sex_f,age_5yrbands_yge65,2012,9.331
prt,sex_f,age_5yrbands_yge65,2013,8.243
prt,sex_f,age_5yrbands_yge65,2014,7.213
prt,sex_f,age_5yrbands_yge65,2015,7.038
prt,sex_f,age_5yrbands_yge65,2016,6.563
prt,sex_f,age_5yrbands_yge65,2017,6.674
prt,sex_f,age_5yrbands_yge65,2018,7.152
prt,sex_f,age_5yrbands_yge65,2019,7.58
prt,sex_f,age_5yrbands_yge65,2020,6.954
prt,sex_f,age_5yrbands_yge65,2021,5.169
prt,sex_f,age_5yrbands_yge65,2022,5.586
prt,sex_f,age_5yrbands_yge65,2023,6.287
prt,sex_f,age_5yrbands_yge65,2024,6.7
prt,sex_f,age_aggregate_total,1986,40.229
prt,sex_f,age_aggregate_total,1987,41.852
prt,sex_f,age_aggregate_total,1988,42.711
prt,sex_f,age_aggregate_total,1989,43.698
prt,sex_f,age_aggregate_total,1990,44.441
prt,sex_f,age_aggregate_total,1991,47.09
prt,sex_f,age_aggregate_total,1992,47.103
prt,sex_f,age_aggregate_total,1993,46.382
prt,sex_f,age_aggregate_total,1994,45.722
prt,sex_f,age_aggregate_total,1995,45.621
prt,sex_f,age_aggregate_total,1996,45.175
prt,sex_f,age_aggregate_total,1997,45.732
prt,sex_f,age_aggregate_total,1998,48.943
prt,sex_f,age_aggregate_total,1999,49.651
prt,sex_f,age_aggregate_total,2000,50.22
prt,sex_f,age_aggregate_total,2001,50.803
prt,sex_f,age_aggregate_total,2002,51.197
prt,sex_f,age_aggregate_total,2003,50.799
prt,sex_f,age_aggregate_total,2004,50.392
prt,sex_f,age_aggregate_total,2005,50.519
prt,sex_f,age_aggregate_total,2006,50.593
prt,sex_f,age_aggregate_total,2007,50.643
prt,sex_f,age_aggregate_total,2008,50.939
prt,sex_f,age_aggregate_total,2009,50.033
prt,sex_f,age_aggregate_total,2010,49.238
prt,sex_f,age_aggregate_total,2011,47.367
prt,sex_f,age_aggregate_total,2012,46.115
prt,sex_f,age_aggregate_total,2013,45.163
prt,sex_f,age_aggregate_total,2014,46.019
prt,sex_f,age_aggregate_total,2015,46.843
prt,sex_f,age_aggregate_total,2016,47.466
prt,sex_f,age_aggregate_total,2017,48.916
prt,sex_f,age_aggregate_total,2018,50.282
prt,sex_f,age_aggregate_total,2019,50.611
prt,sex_f,age_aggregate_total,2020,49.325
prt,sex_f,age_aggregate_total,2021,49.136
prt,sex_f,age_aggregate_total,2022,50.287
prt,sex_f,age_aggregate_total,2023,51.153
prt,sex_f,age_aggregate_total,2024,51.2
prt,sex_f,age_aggregate_y15_24,1986,39.504
prt,sex_f,age_aggregate_y15_24,1987,42.342
prt,sex_f,age_aggregate_y15_24,1988,43.523
prt,sex_f,age_aggregate_y15_24,1989,44.867
prt,sex_f,age_aggregate_y15_24,1990,45.98
prt,sex_f,age_aggregate_y15_24,1991,45.004
prt,sex_f,age_aggregate_y15_24,1992,41.04
prt,sex_f,age_aggregate_y15_24,1993,36.671
prt,sex_f,age_aggregate_y15_24,1994,34.546
prt,sex_f,age_aggregate_y15_24,1995,32.271
prt,sex_f,age_aggregate_y15_24,1996,30.614
prt,sex_f,age_aggregate_y15_24,1997,32.623
prt,sex_f,age_aggregate_y15_24,1998,38.692
prt,sex_f,age_aggregate_y15_24,1999,37.468
prt,sex_f,age_aggregate_y15_24,2000,35.208
prt,sex_f,age_aggregate_y15_24,2001,36.57
prt,sex_f,age_aggregate_y15_24,2002,36.71
prt,sex_f,age_aggregate_y15_24,2003,34.484
prt,sex_f,age_aggregate_y15_24,2004,31.975
prt,sex_f,age_aggregate_y15_24,2005,30.803
prt,sex_f,age_aggregate_y15_24,2006,30.68
prt,sex_f,age_aggregate_y15_24,2007,30.15
prt,sex_f,age_aggregate_y15_24,2008,30.347
prt,sex_f,age_aggregate_y15_24,2009,29.156
prt,sex_f,age_aggregate_y15_24,2010,25.997
prt,sex_f,age_aggregate_y15_24,2011,24.511
prt,sex_f,age_aggregate_y15_24,2012,21.155
prt,sex_f,age_aggregate_y15_24,2013,20.296
prt,sex_f,age_aggregate_y15_24,2014,22.121
prt,sex_f,age_aggregate_y15_24,2015,21.72
prt,sex_f,age_aggregate_y15_24,2016,22.507
prt,sex_f,age_aggregate_y15_24,2017,24.341
prt,sex_f,age_aggregate_y15_24,2018,25.306
prt,sex_f,age_aggregate_y15_24,2019,25.56
prt,sex_f,age_aggregate_y15_24,2020,21.545
prt,sex_f,age_aggregate_y15_24,2021,19.75
prt,sex_f,age_aggregate_y15_24,2022,22.958
prt,sex_f,age_aggregate_y15_24,2023,26.673
prt,sex_f,age_aggregate_y15_24,2024,25.7
prt,sex_f,age_aggregate_y25_54,1986,56.219
prt,sex_f,age_aggregate_y25_54,1987,58.726
prt,sex_f,age_aggregate_y25_54,1988,60.718
prt,sex_f,age_aggregate_y25_54,1989,62.254
prt,sex_f,age_aggregate_y25_54,1990,63.359
prt,sex_f,age_aggregate_y25_54,1991,67.702
prt,sex_f,age_aggregate_y25_54,1992,67.569
prt,sex_f,age_aggregate_y25_54,1993,68.466
prt,sex_f,age_aggregate_y25_54,1994,68.37
prt,sex_f,age_aggregate_y25_54,1995,68.916
prt,sex_f,age_aggregate_y25_54,1996,68.83
prt,sex_f,age_aggregate_y25_54,1997,69.937
prt,sex_f,age_aggregate_y25_54,1998,71.186
prt,sex_f,age_aggregate_y25_54,1999,72.188
prt,sex_f,age_aggregate_y25_54,2000,73.87
prt,sex_f,age_aggregate_y25_54,2001,74.597
prt,sex_f,age_aggregate_y25_54,2002,74.528
prt,sex_f,age_aggregate_y25_54,2003,74.394
prt,sex_f,age_aggregate_y25_54,2004,74.967
prt,sex_f,age_aggregate_y25_54,2005,74.792
prt,sex_f,age_aggregate_y25_54,2006,75.231
prt,sex_f,age_aggregate_y25_54,2007,74.844
prt,sex_f,age_aggregate_y25_54,2008,75.81
prt,sex_f,age_aggregate_y25_54,2009,74.901
prt,sex_f,age_aggregate_y25_54,2010,74.55
prt,sex_f,age_aggregate_y25_54,2011,74.049
prt,sex_f,age_aggregate_y25_54,2012,72.522
prt,sex_f,age_aggregate_y25_54,2013,72.179
prt,sex_f,age_aggregate_y25_54,2014,74.33
prt,sex_f,age_aggregate_y25_54,2015,76.109
prt,sex_f,age_aggregate_y25_54,2016,77.7
prt,sex_f,age_aggregate_y25_54,2017,79.763
prt,sex_f,age_aggregate_y25_54,2018,81.505
prt,sex_f,age_aggregate_y25_54,2019,82.572
prt,sex_f,age_aggregate_y25_54,2020,81.625
prt,sex_f,age_aggregate_y25_54,2021,83.091
prt,sex_f,age_aggregate_y25_54,2022,83.993
prt,sex_f,age_aggregate_y25_54,2023,83.991
prt,sex_f,age_aggregate_y25_54,2024,84.138
prt,sex_f,age_aggregate_y55_64,1986,28.594
prt,sex_f,age_aggregate_y55_64,1987,29.834
prt,sex_f,age_aggregate_y55_64,1988,31.304
prt,sex_f,age_aggregate_y55_64,1989,30.713
prt,sex_f,age_aggregate_y55_64,1990,31.063
prt,sex_f,age_aggregate_y55_64,1991,34.534
prt,sex_f,age_aggregate_y55_64,1992,34.66
prt,sex_f,age_aggregate_y55_64,1993,33.29
prt,sex_f,age_aggregate_y55_64,1994,33.13
prt,sex_f,age_aggregate_y55_64,1995,33.581
prt,sex_f,age_aggregate_y55_64,1996,35.433
prt,sex_f,age_aggregate_y55_64,1997,37.04
prt,sex_f,age_aggregate_y55_64,1998,38.343
prt,sex_f,age_aggregate_y55_64,1999,41.367
prt,sex_f,age_aggregate_y55_64,2000,42.001
prt,sex_f,age_aggregate_y55_64,2001,40.648
prt,sex_f,age_aggregate_y55_64,2002,42.183
prt,sex_f,age_aggregate_y55_64,2003,42.427
prt,sex_f,age_aggregate_y55_64,2004,42.426
prt,sex_f,age_aggregate_y55_64,2005,43.609
prt,sex_f,age_aggregate_y55_64,2006,42.844
prt,sex_f,age_aggregate_y55_64,2007,44.27
prt,sex_f,age_aggregate_y55_64,2008,43.967
prt,sex_f,age_aggregate_y55_64,2009,42.793
prt,sex_f,age_aggregate_y55_64,2010,43.784
prt,sex_f,age_aggregate_y55_64,2011,41.905
prt,sex_f,age_aggregate_y55_64,2012,41.788
prt,sex_f,age_aggregate_y55_64,2013,40.837
prt,sex_f,age_aggregate_y55_64,2014,42.126
prt,sex_f,age_aggregate_y55_64,2015,44.654
prt,sex_f,age_aggregate_y55_64,2016,46.416
prt,sex_f,age_aggregate_y55_64,2017,50.238
prt,sex_f,age_aggregate_y55_64,2018,54.482
prt,sex_f,age_aggregate_y55_64,2019,54.873
prt,sex_f,age_aggregate_y55_64,2020,55.802
prt,sex_f,age_aggregate_y55_64,2021,57.05
prt,sex_f,age_aggregate_y55_64,2022,60.308
prt,sex_f,age_aggregate_y55_64,2023,62.86
prt,sex_f,age_aggregate_y55_64,2024,63.9
prt,sex_f,age_aggregate_yge65,1986,7.639
prt,sex_f,age_aggregate_yge65,1987,8.674
prt,sex_f,age_aggregate_yge65,1988,7.594
prt,sex_f,age_aggregate_yge65,1989,7.811
prt,sex_f,age_aggregate_yge65,1990,7.698
prt,sex_f,age_aggregate_yge65,1991,8.348
prt,sex_f,age_aggregate_yge65,1992,7.905
prt,sex_f,age_aggregate_yge65,1993,8.548
prt,sex_f,age_aggregate_yge65,1994,9.185
prt,sex_f,age_aggregate_yge65,1995,9.238
prt,sex_f,age_aggregate_yge65,1996,9.922
prt,sex_f,age_aggregate_yge65,1997,10.736
prt,sex_f,age_aggregate_yge65,1998,12.677
prt,sex_f,age_aggregate_yge65,1999,12.56
prt,sex_f,age_aggregate_yge65,2000,12.8
prt,sex_f,age_aggregate_yge65,2001,13.597
prt,sex_f,age_aggregate_yge65,2002,14.11
prt,sex_f,age_aggregate_yge65,2003,13.772
prt,sex_f,age_aggregate_yge65,2004,12.241
prt,sex_f,age_aggregate_yge65,2005,13.163
prt,sex_f,age_aggregate_yge65,2006,13.135
prt,sex_f,age_aggregate_yge65,2007,13.794
prt,sex_f,age_aggregate_yge65,2008,13.389
prt,sex_f,age_aggregate_yge65,2009,13.2
prt,sex_f,age_aggregate_yge65,2010,12.428
prt,sex_f,age_aggregate_yge65,2011,8.86
prt,sex_f,age_aggregate_yge65,2012,9.331
prt,sex_f,age_aggregate_yge65,2013,8.243
prt,sex_f,age_aggregate_yge65,2014,7.213
prt,sex_f,age_aggregate_yge65,2015,7.038
prt,sex_f,age_aggregate_yge65,2016,6.563
prt,sex_f,age_aggregate_yge65,2017,6.674
prt,sex_f,age_aggregate_yge65,2018,7.152
prt,sex_f,age_aggregate_yge65,2019,7.58
prt,sex_f,age_aggregate_yge65,2020,6.954
prt,sex_f,age_aggregate_yge65,2021,5.169
prt,sex_f,age_aggregate_yge65,2022,5.586
prt,sex_f,age_aggregate_yge65,2023,6.287
prt,sex_f,age_aggregate_yge65,2024,6.7
prt,sex_f,age_ythadult_y15_24,1986,39.504
prt,sex_f,age_ythadult_y15_24,1987,42.342
prt,sex_f,age_ythadult_y15_24,1988,43.523
prt,sex_f,age_ythadult_y15_24,1989,44.867
prt,sex_f,age_ythadult_y15_24,1990,45.98
prt,sex_f,age_ythadult_y15_24,1991,45.004
prt,sex_f,age_ythadult_y15_24,1992,41.04
prt,sex_f,age_ythadult_y15_24,1993,36.671
prt,sex_f,age_ythadult_y15_24,1994,34.546
prt,sex_f,age_ythadult_y15_24,1995,32.271
prt,sex_f,age_ythadult_y15_24,1996,30.614
prt,sex_f,age_ythadult_y15_24,1997,32.623
prt,sex_f,age_ythadult_y15_24,1998,38.692
prt,sex_f,age_ythadult_y15_24,1999,37.468
prt,sex_f,age_ythadult_y15_24,2000,35.208
prt,sex_f,age_ythadult_y15_24,2001,36.57
prt,sex_f,age_ythadult_y15_24,2002,36.71
prt,sex_f,age_ythadult_y15_24,2003,34.484
prt,sex_f,age_ythadult_y15_24,2004,31.975
prt,sex_f,age_ythadult_y15_24,2005,30.803
prt,sex_f,age_ythadult_y15_24,2006,30.68
prt,sex_f,age_ythadult_y15_24,2007,30.15
prt,sex_f,age_ythadult_y15_24,2008,30.347
prt,sex_f,age_ythadult_y15_24,2009,29.156
prt,sex_f,age_ythadult_y15_24,2010,25.997
prt,sex_f,age_ythadult_y15_24,2011,24.511
prt,sex_f,age_ythadult_y15_24,2012,21.155
prt,sex_f,age_ythadult_y15_24,2013,20.296
prt,sex_f,age_ythadult_y15_24,2014,22.121
prt,sex_f,age_ythadult_y15_24,2015,21.72
prt,sex_f,age_ythadult_y15_24,2016,22.507
prt,sex_f,age_ythadult_y15_24,2017,24.341
prt,sex_f,age_ythadult_y15_24,2018,25.306
prt,sex_f,age_ythadult_y15_24,2019,25.56
prt,sex_f,age_ythadult_y15_24,2020,21.545
prt,sex_f,age_ythadult_y15_24,2021,19.75
prt,sex_f,age_ythadult_y15_24,2022,22.958
prt,sex_f,age_ythadult_y15_24,2023,26.673
prt,sex_f,age_ythadult_y15_24,2024,25.7
prt,sex_f,age_ythadult_y15_64,1986,47.312
prt,sex_f,age_ythadult_y15_64,1987,49.504
prt,sex_f,age_ythadult_y15_64,1988,51.168
prt,sex_f,age_ythadult_y15_64,1989,52.385
prt,sex_f,age_ythadult_y15_64,1990,53.296
prt,sex_f,age_ythadult_y15_64,1991,56.443
prt,sex_f,age_ythadult_y15_64,1992,55.702
prt,sex_f,age_ythadult_y15_64,1993,54.931
prt,sex_f,age_ythadult_y15_64,1994,54.063
prt,sex_f,age_ythadult_y15_64,1995,54.293
prt,sex_f,age_ythadult_y15_64,1996,54.226
prt,sex_f,age_ythadult_y15_64,1997,55.538
prt,sex_f,age_ythadult_y15_64,1998,58.612
prt,sex_f,age_ythadult_y15_64,1999,59.636
prt,sex_f,age_ythadult_y15_64,2000,60.489
prt,sex_f,age_ythadult_y15_64,2001,61.198
prt,sex_f,age_ythadult_y15_64,2002,61.702
prt,sex_f,age_ythadult_y15_64,2003,61.441
prt,sex_f,age_ythadult_y15_64,2004,61.507
prt,sex_f,age_ythadult_y15_64,2005,61.575
prt,sex_f,age_ythadult_y15_64,2006,61.825
prt,sex_f,age_ythadult_y15_64,2007,61.814
prt,sex_f,age_ythadult_y15_64,2008,62.476
prt,sex_f,age_ythadult_y15_64,2009,61.519
prt,sex_f,age_ythadult_y15_64,2010,60.987
prt,sex_f,age_ythadult_y15_64,2011,60.046
prt,sex_f,age_ythadult_y15_64,2012,58.454
prt,sex_f,age_ythadult_y15_64,2013,57.844
prt,sex_f,age_ythadult_y15_64,2014,59.682
prt,sex_f,age_ythadult_y15_64,2015,61.136
prt,sex_f,age_ythadult_y15_64,2016,62.514
prt,sex_f,age_ythadult_y15_64,2017,64.81
prt,sex_f,age_ythadult_y15_64,2018,66.858
prt,sex_f,age_ythadult_y15_64,2019,67.521
prt,sex_f,age_ythadult_y15_64,2020,66.385
prt,sex_f,age_ythadult_y15_64,2021,67.183
prt,sex_f,age_ythadult_y15_64,2022,68.946
prt,sex_f,age_ythadult_y15_64,2023,70.165
prt,sex_f,age_ythadult_y15_64,2024,70.4
prt,sex_f,age_ythadult_yge15,1978,39.34
prt,sex_f,age_ythadult_yge15,1979,40.83
prt,sex_f,age_ythadult_yge15,1980,40.49
prt,sex_f,age_ythadult_yge15,1981,41.84
prt,sex_f,age_ythadult_yge15,1982,41.56
prt,sex_f,age_ythadult_yge15,1984,44.09
prt,sex_f,age_ythadult_yge15,1985,41.45
prt,sex_f,age_ythadult_yge15,1986,40.229
prt,sex_f,age_ythadult_yge15,1987,41.852
prt,sex_f,age_ythadult_yge15,1988,42.711
prt,sex_f,age_ythadult_yge15,1989,43.698
prt,sex_f,age_ythadult_yge15,1990,44.441
prt,sex_f,age_ythadult_yge15,1991,47.09
prt,sex_f,age_ythadult_yge15,1992,47.103
prt,sex_f,age_ythadult_yge15,1993,46.382
prt,sex_f,age_ythadult_yge15,1994,45.722
prt,sex_f,age_ythadult_yge15,1995,45.621
prt,sex_f,age_ythadult_yge15,1996,45.175
prt,sex_f,age_ythadult_yge15,1997,45.732
prt,sex_f,age_ythadult_yge15,1998,48.943
prt,sex_f,age_ythadult_yge15,1999,49.651
prt,sex_f,age_ythadult_yge15,2000,50.22
prt,sex_f,age_ythadult_yge15,2001,50.803
prt,sex_f,age_ythadult_yge15,2002,51.197
prt,sex_f,age_ythadult_yge15,2003,50.799
prt,sex_f,age_ythadult_yge15,2004,50.392
prt,sex_f,age_ythadult_yge15,2005,50.519
prt,sex_f,age_ythadult_yge15,2006,50.593
prt,sex_f,age_ythadult_yge15,2007,50.643
prt,sex_f,age_ythadult_yge15,2008,50.939
prt,sex_f,age_ythadult_yge15,2009,50.033
prt,sex_f,age_ythadult_yge15,2010,49.238
prt,sex_f,age_ythadult_yge15,2011,47.367
prt,sex_f,age_ythadult_yge15,2012,46.115
prt,sex_f,age_ythadult_yge15,2013,45.163
prt,sex_f,age_ythadult_yge15,2014,46.019
prt,sex_f,age_ythadult_yge15,2015,46.843
prt,sex_f,age_ythadult_yge15,2016,47.466
prt,sex_f,age_ythadult_yge15,2017,48.916
prt,sex_f,age_ythadult_yge15,2018,50.282
prt,sex_f,age_ythadult_yge15,2019,50.611
prt,sex_f,age_ythadult_yge15,2020,49.325
prt,sex_f,age_ythadult_yge15,2021,49.136
prt,sex_f,age_ythadult_yge15,2022,50.287
prt,sex_f,age_ythadult_yge15,2023,51.153
prt,sex_f,age_ythadult_yge15,2024,51.2
prt,sex_f,age_ythadult_yge25,1986,40.405
prt,sex_f,age_ythadult_yge25,1987,41.736
prt,sex_f,age_ythadult_yge25,1988,42.522
prt,sex_f,age_ythadult_yge25,1989,43.426
prt,sex_f,age_ythadult_yge25,1990,44.085
prt,sex_f,age_ythadult_yge25,1991,47.559
prt,sex_f,age_ythadult_yge25,1992,48.529
prt,sex_f,age_ythadult_yge25,1993,48.647
prt,sex_f,age_ythadult_yge25,1994,48.39
prt,sex_f,age_ythadult_yge25,1995,48.629
prt,sex_f,age_ythadult_yge25,1996,48.363
prt,sex_f,age_ythadult_yge25,1997,48.509
prt,sex_f,age_ythadult_yge25,1998,51.074
prt,sex_f,age_ythadult_yge25,1999,52.107
prt,sex_f,age_ythadult_yge25,2000,53.146
prt,sex_f,age_ythadult_yge25,2001,53.482
prt,sex_f,age_ythadult_yge25,2002,53.801
prt,sex_f,age_ythadult_yge25,2003,53.605
prt,sex_f,age_ythadult_yge25,2004,53.435
prt,sex_f,age_ythadult_yge25,2005,53.633
prt,sex_f,age_ythadult_yge25,2006,53.623
prt,sex_f,age_ythadult_yge25,2007,53.663
prt,sex_f,age_ythadult_yge25,2008,53.893
prt,sex_f,age_ythadult_yge25,2009,52.956
prt,sex_f,age_ythadult_yge25,2010,52.425
prt,sex_f,age_ythadult_yge25,2011,50.445
prt,sex_f,age_ythadult_yge25,2012,49.431
prt,sex_f,age_ythadult_yge25,2013,48.428
prt,sex_f,age_ythadult_yge25,2014,49.129
prt,sex_f,age_ythadult_yge25,2015,50.108
prt,sex_f,age_ythadult_yge25,2016,50.686
prt,sex_f,age_ythadult_yge25,2017,52.06
prt,sex_f,age_ythadult_yge25,2018,53.457
prt,sex_f,age_ythadult_yge25,2019,53.779
prt,sex_f,age_ythadult_yge25,2020,52.822
prt,sex_f,age_ythadult_yge25,2021,52.822
prt,sex_f,age_ythadult_yge25,2022,53.693
prt,sex_f,age_ythadult_yge25,2023,54.161
prt,sex_f,age_ythadult_yge25,2024,54.3
prt,sex_m,age_10yrbands_total,1986,68.468
prt,sex_m,age_10yrbands_total,1987,68.203
prt,sex_m,age_10yrbands_total,1988,68.837
prt,sex_m,age_10yrbands_total,1989,69.766
prt,sex_m,age_10yrbands_total,1990,69.349
prt,sex_m,age_10yrbands_total,1991,70.723
prt,sex_m,age_10yrbands_total,1992,68.445
prt,sex_m,age_10yrbands_total,1993,66.214
prt,sex_m,age_10yrbands_total,1994,64.481
prt,sex_m,age_10yrbands_total,1995,63.45
prt,sex_m,age_10yrbands_total,1996,62.85
prt,sex_m,age_10yrbands_total,1997,63.232
prt,sex_m,age_10yrbands_total,1998,67.547
prt,sex_m,age_10yrbands_total,1999,66.965
prt,sex_m,age_10yrbands_total,2000,67.597
prt,sex_m,age_10yrbands_total,2001,68.188
prt,sex_m,age_10yrbands_total,2002,68.063
prt,sex_m,age_10yrbands_total,2003,66.338
prt,sex_m,age_10yrbands_total,2004,65.624
prt,sex_m,age_10yrbands_total,2005,64.516
prt,sex_m,age_10yrbands_total,2006,64.75
prt,sex_m,age_10yrbands_total,2007,64.568
prt,sex_m,age_10yrbands_total,2008,64.456
prt,sex_m,age_10yrbands_total,2009,61.731
prt,sex_m,age_10yrbands_total,2010,60.653
prt,sex_m,age_10yrbands_total,2011,58.673
prt,sex_m,age_10yrbands_total,2012,55.915
prt,sex_m,age_10yrbands_total,2013,54.533
prt,sex_m,age_10yrbands_total,2014,55.682
prt,sex_m,age_10yrbands_total,2015,56.217
prt,sex_m,age_10yrbands_total,2016,56.926
prt,sex_m,age_10yrbands_total,2017,58.96
prt,sex_m,age_10yrbands_total,2018,59.974
prt,sex_m,age_10yrbands_total,2019,60.271
prt,sex_m,age_10yrbands_total,2020,58.355
prt,sex_m,age_10yrbands_total,2021,57.233
prt,sex_m,age_10yrbands_total,2022,58.628
prt,sex_m,age_10yrbands_total,2023,59.032
prt,sex_m,age_10yrbands_total,2024,59
prt,sex_m,age_10yrbands_y15_24,1986,58.316
prt,sex_m,age_10yrbands_y15_24,1987,59.026
prt,sex_m,age_10yrbands_y15_24,1988,60.313
prt,sex_m,age_10yrbands_y15_24,1989,60.356
prt,sex_m,age_10yrbands_y15_24,1990,58.728
prt,sex_m,age_10yrbands_y15_24,1991,58.379
prt,sex_m,age_10yrbands_y15_24,1992,51.292
prt,sex_m,age_10yrbands_y15_24,1993,46.845
prt,sex_m,age_10yrbands_y15_24,1994,42.77
prt,sex_m,age_10yrbands_y15_24,1995,40.053
prt,sex_m,age_10yrbands_y15_24,1996,39.448
prt,sex_m,age_10yrbands_y15_24,1997,43.122
prt,sex_m,age_10yrbands_y15_24,1998,46.508
prt,sex_m,age_10yrbands_y15_24,1999,46.615
prt,sex_m,age_10yrbands_y15_24,2000,46.882
prt,sex_m,age_10yrbands_y15_24,2001,48.1
prt,sex_m,age_10yrbands_y15_24,2002,47.571
prt,sex_m,age_10yrbands_y15_24,2003,43.05
prt,sex_m,age_10yrbands_y15_24,2004,41.211
prt,sex_m,age_10yrbands_y15_24,2005,39.623
prt,sex_m,age_10yrbands_y15_24,2006,38.734
prt,sex_m,age_10yrbands_y15_24,2007,38.524
prt,sex_m,age_10yrbands_y15_24,2008,37.679
prt,sex_m,age_10yrbands_y15_24,2009,32.465
prt,sex_m,age_10yrbands_y15_24,2010,29.748
prt,sex_m,age_10yrbands_y15_24,2011,28.569
prt,sex_m,age_10yrbands_y15_24,2012,24.618
prt,sex_m,age_10yrbands_y15_24,2013,22.709
prt,sex_m,age_10yrbands_y15_24,2014,22.853
prt,sex_m,age_10yrbands_y15_24,2015,24.135
prt,sex_m,age_10yrbands_y15_24,2016,25.571
prt,sex_m,age_10yrbands_y15_24,2017,27.503
prt,sex_m,age_10yrbands_y15_24,2018,29.264
prt,sex_m,age_10yrbands_y15_24,2019,30.324
prt,sex_m,age_10yrbands_y15_24,2020,25.578
prt,sex_m,age_10yrbands_y15_24,2021,26.14
prt,sex_m,age_10yrbands_y15_24,2022,27.656
prt,sex_m,age_10yrbands_y15_24,2023,29.536
prt,sex_m,age_10yrbands_y15_24,2024,28.7
prt,sex_m,age_10yrbands_y25_34,1986,89.185
prt,sex_m,age_10yrbands_y25_34,1987,90.375
prt,sex_m,age_10yrbands_y25_34,1988,91.38
prt,sex_m,age_10yrbands_y25_34,1989,92.172
prt,sex_m,age_10yrbands_y25_34,1990,92.388
prt,sex_m,age_10yrbands_y25_34,1991,92.568
prt,sex_m,age_10yrbands_y25_34,1992,91.184
prt,sex_m,age_10yrbands_y25_34,1993,90.162
prt,sex_m,age_10yrbands_y25_34,1994,88.367
prt,sex_m,age_10yrbands_y25_34,1995,86.928
prt,sex_m,age_10yrbands_y25_34,1996,85.754
prt,sex_m,age_10yrbands_y25_34,1997,86.299
prt,sex_m,age_10yrbands_y25_34,1998,89.177
prt,sex_m,age_10yrbands_y25_34,1999,89.334
prt,sex_m,age_10yrbands_y25_34,2000,90.094
prt,sex_m,age_10yrbands_y25_34,2001,89.425
prt,sex_m,age_10yrbands_y25_34,2002,89.065
prt,sex_m,age_10yrbands_y25_34,2003,86.535
prt,sex_m,age_10yrbands_y25_34,2004,86.944
prt,sex_m,age_10yrbands_y25_34,2005,85.949
prt,sex_m,age_10yrbands_y25_34,2006,86.362
prt,sex_m,age_10yrbands_y25_34,2007,85.573
prt,sex_m,age_10yrbands_y25_34,2008,86.737
prt,sex_m,age_10yrbands_y25_34,2009,83.563
prt,sex_m,age_10yrbands_y25_34,2010,82.397
prt,sex_m,age_10yrbands_y25_34,2011,80.038
prt,sex_m,age_10yrbands_y25_34,2012,75.55
prt,sex_m,age_10yrbands_y25_34,2013,74.153
prt,sex_m,age_10yrbands_y25_34,2014,77.536
prt,sex_m,age_10yrbands_y25_34,2015,77.913
prt,sex_m,age_10yrbands_y25_34,2016,78.723
prt,sex_m,age_10yrbands_y25_34,2017,81.89
prt,sex_m,age_10yrbands_y25_34,2018,84.748
prt,sex_m,age_10yrbands_y25_34,2019,85.313
prt,sex_m,age_10yrbands_y25_34,2020,81.039
prt,sex_m,age_10yrbands_y25_34,2021,78.718
prt,sex_m,age_10yrbands_y25_34,2022,82.391
prt,sex_m,age_10yrbands_y25_34,2023,85.146
prt,sex_m,age_10yrbands_y25_34,2024,86.301
prt,sex_m,age_10yrbands_y35_44,1986,92.154
prt,sex_m,age_10yrbands_y35_44,1987,92.769
prt,sex_m,age_10yrbands_y35_44,1988,94.164
prt,sex_m,age_10yrbands_y35_44,1989,94.407
prt,sex_m,age_10yrbands_y35_44,1990,94.37
prt,sex_m,age_10yrbands_y35_44,1991,95.323
prt,sex_m,age_10yrbands_y35_44,1992,95.095
prt,sex_m,age_10yrbands_y35_44,1993,93.799
prt,sex_m,age_10yrbands_y35_44,1994,91.641
prt,sex_m,age_10yrbands_y35_44,1995,91.987
prt,sex_m,age_10yrbands_y35_44,1996,92.522
prt,sex_m,age_10yrbands_y35_44,1997,90.829
prt,sex_m,age_10yrbands_y35_44,1998,92.586
prt,sex_m,age_10yrbands_y35_44,1999,91.54
prt,sex_m,age_10yrbands_y35_44,2000,91.15
prt,sex_m,age_10yrbands_y35_44,2001,92.504
prt,sex_m,age_10yrbands_y35_44,2002,92.235
prt,sex_m,age_10yrbands_y35_44,2003,90.895
prt,sex_m,age_10yrbands_y35_44,2004,90.734
prt,sex_m,age_10yrbands_y35_44,2005,89.57
prt,sex_m,age_10yrbands_y35_44,2006,89.971
prt,sex_m,age_10yrbands_y35_44,2007,89.955
prt,sex_m,age_10yrbands_y35_44,2008,89.32
prt,sex_m,age_10yrbands_y35_44,2009,86.307
prt,sex_m,age_10yrbands_y35_44,2010,86.843
prt,sex_m,age_10yrbands_y35_44,2011,84.668
prt,sex_m,age_10yrbands_y35_44,2012,81.434
prt,sex_m,age_10yrbands_y35_44,2013,79.449
prt,sex_m,age_10yrbands_y35_44,2014,84.099
prt,sex_m,age_10yrbands_y35_44,2015,85.801
prt,sex_m,age_10yrbands_y35_44,2016,87.251
prt,sex_m,age_10yrbands_y35_44,2017,88.803
prt,sex_m,age_10yrbands_y35_44,2018,90.37
prt,sex_m,age_10yrbands_y35_44,2019,91.055
prt,sex_m,age_10yrbands_y35_44,2020,88.394
prt,sex_m,age_10yrbands_y35_44,2021,90.53
prt,sex_m,age_10yrbands_y35_44,2022,90.584
prt,sex_m,age_10yrbands_y35_44,2023,90.886
prt,sex_m,age_10yrbands_y35_44,2024,91.364
prt,sex_m,age_10yrbands_y45_54,1986,85.627
prt,sex_m,age_10yrbands_y45_54,1987,86.539
prt,sex_m,age_10yrbands_y45_54,1988,86.946
prt,sex_m,age_10yrbands_y45_54,1989,88.215
prt,sex_m,age_10yrbands_y45_54,1990,88.185
prt,sex_m,age_10yrbands_y45_54,1991,89.449
prt,sex_m,age_10yrbands_y45_54,1992,89.064
prt,sex_m,age_10yrbands_y45_54,1993,87.496
prt,sex_m,age_10yrbands_y45_54,1994,87.338
prt,sex_m,age_10yrbands_y45_54,1995,86.753
prt,sex_m,age_10yrbands_y45_54,1996,87.086
prt,sex_m,age_10yrbands_y45_54,1997,86.937
prt,sex_m,age_10yrbands_y45_54,1998,87.927
prt,sex_m,age_10yrbands_y45_54,1999,87.267
prt,sex_m,age_10yrbands_y45_54,2000,88.245
prt,sex_m,age_10yrbands_y45_54,2001,88.293
prt,sex_m,age_10yrbands_y45_54,2002,87.302
prt,sex_m,age_10yrbands_y45_54,2003,86.208
prt,sex_m,age_10yrbands_y45_54,2004,85.818
prt,sex_m,age_10yrbands_y45_54,2005,84.789
prt,sex_m,age_10yrbands_y45_54,2006,86.039
prt,sex_m,age_10yrbands_y45_54,2007,86.09
prt,sex_m,age_10yrbands_y45_54,2008,86.783
prt,sex_m,age_10yrbands_y45_54,2009,84.019
prt,sex_m,age_10yrbands_y45_54,2010,82.779
prt,sex_m,age_10yrbands_y45_54,2011,80.105
prt,sex_m,age_10yrbands_y45_54,2012,78.455
prt,sex_m,age_10yrbands_y45_54,2013,77.02
prt,sex_m,age_10yrbands_y45_54,2014,79.268
prt,sex_m,age_10yrbands_y45_54,2015,80.691
prt,sex_m,age_10yrbands_y45_54,2016,81.763
prt,sex_m,age_10yrbands_y45_54,2017,85.04
prt,sex_m,age_10yrbands_y45_54,2018,86.438
prt,sex_m,age_10yrbands_y45_54,2019,87.027
prt,sex_m,age_10yrbands_y45_54,2020,88.861
prt,sex_m,age_10yrbands_y45_54,2021,89.427
prt,sex_m,age_10yrbands_y45_54,2022,90.282
prt,sex_m,age_10yrbands_y45_54,2023,89.651
prt,sex_m,age_10yrbands_y45_54,2024,89.916
prt,sex_m,age_10yrbands_y55_64,1986,63.097
prt,sex_m,age_10yrbands_y55_64,1987,61.767
prt,sex_m,age_10yrbands_y55_64,1988,62.206
prt,sex_m,age_10yrbands_y55_64,1989,63.462
prt,sex_m,age_10yrbands_y55_64,1990,64.63
prt,sex_m,age_10yrbands_y55_64,1991,66.787
prt,sex_m,age_10yrbands_y55_64,1992,62.056
prt,sex_m,age_10yrbands_y55_64,1993,60.092
prt,sex_m,age_10yrbands_y55_64,1994,60.627
prt,sex_m,age_10yrbands_y55_64,1995,58.915
prt,sex_m,age_10yrbands_y55_64,1996,58.538
prt,sex_m,age_10yrbands_y55_64,1997,58.166
prt,sex_m,age_10yrbands_y55_64,1998,64.115
prt,sex_m,age_10yrbands_y55_64,1999,62.045
prt,sex_m,age_10yrbands_y55_64,2000,62.161
prt,sex_m,age_10yrbands_y55_64,2001,62.263
prt,sex_m,age_10yrbands_y55_64,2002,63.049
prt,sex_m,age_10yrbands_y55_64,2003,62.357
prt,sex_m,age_10yrbands_y55_64,2004,58.967
prt,sex_m,age_10yrbands_y55_64,2005,58.106
prt,sex_m,age_10yrbands_y55_64,2006,58.176
prt,sex_m,age_10yrbands_y55_64,2007,58.66
prt,sex_m,age_10yrbands_y55_64,2008,58.336
prt,sex_m,age_10yrbands_y55_64,2009,57.452
prt,sex_m,age_10yrbands_y55_64,2010,55.824
prt,sex_m,age_10yrbands_y55_64,2011,54.375
prt,sex_m,age_10yrbands_y55_64,2012,51.779
prt,sex_m,age_10yrbands_y55_64,2013,53.608
prt,sex_m,age_10yrbands_y55_64,2014,54.454
prt,sex_m,age_10yrbands_y55_64,2015,56.023
prt,sex_m,age_10yrbands_y55_64,2016,58.444
prt,sex_m,age_10yrbands_y55_64,2017,63.041
prt,sex_m,age_10yrbands_y55_64,2018,64.485
prt,sex_m,age_10yrbands_y55_64,2019,66.246
prt,sex_m,age_10yrbands_y55_64,2020,65.089
prt,sex_m,age_10yrbands_y55_64,2021,67.699
prt,sex_m,age_10yrbands_y55_64,2022,70.342
prt,sex_m,age_10yrbands_y55_64,2023,70.45
prt,sex_m,age_10yrbands_y55_64,2024,71.8
prt,sex_m,age_10yrbands_yge65,1986,18.673
prt,sex_m,age_10yrbands_yge65,1987,19.321
prt,sex_m,age_10yrbands_yge65,1988,19.938
prt,sex_m,age_10yrbands_yge65,1989,20.751
prt,sex_m,age_10yrbands_yge65,1990,19.674
prt,sex_m,age_10yrbands_yge65,1991,22.106
prt,sex_m,age_10yrbands_yge65,1992,19.004
prt,sex_m,age_10yrbands_yge65,1993,19.637
prt,sex_m,age_10yrbands_yge65,1994,20.477
prt,sex_m,age_10yrbands_yge65,1995,21.575
prt,sex_m,age_10yrbands_yge65,1996,22.787
prt,sex_m,age_10yrbands_yge65,1997,23.34
prt,sex_m,age_10yrbands_yge65,1998,24.738
prt,sex_m,age_10yrbands_yge65,1999,23.852
prt,sex_m,age_10yrbands_yge65,2000,25.244
prt,sex_m,age_10yrbands_yge65,2001,26.197
prt,sex_m,age_10yrbands_yge65,2002,26.135
prt,sex_m,age_10yrbands_yge65,2003,25.619
prt,sex_m,age_10yrbands_yge65,2004,25.655
prt,sex_m,age_10yrbands_yge65,2005,24.541
prt,sex_m,age_10yrbands_yge65,2006,24.464
prt,sex_m,age_10yrbands_yge65,2007,24.01
prt,sex_m,age_10yrbands_yge65,2008,23.343
prt,sex_m,age_10yrbands_yge65,2009,22.168
prt,sex_m,age_10yrbands_yge65,2010,22.131
prt,sex_m,age_10yrbands_yge65,2011,21.794
prt,sex_m,age_10yrbands_yge65,2012,21.627
prt,sex_m,age_10yrbands_yge65,2013,20.063
prt,sex_m,age_10yrbands_yge65,2014,17.904
prt,sex_m,age_10yrbands_yge65,2015,17.292
prt,sex_m,age_10yrbands_yge65,2016,16.865
prt,sex_m,age_10yrbands_yge65,2017,17.23
prt,sex_m,age_10yrbands_yge65,2018,17.151
prt,sex_m,age_10yrbands_yge65,2019,17.11
prt,sex_m,age_10yrbands_yge65,2020,17.001
prt,sex_m,age_10yrbands_yge65,2021,10.992
prt,sex_m,age_10yrbands_yge65,2022,12.511
prt,sex_m,age_10yrbands_yge65,2023,12.513
prt,sex_m,age_10yrbands_yge65,2024,11.7
prt,sex_m,age_5yrbands_total,1986,68.468
prt,sex_m,age_5yrbands_total,1987,68.203
prt,sex_m,age_5yrbands_total,1988,68.837
prt,sex_m,age_5yrbands_total,1989,69.766
prt,sex_m,age_5yrbands_total,1990,69.349
prt,sex_m,age_5yrbands_total,1991,70.723
prt,sex_m,age_5yrbands_total,1992,68.445
prt,sex_m,age_5yrbands_total,1993,66.214
prt,sex_m,age_5yrbands_total,1994,64.481
prt,sex_m,age_5yrbands_total,1995,63.45
prt,sex_m,age_5yrbands_total,1996,62.85
prt,sex_m,age_5yrbands_total,1997,63.232
prt,sex_m,age_5yrbands_total,1998,67.547
prt,sex_m,age_5yrbands_total,1999,66.965
prt,sex_m,age_5yrbands_total,2000,67.597
prt,sex_m,age_5yrbands_total,2001,68.188
prt,sex_m,age_5yrbands_total,2002,68.063
prt,sex_m,age_5yrbands_total,2003,66.338
prt,sex_m,age_5yrbands_total,2004,65.624
prt,sex_m,age_5yrbands_total,2005,64.516
prt,sex_m,age_5yrbands_total,2006,64.75
prt,sex_m,age_5yrbands_total,2007,64.568
prt,sex_m,age_5yrbands_total,2008,64.456
prt,sex_m,age_5yrbands_total,2009,61.731
prt,sex_m,age_5yrbands_total,2010,60.653
prt,sex_m,age_5yrbands_total,2011,58.673
prt,sex_m,age_5yrbands_total,2012,55.915
prt,sex_m,age_5yrbands_total,2013,54.533
prt,sex_m,age_5yrbands_total,2014,55.682
prt,sex_m,age_5yrbands_total,2015,56.217
prt,sex_m,age_5yrbands_total,2016,56.926
prt,sex_m,age_5yrbands_total,2017,58.96
prt,sex_m,age_5yrbands_total,2018,59.974
prt,sex_m,age_5yrbands_total,2019,60.271
prt,sex_m,age_5yrbands_total,2020,58.355
prt,sex_m,age_5yrbands_total,2021,57.233
prt,sex_m,age_5yrbands_total,2022,58.628
prt,sex_m,age_5yrbands_total,2023,59.032
prt,sex_m,age_5yrbands_total,2024,59
prt,sex_m,age_5yrbands_y15_19,1986,49.213
prt,sex_m,age_5yrbands_y15_19,1987,50.193
prt,sex_m,age_5yrbands_y15_19,1988,48.931
prt,sex_m,age_5yrbands_y15_19,1989,48.912
prt,sex_m,age_5yrbands_y15_19,1990,46.825
prt,sex_m,age_5yrbands_y15_19,1991,45.62
prt,sex_m,age_5yrbands_y15_19,1992,38.456
prt,sex_m,age_5yrbands_y15_19,1993,31.177
prt,sex_m,age_5yrbands_y15_19,1994,26.344
prt,sex_m,age_5yrbands_y15_19,1995,24.084
prt,sex_m,age_5yrbands_y15_19,1996,21.115
prt,sex_m,age_5yrbands_y15_19,1997,22.72
prt,sex_m,age_5yrbands_y15_19,1998,24.597
prt,sex_m,age_5yrbands_y15_19,1999,24.186
prt,sex_m,age_5yrbands_y15_19,2000,25.401
prt,sex_m,age_5yrbands_y15_19,2001,24.995
prt,sex_m,age_5yrbands_y15_19,2002,24.998
prt,sex_m,age_5yrbands_y15_19,2003,22.042
prt,sex_m,age_5yrbands_y15_19,2004,20.847
prt,sex_m,age_5yrbands_y15_19,2005,16.331
prt,sex_m,age_5yrbands_y15_19,2006,15.559
prt,sex_m,age_5yrbands_y15_19,2007,15.87
prt,sex_m,age_5yrbands_y15_19,2008,14.5
prt,sex_m,age_5yrbands_y15_19,2009,11.73
prt,sex_m,age_5yrbands_y15_19,2010,9.441
prt,sex_m,age_5yrbands_y15_19,2011,7.767
prt,sex_m,age_5yrbands_y15_19,2012,6.581
prt,sex_m,age_5yrbands_y15_19,2013,6.469
prt,sex_m,age_5yrbands_y15_19,2014,6.403
prt,sex_m,age_5yrbands_y15_19,2015,6.684
prt,sex_m,age_5yrbands_y15_19,2016,7.163
prt,sex_m,age_5yrbands_y15_19,2017,6.912
prt,sex_m,age_5yrbands_y15_19,2018,8.539
prt,sex_m,age_5yrbands_y15_19,2019,8.289
prt,sex_m,age_5yrbands_y15_19,2020,6.867
prt,sex_m,age_5yrbands_y15_19,2021,7.223
prt,sex_m,age_5yrbands_y15_19,2022,5.081
prt,sex_m,age_5yrbands_y15_19,2023,7.064
prt,sex_m,age_5yrbands_y15_19,2024,7.3
prt,sex_m,age_5yrbands_y20_24,1986,70.561
prt,sex_m,age_5yrbands_y20_24,1987,70.938
prt,sex_m,age_5yrbands_y20_24,1988,75.083
prt,sex_m,age_5yrbands_y20_24,1989,75.888
prt,sex_m,age_5yrbands_y20_24,1990,74.827
prt,sex_m,age_5yrbands_y20_24,1991,75.073
prt,sex_m,age_5yrbands_y20_24,1992,67.37
prt,sex_m,age_5yrbands_y20_24,1993,65.182
prt,sex_m,age_5yrbands_y20_24,1994,62.14
prt,sex_m,age_5yrbands_y20_24,1995,57.504
prt,sex_m,age_5yrbands_y20_24,1996,58.038
prt,sex_m,age_5yrbands_y20_24,1997,61.769
prt,sex_m,age_5yrbands_y20_24,1998,66.33
prt,sex_m,age_5yrbands_y20_24,1999,66.566
prt,sex_m,age_5yrbands_y20_24,2000,66.205
prt,sex_m,age_5yrbands_y20_24,2001,68.366
prt,sex_m,age_5yrbands_y20_24,2002,67.1
prt,sex_m,age_5yrbands_y20_24,2003,61.032
prt,sex_m,age_5yrbands_y20_24,2004,58.446
prt,sex_m,age_5yrbands_y20_24,2005,59.52
prt,sex_m,age_5yrbands_y20_24,2006,59.146
prt,sex_m,age_5yrbands_y20_24,2007,59.197
prt,sex_m,age_5yrbands_y20_24,2008,59.552
prt,sex_m,age_5yrbands_y20_24,2009,52.484
prt,sex_m,age_5yrbands_y20_24,2010,49.692
prt,sex_m,age_5yrbands_y20_24,2011,48.987
prt,sex_m,age_5yrbands_y20_24,2012,42.292
prt,sex_m,age_5yrbands_y20_24,2013,38.688
prt,sex_m,age_5yrbands_y20_24,2014,39.277
prt,sex_m,age_5yrbands_y20_24,2015,42.035
prt,sex_m,age_5yrbands_y20_24,2016,44.694
prt,sex_m,age_5yrbands_y20_24,2017,48.932
prt,sex_m,age_5yrbands_y20_24,2018,50.766
prt,sex_m,age_5yrbands_y20_24,2019,52.698
prt,sex_m,age_5yrbands_y20_24,2020,43.913
prt,sex_m,age_5yrbands_y20_24,2021,44.16
prt,sex_m,age_5yrbands_y20_24,2022,48.911
prt,sex_m,age_5yrbands_y20_24,2023,50.515
prt,sex_m,age_5yrbands_y20_24,2024,48.8
prt,sex_m,age_5yrbands_y25_29,1986,86.973
prt,sex_m,age_5yrbands_y25_29,1987,88.356
prt,sex_m,age_5yrbands_y25_29,1988,89.651
prt,sex_m,age_5yrbands_y25_29,1989,90.163
prt,sex_m,age_5yrbands_y25_29,1990,90.876
prt,sex_m,age_5yrbands_y25_29,1991,90.52
prt,sex_m,age_5yrbands_y25_29,1992,89.711
prt,sex_m,age_5yrbands_y25_29,1993,88.424
prt,sex_m,age_5yrbands_y25_29,1994,86.623
prt,sex_m,age_5yrbands_y25_29,1995,84.87
prt,sex_m,age_5yrbands_y25_29,1996,82.284
prt,sex_m,age_5yrbands_y25_29,1997,83.072
prt,sex_m,age_5yrbands_y25_29,1998,87.356
prt,sex_m,age_5yrbands_y25_29,1999,87.841
prt,sex_m,age_5yrbands_y25_29,2000,88.446
prt,sex_m,age_5yrbands_y25_29,2001,87.263
prt,sex_m,age_5yrbands_y25_29,2002,87.278
prt,sex_m,age_5yrbands_y25_29,2003,83.333
prt,sex_m,age_5yrbands_y25_29,2004,83.91
prt,sex_m,age_5yrbands_y25_29,2005,82.13
prt,sex_m,age_5yrbands_y25_29,2006,82.677
prt,sex_m,age_5yrbands_y25_29,2007,81.854
prt,sex_m,age_5yrbands_y25_29,2008,83.277
prt,sex_m,age_5yrbands_y25_29,2009,79.809
prt,sex_m,age_5yrbands_y25_29,2010,77.193
prt,sex_m,age_5yrbands_y25_29,2011,76.603
prt,sex_m,age_5yrbands_y25_29,2012,71.763
prt,sex_m,age_5yrbands_y25_29,2013,69.052
prt,sex_m,age_5yrbands_y25_29,2014,72.566
prt,sex_m,age_5yrbands_y25_29,2015,71.916
prt,sex_m,age_5yrbands_y25_29,2016,72.373
prt,sex_m,age_5yrbands_y25_29,2017,78.086
prt,sex_m,age_5yrbands_y25_29,2018,80.288
prt,sex_m,age_5yrbands_y25_29,2019,80.812
prt,sex_m,age_5yrbands_y25_29,2020,76.487
prt,sex_m,age_5yrbands_y25_29,2021,77.001
prt,sex_m,age_5yrbands_y25_29,2022,78.433
prt,sex_m,age_5yrbands_y25_29,2023,81.813
prt,sex_m,age_5yrbands_y25_29,2024,83.4
prt,sex_m,age_5yrbands_y30_34,1986,91.341
prt,sex_m,age_5yrbands_y30_34,1987,92.466
prt,sex_m,age_5yrbands_y30_34,1988,93.274
prt,sex_m,age_5yrbands_y30_34,1989,94.386
prt,sex_m,age_5yrbands_y30_34,1990,93.846
prt,sex_m,age_5yrbands_y30_34,1991,94.551
prt,sex_m,age_5yrbands_y30_34,1992,92.701
prt,sex_m,age_5yrbands_y30_34,1993,91.884
prt,sex_m,age_5yrbands_y30_34,1994,90.16
prt,sex_m,age_5yrbands_y30_34,1995,88.857
prt,sex_m,age_5yrbands_y30_34,1996,89.338
prt,sex_m,age_5yrbands_y30_34,1997,89.625
prt,sex_m,age_5yrbands_y30_34,1998,91.097
prt,sex_m,age_5yrbands_y30_34,1999,90.91
prt,sex_m,age_5yrbands_y30_34,2000,91.841
prt,sex_m,age_5yrbands_y30_34,2001,91.757
prt,sex_m,age_5yrbands_y30_34,2002,90.992
prt,sex_m,age_5yrbands_y30_34,2003,89.944
prt,sex_m,age_5yrbands_y30_34,2004,90.094
prt,sex_m,age_5yrbands_y30_34,2005,89.739
prt,sex_m,age_5yrbands_y30_34,2006,89.86
prt,sex_m,age_5yrbands_y30_34,2007,88.956
prt,sex_m,age_5yrbands_y30_34,2008,89.794
prt,sex_m,age_5yrbands_y30_34,2009,86.848
prt,sex_m,age_5yrbands_y30_34,2010,86.885
prt,sex_m,age_5yrbands_y30_34,2011,82.998
prt,sex_m,age_5yrbands_y30_34,2012,78.828
prt,sex_m,age_5yrbands_y30_34,2013,78.572
prt,sex_m,age_5yrbands_y30_34,2014,81.834
prt,sex_m,age_5yrbands_y30_34,2015,83.163
prt,sex_m,age_5yrbands_y30_34,2016,84.457
prt,sex_m,age_5yrbands_y30_34,2017,85.445
prt,sex_m,age_5yrbands_y30_34,2018,89.035
prt,sex_m,age_5yrbands_y30_34,2019,89.721
prt,sex_m,age_5yrbands_y30_34,2020,85.532
prt,sex_m,age_5yrbands_y30_34,2021,80.9
prt,sex_m,age_5yrbands_y30_34,2022,86.458
prt,sex_m,age_5yrbands_y30_34,2023,88.378
prt,sex_m,age_5yrbands_y30_34,2024,89.1
prt,sex_m,age_5yrbands_y35_39,1986,92.698
prt,sex_m,age_5yrbands_y35_39,1987,93.471
prt,sex_m,age_5yrbands_y35_39,1988,94.62
prt,sex_m,age_5yrbands_y35_39,1989,94.671
prt,sex_m,age_5yrbands_y35_39,1990,94.921
prt,sex_m,age_5yrbands_y35_39,1991,95.269
prt,sex_m,age_5yrbands_y35_39,1992,94.906
prt,sex_m,age_5yrbands_y35_39,1993,94.262
prt,sex_m,age_5yrbands_y35_39,1994,92.036
prt,sex_m,age_5yrbands_y35_39,1995,91.611
prt,sex_m,age_5yrbands_y35_39,1996,91.945
prt,sex_m,age_5yrbands_y35_39,1997,90.216
prt,sex_m,age_5yrbands_y35_39,1998,92.704
prt,sex_m,age_5yrbands_y35_39,1999,90.927
prt,sex_m,age_5yrbands_y35_39,2000,90.932
prt,sex_m,age_5yrbands_y35_39,2001,92.819
prt,sex_m,age_5yrbands_y35_39,2002,92.122
prt,sex_m,age_5yrbands_y35_39,2003,90.845
prt,sex_m,age_5yrbands_y35_39,2004,91.047
prt,sex_m,age_5yrbands_y35_39,2005,90.864
prt,sex_m,age_5yrbands_y35_39,2006,90.945
prt,sex_m,age_5yrbands_y35_39,2007,89.771
prt,sex_m,age_5yrbands_y35_39,2008,88.958
prt,sex_m,age_5yrbands_y35_39,2009,86.364
prt,sex_m,age_5yrbands_y35_39,2010,87.134
prt,sex_m,age_5yrbands_y35_39,2011,85.274
prt,sex_m,age_5yrbands_y35_39,2012,81.54
prt,sex_m,age_5yrbands_y35_39,2013,80.043
prt,sex_m,age_5yrbands_y35_39,2014,85.34
prt,sex_m,age_5yrbands_y35_39,2015,85.779
prt,sex_m,age_5yrbands_y35_39,2016,87.501
prt,sex_m,age_5yrbands_y35_39,2017,88.76
prt,sex_m,age_5yrbands_y35_39,2018,90.378
prt,sex_m,age_5yrbands_y35_39,2019,90.471
prt,sex_m,age_5yrbands_y35_39,2020,87.804
prt,sex_m,age_5yrbands_y35_39,2021,89.684
prt,sex_m,age_5yrbands_y35_39,2022,88.968
prt,sex_m,age_5yrbands_y35_39,2023,90.708
prt,sex_m,age_5yrbands_y35_39,2024,90.9
prt,sex_m,age_5yrbands_y40_44,1986,91.592
prt,sex_m,age_5yrbands_y40_44,1987,91.982
prt,sex_m,age_5yrbands_y40_44,1988,93.648
prt,sex_m,age_5yrbands_y40_44,1989,94.128
prt,sex_m,age_5yrbands_y40_44,1990,93.849
prt,sex_m,age_5yrbands_y40_44,1991,95.378
prt,sex_m,age_5yrbands_y40_44,1992,95.278
prt,sex_m,age_5yrbands_y40_44,1993,93.359
prt,sex_m,age_5yrbands_y40_44,1994,91.292
prt,sex_m,age_5yrbands_y40_44,1995,92.339
prt,sex_m,age_5yrbands_y40_44,1996,93.046
prt,sex_m,age_5yrbands_y40_44,1997,91.403
prt,sex_m,age_5yrbands_y40_44,1998,92.46
prt,sex_m,age_5yrbands_y40_44,1999,92.194
prt,sex_m,age_5yrbands_y40_44,2000,91.384
prt,sex_m,age_5yrbands_y40_44,2001,92.171
prt,sex_m,age_5yrbands_y40_44,2002,92.353
prt,sex_m,age_5yrbands_y40_44,2003,90.947
prt,sex_m,age_5yrbands_y40_44,2004,90.417
prt,sex_m,age_5yrbands_y40_44,2005,88.273
prt,sex_m,age_5yrbands_y40_44,2006,88.993
prt,sex_m,age_5yrbands_y40_44,2007,90.141
prt,sex_m,age_5yrbands_y40_44,2008,89.692
prt,sex_m,age_5yrbands_y40_44,2009,86.248
prt,sex_m,age_5yrbands_y40_44,2010,86.534
prt,sex_m,age_5yrbands_y40_44,2011,84.023
prt,sex_m,age_5yrbands_y40_44,2012,81.321
prt,sex_m,age_5yrbands_y40_44,2013,78.832
prt,sex_m,age_5yrbands_y40_44,2014,82.856
prt,sex_m,age_5yrbands_y40_44,2015,85.821
prt,sex_m,age_5yrbands_y40_44,2016,87.021
prt,sex_m,age_5yrbands_y40_44,2017,88.841
prt,sex_m,age_5yrbands_y40_44,2018,90.363
prt,sex_m,age_5yrbands_y40_44,2019,91.558
prt,sex_m,age_5yrbands_y40_44,2020,88.901
prt,sex_m,age_5yrbands_y40_44,2021,91.259
prt,sex_m,age_5yrbands_y40_44,2022,91.988
prt,sex_m,age_5yrbands_y40_44,2023,91.041
prt,sex_m,age_5yrbands_y40_44,2024,91.7
prt,sex_m,age_5yrbands_y45_49,1986,89.228
prt,sex_m,age_5yrbands_y45_49,1987,90.373
prt,sex_m,age_5yrbands_y45_49,1988,90.214
prt,sex_m,age_5yrbands_y45_49,1989,91.232
prt,sex_m,age_5yrbands_y45_49,1990,91.882
prt,sex_m,age_5yrbands_y45_49,1991,91.831
prt,sex_m,age_5yrbands_y45_49,1992,92.931
prt,sex_m,age_5yrbands_y45_49,1993,91.533
prt,sex_m,age_5yrbands_y45_49,1994,90.26
prt,sex_m,age_5yrbands_y45_49,1995,90.183
prt,sex_m,age_5yrbands_y45_49,1996,90.207
prt,sex_m,age_5yrbands_y45_49,1997,90.005
prt,sex_m,age_5yrbands_y45_49,1998,90.484
prt,sex_m,age_5yrbands_y45_49,1999,89.127
prt,sex_m,age_5yrbands_y45_49,2000,91.376
prt,sex_m,age_5yrbands_y45_49,2001,90.961
prt,sex_m,age_5yrbands_y45_49,2002,89.569
prt,sex_m,age_5yrbands_y45_49,2003,88.198
prt,sex_m,age_5yrbands_y45_49,2004,89.23
prt,sex_m,age_5yrbands_y45_49,2005,88.274
prt,sex_m,age_5yrbands_y45_49,2006,89.426
prt,sex_m,age_5yrbands_y45_49,2007,89.407
prt,sex_m,age_5yrbands_y45_49,2008,88.788
prt,sex_m,age_5yrbands_y45_49,2009,85.592
prt,sex_m,age_5yrbands_y45_49,2010,83.736
prt,sex_m,age_5yrbands_y45_49,2011,81.824
prt,sex_m,age_5yrbands_y45_49,2012,79.542
prt,sex_m,age_5yrbands_y45_49,2013,79.241
prt,sex_m,age_5yrbands_y45_49,2014,82.554
prt,sex_m,age_5yrbands_y45_49,2015,82.202
prt,sex_m,age_5yrbands_y45_49,2016,83.871
prt,sex_m,age_5yrbands_y45_49,2017,87.422
prt,sex_m,age_5yrbands_y45_49,2018,88.202
prt,sex_m,age_5yrbands_y45_49,2019,88.343
prt,sex_m,age_5yrbands_y45_49,2020,89.749
prt,sex_m,age_5yrbands_y45_49,2021,90.804
prt,sex_m,age_5yrbands_y45_49,2022,90.806
prt,sex_m,age_5yrbands_y45_49,2023,90.808
prt,sex_m,age_5yrbands_y45_49,2024,90.7
prt,sex_m,age_5yrbands_y50_54,1986,82.138
prt,sex_m,age_5yrbands_y50_54,1987,83.016
prt,sex_m,age_5yrbands_y50_54,1988,83.776
prt,sex_m,age_5yrbands_y50_54,1989,85.335
prt,sex_m,age_5yrbands_y50_54,1990,84.726
prt,sex_m,age_5yrbands_y50_54,1991,86.942
prt,sex_m,age_5yrbands_y50_54,1992,84.799
prt,sex_m,age_5yrbands_y50_54,1993,82.849
prt,sex_m,age_5yrbands_y50_54,1994,83.693
prt,sex_m,age_5yrbands_y50_54,1995,82.583
prt,sex_m,age_5yrbands_y50_54,1996,83.557
prt,sex_m,age_5yrbands_y50_54,1997,83.666
prt,sex_m,age_5yrbands_y50_54,1998,85.034
prt,sex_m,age_5yrbands_y50_54,1999,85.233
prt,sex_m,age_5yrbands_y50_54,2000,84.848
prt,sex_m,age_5yrbands_y50_54,2001,85.437
prt,sex_m,age_5yrbands_y50_54,2002,84.914
prt,sex_m,age_5yrbands_y50_54,2003,84.109
prt,sex_m,age_5yrbands_y50_54,2004,82.174
prt,sex_m,age_5yrbands_y50_54,2005,81.04
prt,sex_m,age_5yrbands_y50_54,2006,82.353
prt,sex_m,age_5yrbands_y50_54,2007,82.457
prt,sex_m,age_5yrbands_y50_54,2008,84.592
prt,sex_m,age_5yrbands_y50_54,2009,82.303
prt,sex_m,age_5yrbands_y50_54,2010,81.74
prt,sex_m,age_5yrbands_y50_54,2011,78.268
prt,sex_m,age_5yrbands_y50_54,2012,77.31
prt,sex_m,age_5yrbands_y50_54,2013,74.715
prt,sex_m,age_5yrbands_y50_54,2014,75.915
prt,sex_m,age_5yrbands_y50_54,2015,79.168
prt,sex_m,age_5yrbands_y50_54,2016,79.632
prt,sex_m,age_5yrbands_y50_54,2017,82.607
prt,sex_m,age_5yrbands_y50_54,2018,84.615
prt,sex_m,age_5yrbands_y50_54,2019,85.646
prt,sex_m,age_5yrbands_y50_54,2020,87.915
prt,sex_m,age_5yrbands_y50_54,2021,87.946
prt,sex_m,age_5yrbands_y50_54,2022,89.718
prt,sex_m,age_5yrbands_y50_54,2023,88.42
prt,sex_m,age_5yrbands_y50_54,2024,89.2
prt,sex_m,age_5yrbands_y55_59,1986,72.152
prt,sex_m,age_5yrbands_y55_59,1987,69.277
prt,sex_m,age_5yrbands_y55_59,1988,69.903
prt,sex_m,age_5yrbands_y55_59,1989,72.464
prt,sex_m,age_5yrbands_y55_59,1990,73.49
prt,sex_m,age_5yrbands_y55_59,1991,74.052
prt,sex_m,age_5yrbands_y55_59,1992,68.818
prt,sex_m,age_5yrbands_y55_59,1993,68.889
prt,sex_m,age_5yrbands_y55_59,1994,68.935
prt,sex_m,age_5yrbands_y55_59,1995,66.071
prt,sex_m,age_5yrbands_y55_59,1996,66.675
prt,sex_m,age_5yrbands_y55_59,1997,65.736
prt,sex_m,age_5yrbands_y55_59,1998,74.094
prt,sex_m,age_5yrbands_y55_59,1999,71.4
prt,sex_m,age_5yrbands_y55_59,2000,70.176
prt,sex_m,age_5yrbands_y55_59,2001,69.485
prt,sex_m,age_5yrbands_y55_59,2002,71.944
prt,sex_m,age_5yrbands_y55_59,2003,71.022
prt,sex_m,age_5yrbands_y55_59,2004,66.182
prt,sex_m,age_5yrbands_y55_59,2005,66.995
prt,sex_m,age_5yrbands_y55_59,2006,65.848
prt,sex_m,age_5yrbands_y55_59,2007,65.902
prt,sex_m,age_5yrbands_y55_59,2008,66.596
prt,sex_m,age_5yrbands_y55_59,2009,67.071
prt,sex_m,age_5yrbands_y55_59,2010,65.227
prt,sex_m,age_5yrbands_y55_59,2011,64.755
prt,sex_m,age_5yrbands_y55_59,2012,61.702
prt,sex_m,age_5yrbands_y55_59,2013,64.44
prt,sex_m,age_5yrbands_y55_59,2014,65.371
prt,sex_m,age_5yrbands_y55_59,2015,66.831
prt,sex_m,age_5yrbands_y55_59,2016,69.633
prt,sex_m,age_5yrbands_y55_59,2017,73.988
prt,sex_m,age_5yrbands_y55_59,2018,76.8
prt,sex_m,age_5yrbands_y55_59,2019,78.9
prt,sex_m,age_5yrbands_y55_59,2020,77.414
prt,sex_m,age_5yrbands_y55_59,2021,80.159
prt,sex_m,age_5yrbands_y55_59,2022,80.831
prt,sex_m,age_5yrbands_y55_59,2023,80.443
prt,sex_m,age_5yrbands_y55_59,2024,81.6
prt,sex_m,age_5yrbands_y60_64,1986,53.548
prt,sex_m,age_5yrbands_y60_64,1987,53.623
prt,sex_m,age_5yrbands_y60_64,1988,53.669
prt,sex_m,age_5yrbands_y60_64,1989,53.684
prt,sex_m,age_5yrbands_y60_64,1990,54.195
prt,sex_m,age_5yrbands_y60_64,1991,58.434
prt,sex_m,age_5yrbands_y60_64,1992,55.382
prt,sex_m,age_5yrbands_y60_64,1993,51.309
prt,sex_m,age_5yrbands_y60_64,1994,52.221
prt,sex_m,age_5yrbands_y60_64,1995,51.048
prt,sex_m,age_5yrbands_y60_64,1996,49.714
prt,sex_m,age_5yrbands_y60_64,1997,50.349
prt,sex_m,age_5yrbands_y60_64,1998,54.199
prt,sex_m,age_5yrbands_y60_64,1999,52.74
prt,sex_m,age_5yrbands_y60_64,2000,54.045
prt,sex_m,age_5yrbands_y60_64,2001,54.633
prt,sex_m,age_5yrbands_y60_64,2002,53.288
prt,sex_m,age_5yrbands_y60_64,2003,52.553
prt,sex_m,age_5yrbands_y60_64,2004,50.579
prt,sex_m,age_5yrbands_y60_64,2005,47.692
prt,sex_m,age_5yrbands_y60_64,2006,49.192
prt,sex_m,age_5yrbands_y60_64,2007,50.153
prt,sex_m,age_5yrbands_y60_64,2008,48.798
prt,sex_m,age_5yrbands_y60_64,2009,46.614
prt,sex_m,age_5yrbands_y60_64,2010,45.386
prt,sex_m,age_5yrbands_y60_64,2011,43.078
prt,sex_m,age_5yrbands_y60_64,2012,41.184
prt,sex_m,age_5yrbands_y60_64,2013,42.02
prt,sex_m,age_5yrbands_y60_64,2014,42.669
prt,sex_m,age_5yrbands_y60_64,2015,44.291
prt,sex_m,age_5yrbands_y60_64,2016,46.142
prt,sex_m,age_5yrbands_y60_64,2017,50.925
prt,sex_m,age_5yrbands_y60_64,2018,50.958
prt,sex_m,age_5yrbands_y60_64,2019,52.472
prt,sex_m,age_5yrbands_y60_64,2020,51.842
prt,sex_m,age_5yrbands_y60_64,2021,54.541
prt,sex_m,age_5yrbands_y60_64,2022,59.412
prt,sex_m,age_5yrbands_y60_64,2023,60.112
prt,sex_m,age_5yrbands_y60_64,2024,61.6
prt,sex_m,age_5yrbands_yge65,1986,18.673
prt,sex_m,age_5yrbands_yge65,1987,19.321
prt,sex_m,age_5yrbands_yge65,1988,19.938
prt,sex_m,age_5yrbands_yge65,1989,20.751
prt,sex_m,age_5yrbands_yge65,1990,19.674
prt,sex_m,age_5yrbands_yge65,1991,22.106
prt,sex_m,age_5yrbands_yge65,1992,19.004
prt,sex_m,age_5yrbands_yge65,1993,19.637
prt,sex_m,age_5yrbands_yge65,1994,20.477
prt,sex_m,age_5yrbands_yge65,1995,21.575
prt,sex_m,age_5yrbands_yge65,1996,22.787
prt,sex_m,age_5yrbands_yge65,1997,23.34
prt,sex_m,age_5yrbands_yge65,1998,24.738
prt,sex_m,age_5yrbands_yge65,1999,23.852
prt,sex_m,age_5yrbands_yge65,2000,25.244
prt,sex_m,age_5yrbands_yge65,2001,26.197
prt,sex_m,age_5yrbands_yge65,2002,26.135
prt,sex_m,age_5yrbands_yge65,2003,25.619
prt,sex_m,age_5yrbands_yge65,2004,25.655
prt,sex_m,age_5yrbands_yge65,2005,24.541
prt,sex_m,age_5yrbands_yge65,2006,24.464
prt,sex_m,age_5yrbands_yge65,2007,24.01
prt,sex_m,age_5yrbands_yge65,2008,23.343
prt,sex_m,age_5yrbands_yge65,2009,22.168
prt,sex_m,age_5yrbands_yge65,2010,22.131
prt,sex_m,age_5yrbands_yge65,2011,21.794
prt,sex_m,age_5yrbands_yge65,2012,21.627
prt,sex_m,age_5yrbands_yge65,2013,20.063
prt,sex_m,age_5yrbands_yge65,2014,17.904
prt,sex_m,age_5yrbands_yge65,2015,17.292
prt,sex_m,age_5yrbands_yge65,2016,16.865
prt,sex_m,age_5yrbands_yge65,2017,17.23
prt,sex_m,age_5yrbands_yge65,2018,17.151
prt,sex_m,age_5yrbands_yge65,2019,17.11
prt,sex_m,age_5yrbands_yge65,2020,17.001
prt,sex_m,age_5yrbands_yge65,2021,10.992
prt,sex_m,age_5yrbands_yge65,2022,12.511
prt,sex_m,age_5yrbands_yge65,2023,12.513
prt,sex_m,age_5yrbands_yge65,2024,11.7
prt,sex_m,age_aggregate_total,1986,68.468
prt,sex_m,age_aggregate_total,1987,68.203
prt,sex_m,age_aggregate_total,1988,68.837
prt,sex_m,age_aggregate_total,1989,69.766
prt,sex_m,age_aggregate_total,1990,69.349
prt,sex_m,age_aggregate_total,1991,70.723
prt,sex_m,age_aggregate_total,1992,68.445
prt,sex_m,age_aggregate_total,1993,66.214
prt,sex_m,age_aggregate_total,1994,64.481
prt,sex_m,age_aggregate_total,1995,63.45
prt,sex_m,age_aggregate_total,1996,62.85
prt,sex_m,age_aggregate_total,1997,63.232
prt,sex_m,age_aggregate_total,1998,67.547
prt,sex_m,age_aggregate_total,1999,66.965
prt,sex_m,age_aggregate_total,2000,67.597
prt,sex_m,age_aggregate_total,2001,68.188
prt,sex_m,age_aggregate_total,2002,68.063
prt,sex_m,age_aggregate_total,2003,66.338
prt,sex_m,age_aggregate_total,2004,65.624
prt,sex_m,age_aggregate_total,2005,64.516
prt,sex_m,age_aggregate_total,2006,64.75
prt,sex_m,age_aggregate_total,2007,64.568
prt,sex_m,age_aggregate_total,2008,64.456
prt,sex_m,age_aggregate_total,2009,61.731
prt,sex_m,age_aggregate_total,2010,60.653
prt,sex_m,age_aggregate_total,2011,58.673
prt,sex_m,age_aggregate_total,2012,55.915
prt,sex_m,age_aggregate_total,2013,54.533
prt,sex_m,age_aggregate_total,2014,55.682
prt,sex_m,age_aggregate_total,2015,56.217
prt,sex_m,age_aggregate_total,2016,56.926
prt,sex_m,age_aggregate_total,2017,58.96
prt,sex_m,age_aggregate_total,2018,59.974
prt,sex_m,age_aggregate_total,2019,60.271
prt,sex_m,age_aggregate_total,2020,58.355
prt,sex_m,age_aggregate_total,2021,57.233
prt,sex_m,age_aggregate_total,2022,58.628
prt,sex_m,age_aggregate_total,2023,59.032
prt,sex_m,age_aggregate_total,2024,59
prt,sex_m,age_aggregate_y15_24,1986,58.316
prt,sex_m,age_aggregate_y15_24,1987,59.026
prt,sex_m,age_aggregate_y15_24,1988,60.313
prt,sex_m,age_aggregate_y15_24,1989,60.356
prt,sex_m,age_aggregate_y15_24,1990,58.728
prt,sex_m,age_aggregate_y15_24,1991,58.379
prt,sex_m,age_aggregate_y15_24,1992,51.292
prt,sex_m,age_aggregate_y15_24,1993,46.845
prt,sex_m,age_aggregate_y15_24,1994,42.77
prt,sex_m,age_aggregate_y15_24,1995,40.053
prt,sex_m,age_aggregate_y15_24,1996,39.448
prt,sex_m,age_aggregate_y15_24,1997,43.122
prt,sex_m,age_aggregate_y15_24,1998,46.508
prt,sex_m,age_aggregate_y15_24,1999,46.615
prt,sex_m,age_aggregate_y15_24,2000,46.882
prt,sex_m,age_aggregate_y15_24,2001,48.1
prt,sex_m,age_aggregate_y15_24,2002,47.571
prt,sex_m,age_aggregate_y15_24,2003,43.05
prt,sex_m,age_aggregate_y15_24,2004,41.211
prt,sex_m,age_aggregate_y15_24,2005,39.623
prt,sex_m,age_aggregate_y15_24,2006,38.734
prt,sex_m,age_aggregate_y15_24,2007,38.524
prt,sex_m,age_aggregate_y15_24,2008,37.679
prt,sex_m,age_aggregate_y15_24,2009,32.465
prt,sex_m,age_aggregate_y15_24,2010,29.748
prt,sex_m,age_aggregate_y15_24,2011,28.569
prt,sex_m,age_aggregate_y15_24,2012,24.618
prt,sex_m,age_aggregate_y15_24,2013,22.709
prt,sex_m,age_aggregate_y15_24,2014,22.853
prt,sex_m,age_aggregate_y15_24,2015,24.135
prt,sex_m,age_aggregate_y15_24,2016,25.571
prt,sex_m,age_aggregate_y15_24,2017,27.503
prt,sex_m,age_aggregate_y15_24,2018,29.264
prt,sex_m,age_aggregate_y15_24,2019,30.324
prt,sex_m,age_aggregate_y15_24,2020,25.578
prt,sex_m,age_aggregate_y15_24,2021,26.14
prt,sex_m,age_aggregate_y15_24,2022,27.656
prt,sex_m,age_aggregate_y15_24,2023,29.536
prt,sex_m,age_aggregate_y15_24,2024,28.7
prt,sex_m,age_aggregate_y25_54,1986,88.999
prt,sex_m,age_aggregate_y25_54,1987,89.881
prt,sex_m,age_aggregate_y25_54,1988,90.876
prt,sex_m,age_aggregate_y25_54,1989,91.7
prt,sex_m,age_aggregate_y25_54,1990,91.74
prt,sex_m,age_aggregate_y25_54,1991,92.52
prt,sex_m,age_aggregate_y25_54,1992,91.909
prt,sex_m,age_aggregate_y25_54,1993,90.592
prt,sex_m,age_aggregate_y25_54,1994,89.174
prt,sex_m,age_aggregate_y25_54,1995,88.635
prt,sex_m,age_aggregate_y25_54,1996,88.539
prt,sex_m,age_aggregate_y25_54,1997,88.041
prt,sex_m,age_aggregate_y25_54,1998,89.958
prt,sex_m,age_aggregate_y25_54,1999,89.472
prt,sex_m,age_aggregate_y25_54,2000,89.905
prt,sex_m,age_aggregate_y25_54,2001,90.135
prt,sex_m,age_aggregate_y25_54,2002,89.614
prt,sex_m,age_aggregate_y25_54,2003,87.91
prt,sex_m,age_aggregate_y25_54,2004,87.887
prt,sex_m,age_aggregate_y25_54,2005,86.822
prt,sex_m,age_aggregate_y25_54,2006,87.487
prt,sex_m,age_aggregate_y25_54,2007,87.226
prt,sex_m,age_aggregate_y25_54,2008,87.638
prt,sex_m,age_aggregate_y25_54,2009,84.656
prt,sex_m,age_aggregate_y25_54,2010,84.078
prt,sex_m,age_aggregate_y25_54,2011,81.704
prt,sex_m,age_aggregate_y25_54,2012,78.642
prt,sex_m,age_aggregate_y25_54,2013,77.052
prt,sex_m,age_aggregate_y25_54,2014,80.526
prt,sex_m,age_aggregate_y25_54,2015,81.763
prt,sex_m,age_aggregate_y25_54,2016,82.9
prt,sex_m,age_aggregate_y25_54,2017,85.516
prt,sex_m,age_aggregate_y25_54,2018,87.376
prt,sex_m,age_aggregate_y25_54,2019,87.98
prt,sex_m,age_aggregate_y25_54,2020,86.518
prt,sex_m,age_aggregate_y25_54,2021,86.793
prt,sex_m,age_aggregate_y25_54,2022,88.129
prt,sex_m,age_aggregate_y25_54,2023,88.76
prt,sex_m,age_aggregate_y25_54,2024,89.337
prt,sex_m,age_aggregate_y55_64,1986,63.097
prt,sex_m,age_aggregate_y55_64,1987,61.767
prt,sex_m,age_aggregate_y55_64,1988,62.206
prt,sex_m,age_aggregate_y55_64,1989,63.462
prt,sex_m,age_aggregate_y55_64,1990,64.63
prt,sex_m,age_aggregate_y55_64,1991,66.787
prt,sex_m,age_aggregate_y55_64,1992,62.056
prt,sex_m,age_aggregate_y55_64,1993,60.092
prt,sex_m,age_aggregate_y55_64,1994,60.627
prt,sex_m,age_aggregate_y55_64,1995,58.915
prt,sex_m,age_aggregate_y55_64,1996,58.538
prt,sex_m,age_aggregate_y55_64,1997,58.166
prt,sex_m,age_aggregate_y55_64,1998,64.115
prt,sex_m,age_aggregate_y55_64,1999,62.045
prt,sex_m,age_aggregate_y55_64,2000,62.161
prt,sex_m,age_aggregate_y55_64,2001,62.263
prt,sex_m,age_aggregate_y55_64,2002,63.049
prt,sex_m,age_aggregate_y55_64,2003,62.357
prt,sex_m,age_aggregate_y55_64,2004,58.967
prt,sex_m,age_aggregate_y55_64,2005,58.106
prt,sex_m,age_aggregate_y55_64,2006,58.176
prt,sex_m,age_aggregate_y55_64,2007,58.66
prt,sex_m,age_aggregate_y55_64,2008,58.336
prt,sex_m,age_aggregate_y55_64,2009,57.452
prt,sex_m,age_aggregate_y55_64,2010,55.824
prt,sex_m,age_aggregate_y55_64,2011,54.375
prt,sex_m,age_aggregate_y55_64,2012,51.779
prt,sex_m,age_aggregate_y55_64,2013,53.608
prt,sex_m,age_aggregate_y55_64,2014,54.454
prt,sex_m,age_aggregate_y55_64,2015,56.023
prt,sex_m,age_aggregate_y55_64,2016,58.444
prt,sex_m,age_aggregate_y55_64,2017,63.041
prt,sex_m,age_aggregate_y55_64,2018,64.485
prt,sex_m,age_aggregate_y55_64,2019,66.246
prt,sex_m,age_aggregate_y55_64,2020,65.089
prt,sex_m,age_aggregate_y55_64,2021,67.699
prt,sex_m,age_aggregate_y55_64,2022,70.342
prt,sex_m,age_aggregate_y55_64,2023,70.45
prt,sex_m,age_aggregate_y55_64,2024,71.8
prt,sex_m,age_aggregate_yge65,1986,18.673
prt,sex_m,age_aggregate_yge65,1987,19.321
prt,sex_m,age_aggregate_yge65,1988,19.938
prt,sex_m,age_aggregate_yge65,1989,20.751
prt,sex_m,age_aggregate_yge65,1990,19.674
prt,sex_m,age_aggregate_yge65,1991,22.106
prt,sex_m,age_aggregate_yge65,1992,19.004
prt,sex_m,age_aggregate_yge65,1993,19.637
prt,sex_m,age_aggregate_yge65,1994,20.477
prt,sex_m,age_aggregate_yge65,1995,21.575
prt,sex_m,age_aggregate_yge65,1996,22.787
prt,sex_m,age_aggregate_yge65,1997,23.34
prt,sex_m,age_aggregate_yge65,1998,24.738
prt,sex_m,age_aggregate_yge65,1999,23.852
prt,sex_m,age_aggregate_yge65,2000,25.244
prt,sex_m,age_aggregate_yge65,2001,26.197
prt,sex_m,age_aggregate_yge65,2002,26.135
prt,sex_m,age_aggregate_yge65,2003,25.619
prt,sex_m,age_aggregate_yge65,2004,25.655
prt,sex_m,age_aggregate_yge65,2005,24.541
prt,sex_m,age_aggregate_yge65,2006,24.464
prt,sex_m,age_aggregate_yge65,2007,24.01
prt,sex_m,age_aggregate_yge65,2008,23.343
prt,sex_m,age_aggregate_yge65,2009,22.168
prt,sex_m,age_aggregate_yge65,2010,22.131
prt,sex_m,age_aggregate_yge65,2011,21.794
prt,sex_m,age_aggregate_yge65,2012,21.627
prt,sex_m,age_aggregate_yge65,2013,20.063
prt,sex_m,age_aggregate_yge65,2014,17.904
prt,sex_m,age_aggregate_yge65,2015,17.292
prt,sex_m,age_aggregate_yge65,2016,16.865
prt,sex_m,age_aggregate_yge65,2017,17.23
prt,sex_m,age_aggregate_yge65,2018,17.151
prt,sex_m,age_aggregate_yge65,2019,17.11
prt,sex_m,age_aggregate_yge65,2020,17.001
prt,sex_m,age_aggregate_yge65,2021,10.992
prt,sex_m,age_aggregate_yge65,2022,12.511
prt,sex_m,age_aggregate_yge65,2023,12.513
prt,sex_m,age_aggregate_yge65,2024,11.7
prt,sex_m,age_ythadult_y15_24,1986,58.316
prt,sex_m,age_ythadult_y15_24,1987,59.026
prt,sex_m,age_ythadult_y15_24,1988,60.313
prt,sex_m,age_ythadult_y15_24,1989,60.356
prt,sex_m,age_ythadult_y15_24,1990,58.728
prt,sex_m,age_ythadult_y15_24,1991,58.379
prt,sex_m,age_ythadult_y15_24,1992,51.292
prt,sex_m,age_ythadult_y15_24,1993,46.845
prt,sex_m,age_ythadult_y15_24,1994,42.77
prt,sex_m,age_ythadult_y15_24,1995,40.053
prt,sex_m,age_ythadult_y15_24,1996,39.448
prt,sex_m,age_ythadult_y15_24,1997,43.122
prt,sex_m,age_ythadult_y15_24,1998,46.508
prt,sex_m,age_ythadult_y15_24,1999,46.615
prt,sex_m,age_ythadult_y15_24,2000,46.882
prt,sex_m,age_ythadult_y15_24,2001,48.1
prt,sex_m,age_ythadult_y15_24,2002,47.571
prt,sex_m,age_ythadult_y15_24,2003,43.05
prt,sex_m,age_ythadult_y15_24,2004,41.211
prt,sex_m,age_ythadult_y15_24,2005,39.623
prt,sex_m,age_ythadult_y15_24,2006,38.734
prt,sex_m,age_ythadult_y15_24,2007,38.524
prt,sex_m,age_ythadult_y15_24,2008,37.679
prt,sex_m,age_ythadult_y15_24,2009,32.465
prt,sex_m,age_ythadult_y15_24,2010,29.748
prt,sex_m,age_ythadult_y15_24,2011,28.569
prt,sex_m,age_ythadult_y15_24,2012,24.618
prt,sex_m,age_ythadult_y15_24,2013,22.709
prt,sex_m,age_ythadult_y15_24,2014,22.853
prt,sex_m,age_ythadult_y15_24,2015,24.135
prt,sex_m,age_ythadult_y15_24,2016,25.571
prt,sex_m,age_ythadult_y15_24,2017,27.503
prt,sex_m,age_ythadult_y15_24,2018,29.264
prt,sex_m,age_ythadult_y15_24,2019,30.324
prt,sex_m,age_ythadult_y15_24,2020,25.578
prt,sex_m,age_ythadult_y15_24,2021,26.14
prt,sex_m,age_ythadult_y15_24,2022,27.656
prt,sex_m,age_ythadult_y15_24,2023,29.536
prt,sex_m,age_ythadult_y15_24,2024,28.7
prt,sex_m,age_ythadult_y15_64,1986,76.905
prt,sex_m,age_ythadult_y15_64,1987,77.169
prt,sex_m,age_ythadult_y15_64,1988,77.976
prt,sex_m,age_ythadult_y15_64,1989,78.944
prt,sex_m,age_ythadult_y15_64,1990,78.593
prt,sex_m,age_ythadult_y15_64,1991,79.783
prt,sex_m,age_ythadult_y15_64,1992,77.186
prt,sex_m,age_ythadult_y15_64,1993,74.613
prt,sex_m,age_ythadult_y15_64,1994,72.478
prt,sex_m,age_ythadult_y15_64,1995,71.205
prt,sex_m,age_ythadult_y15_64,1996,70.983
prt,sex_m,age_ythadult_y15_64,1997,71.945
prt,sex_m,age_ythadult_y15_64,1998,76.031
prt,sex_m,age_ythadult_y15_64,1999,75.604
prt,sex_m,age_ythadult_y15_64,2000,76.206
prt,sex_m,age_ythadult_y15_64,2001,76.893
prt,sex_m,age_ythadult_y15_64,2002,76.858
prt,sex_m,age_ythadult_y15_64,2003,75.016
prt,sex_m,age_ythadult_y15_64,2004,74.251
prt,sex_m,age_ythadult_y15_64,2005,73.262
prt,sex_m,age_ythadult_y15_64,2006,73.668
prt,sex_m,age_ythadult_y15_64,2007,73.637
prt,sex_m,age_ythadult_y15_64,2008,73.788
prt,sex_m,age_ythadult_y15_64,2009,70.849
prt,sex_m,age_ythadult_y15_64,2010,69.752
prt,sex_m,age_ythadult_y15_64,2011,67.707
prt,sex_m,age_ythadult_y15_64,2012,64.498
prt,sex_m,age_ythadult_y15_64,2013,63.407
prt,sex_m,age_ythadult_y15_64,2014,65.708
prt,sex_m,age_ythadult_y15_64,2015,66.863
prt,sex_m,age_ythadult_y15_64,2016,68.185
prt,sex_m,age_ythadult_y15_64,2017,70.982
prt,sex_m,age_ythadult_y15_64,2018,72.644
prt,sex_m,age_ythadult_y15_64,2019,73.481
prt,sex_m,age_ythadult_y15_64,2020,71.434
prt,sex_m,age_ythadult_y15_64,2021,72.218
prt,sex_m,age_ythadult_y15_64,2022,73.896
prt,sex_m,age_ythadult_y15_64,2023,74.733
prt,sex_m,age_ythadult_y15_64,2024,75.3
prt,sex_m,age_ythadult_yge15,1978,75.14
prt,sex_m,age_ythadult_yge15,1979,75.95
prt,sex_m,age_ythadult_yge15,1980,75.05
prt,sex_m,age_ythadult_yge15,1981,75.46
prt,sex_m,age_ythadult_yge15,1982,74.21
prt,sex_m,age_ythadult_yge15,1984,74.33
prt,sex_m,age_ythadult_yge15,1985,68.57
prt,sex_m,age_ythadult_yge15,1986,68.468
prt,sex_m,age_ythadult_yge15,1987,68.203
prt,sex_m,age_ythadult_yge15,1988,68.837
prt,sex_m,age_ythadult_yge15,1989,69.766
prt,sex_m,age_ythadult_yge15,1990,69.349
prt,sex_m,age_ythadult_yge15,1991,70.723
prt,sex_m,age_ythadult_yge15,1992,68.445
prt,sex_m,age_ythadult_yge15,1993,66.214
prt,sex_m,age_ythadult_yge15,1994,64.481
prt,sex_m,age_ythadult_yge15,1995,63.45
prt,sex_m,age_ythadult_yge15,1996,62.85
prt,sex_m,age_ythadult_yge15,1997,63.232
prt,sex_m,age_ythadult_yge15,1998,67.547
prt,sex_m,age_ythadult_yge15,1999,66.965
prt,sex_m,age_ythadult_yge15,2000,67.597
prt,sex_m,age_ythadult_yge15,2001,68.188
prt,sex_m,age_ythadult_yge15,2002,68.063
prt,sex_m,age_ythadult_yge15,2003,66.338
prt,sex_m,age_ythadult_yge15,2004,65.624
prt,sex_m,age_ythadult_yge15,2005,64.516
prt,sex_m,age_ythadult_yge15,2006,64.75
prt,sex_m,age_ythadult_yge15,2007,64.568
prt,sex_m,age_ythadult_yge15,2008,64.456
prt,sex_m,age_ythadult_yge15,2009,61.731
prt,sex_m,age_ythadult_yge15,2010,60.653
prt,sex_m,age_ythadult_yge15,2011,58.673
prt,sex_m,age_ythadult_yge15,2012,55.915
prt,sex_m,age_ythadult_yge15,2013,54.533
prt,sex_m,age_ythadult_yge15,2014,55.682
prt,sex_m,age_ythadult_yge15,2015,56.217
prt,sex_m,age_ythadult_yge15,2016,56.926
prt,sex_m,age_ythadult_yge15,2017,58.96
prt,sex_m,age_ythadult_yge15,2018,59.974
prt,sex_m,age_ythadult_yge15,2019,60.271
prt,sex_m,age_ythadult_yge15,2020,58.355
prt,sex_m,age_ythadult_yge15,2021,57.233
prt,sex_m,age_ythadult_yge15,2022,58.628
prt,sex_m,age_ythadult_yge15,2023,59.032
prt,sex_m,age_ythadult_yge15,2024,59
prt,sex_m,age_ythadult_yge25,1986,71.285
prt,sex_m,age_ythadult_yge25,1987,70.733
prt,sex_m,age_ythadult_yge25,1988,71.18
prt,sex_m,age_ythadult_yge25,1989,72.257
prt,sex_m,age_ythadult_yge25,1990,72.234
prt,sex_m,age_ythadult_yge25,1991,73.943
prt,sex_m,age_ythadult_yge25,1992,72.9
prt,sex_m,age_ythadult_yge25,1993,71.463
prt,sex_m,age_ythadult_yge25,1994,70.515
prt,sex_m,age_ythadult_yge25,1995,69.856
prt,sex_m,age_ythadult_yge25,1996,69.095
prt,sex_m,age_ythadult_yge25,1997,68.286
prt,sex_m,age_ythadult_yge25,1998,72.53
prt,sex_m,age_ythadult_yge25,1999,71.686
prt,sex_m,age_ythadult_yge25,2000,72.225
prt,sex_m,age_ythadult_yge25,2001,72.507
prt,sex_m,age_ythadult_yge25,2002,72.284
prt,sex_m,age_ythadult_yge25,2003,70.912
prt,sex_m,age_ythadult_yge25,2004,70.28
prt,sex_m,age_ythadult_yge25,2005,69.108
prt,sex_m,age_ythadult_yge25,2006,69.391
prt,sex_m,age_ythadult_yge25,2007,69.081
prt,sex_m,age_ythadult_yge25,2008,68.967
prt,sex_m,age_ythadult_yge25,2009,66.55
prt,sex_m,age_ythadult_yge25,2010,65.629
prt,sex_m,age_ythadult_yge25,2011,63.447
prt,sex_m,age_ythadult_yge25,2012,60.839
prt,sex_m,age_ythadult_yge25,2013,59.505
prt,sex_m,age_ythadult_yge25,2014,60.795
prt,sex_m,age_ythadult_yge25,2015,61.213
prt,sex_m,age_ythadult_yge25,2016,61.803
prt,sex_m,age_ythadult_yge25,2017,63.839
prt,sex_m,age_ythadult_yge25,2018,64.714
prt,sex_m,age_ythadult_yge25,2019,64.854
prt,sex_m,age_ythadult_yge25,2020,63.336
prt,sex_m,age_ythadult_yge25,2021,61.922
prt,sex_m,age_ythadult_yge25,2022,63.245
prt,sex_m,age_ythadult_yge25,2023,63.349
prt,sex_m,age_ythadult_yge25,2024,63.4
prt,sex_t,age_10yrbands_total,1986,53.51
prt,sex_t,age_10yrbands_total,1987,54.258
prt,sex_t,age_10yrbands_total,1988,54.942
prt,sex_t,age_10yrbands_total,1989,55.893
prt,sex_t,age_10yrbands_total,1990,56.131
prt,sex_t,age_10yrbands_total,1991,58.163
prt,sex_t,age_10yrbands_total,1992,57.052
prt,sex_t,age_10yrbands_total,1993,55.685
prt,sex_t,age_10yrbands_total,1994,54.527
prt,sex_t,age_10yrbands_total,1995,54.03
prt,sex_t,age_10yrbands_total,1996,53.511
prt,sex_t,age_10yrbands_total,1997,53.947
prt,sex_t,age_10yrbands_total,1998,57.778
prt,sex_t,age_10yrbands_total,1999,57.883
prt,sex_t,age_10yrbands_total,2000,58.487
prt,sex_t,age_10yrbands_total,2001,59.076
prt,sex_t,age_10yrbands_total,2002,59.224
prt,sex_t,age_10yrbands_total,2003,58.184
prt,sex_t,age_10yrbands_total,2004,57.632
prt,sex_t,age_10yrbands_total,2005,57.171
prt,sex_t,age_10yrbands_total,2006,57.316
prt,sex_t,age_10yrbands_total,2007,57.25
prt,sex_t,age_10yrbands_total,2008,57.344
prt,sex_t,age_10yrbands_total,2009,55.568
prt,sex_t,age_10yrbands_total,2010,54.631
prt,sex_t,age_10yrbands_total,2011,52.695
prt,sex_t,age_10yrbands_total,2012,50.724
prt,sex_t,age_10yrbands_total,2013,49.562
prt,sex_t,age_10yrbands_total,2014,50.548
prt,sex_t,age_10yrbands_total,2015,51.231
prt,sex_t,age_10yrbands_total,2016,51.895
prt,sex_t,age_10yrbands_total,2017,53.619
prt,sex_t,age_10yrbands_total,2018,54.819
prt,sex_t,age_10yrbands_total,2019,55.138
prt,sex_t,age_10yrbands_total,2020,53.566
prt,sex_t,age_10yrbands_total,2021,52.947
prt,sex_t,age_10yrbands_total,2022,54.22
prt,sex_t,age_10yrbands_total,2023,54.873
prt,sex_t,age_10yrbands_total,2024,54.9
prt,sex_t,age_10yrbands_y15_24,1986,48.85
prt,sex_t,age_10yrbands_y15_24,1987,50.713
prt,sex_t,age_10yrbands_y15_24,1988,51.933
prt,sex_t,age_10yrbands_y15_24,1989,52.51
prt,sex_t,age_10yrbands_y15_24,1990,52.367
prt,sex_t,age_10yrbands_y15_24,1991,51.671
prt,sex_t,age_10yrbands_y15_24,1992,46.023
prt,sex_t,age_10yrbands_y15_24,1993,41.748
prt,sex_t,age_10yrbands_y15_24,1994,38.654
prt,sex_t,age_10yrbands_y15_24,1995,36.245
prt,sex_t,age_10yrbands_y15_24,1996,35.132
prt,sex_t,age_10yrbands_y15_24,1997,37.916
prt,sex_t,age_10yrbands_y15_24,1998,42.612
prt,sex_t,age_10yrbands_y15_24,1999,42.081
prt,sex_t,age_10yrbands_y15_24,2000,41.091
prt,sex_t,age_10yrbands_y15_24,2001,42.376
prt,sex_t,age_10yrbands_y15_24,2002,42.189
prt,sex_t,age_10yrbands_y15_24,2003,38.795
prt,sex_t,age_10yrbands_y15_24,2004,36.646
prt,sex_t,age_10yrbands_y15_24,2005,35.287
prt,sex_t,age_10yrbands_y15_24,2006,34.779
prt,sex_t,age_10yrbands_y15_24,2007,34.415
prt,sex_t,age_10yrbands_y15_24,2008,34.077
prt,sex_t,age_10yrbands_y15_24,2009,30.838
prt,sex_t,age_10yrbands_y15_24,2010,27.9
prt,sex_t,age_10yrbands_y15_24,2011,26.568
prt,sex_t,age_10yrbands_y15_24,2012,22.912
prt,sex_t,age_10yrbands_y15_24,2013,21.521
prt,sex_t,age_10yrbands_y15_24,2014,22.493
prt,sex_t,age_10yrbands_y15_24,2015,22.946
prt,sex_t,age_10yrbands_y15_24,2016,24.067
prt,sex_t,age_10yrbands_y15_24,2017,25.955
prt,sex_t,age_10yrbands_y15_24,2018,27.327
prt,sex_t,age_10yrbands_y15_24,2019,27.992
prt,sex_t,age_10yrbands_y15_24,2020,23.606
prt,sex_t,age_10yrbands_y15_24,2021,23.016
prt,sex_t,age_10yrbands_y15_24,2022,25.358
prt,sex_t,age_10yrbands_y15_24,2023,28.135
prt,sex_t,age_10yrbands_y15_24,2024,27.2
prt,sex_t,age_10yrbands_y25_34,1986,75.478
prt,sex_t,age_10yrbands_y25_34,1987,77.35
prt,sex_t,age_10yrbands_y25_34,1988,78.42
prt,sex_t,age_10yrbands_y25_34,1989,80.266
prt,sex_t,age_10yrbands_y25_34,1990,81.153
prt,sex_t,age_10yrbands_y25_34,1991,82.878
prt,sex_t,age_10yrbands_y25_34,1992,82.143
prt,sex_t,age_10yrbands_y25_34,1993,81.241
prt,sex_t,age_10yrbands_y25_34,1994,79.331
prt,sex_t,age_10yrbands_y25_34,1995,78.979
prt,sex_t,age_10yrbands_y25_34,1996,79.445
prt,sex_t,age_10yrbands_y25_34,1997,80.355
prt,sex_t,age_10yrbands_y25_34,1998,82.288
prt,sex_t,age_10yrbands_y25_34,1999,82.659
prt,sex_t,age_10yrbands_y25_34,2000,83.945
prt,sex_t,age_10yrbands_y25_34,2001,83.767
prt,sex_t,age_10yrbands_y25_34,2002,83.852
prt,sex_t,age_10yrbands_y25_34,2003,82.423
prt,sex_t,age_10yrbands_y25_34,2004,82.299
prt,sex_t,age_10yrbands_y25_34,2005,81.664
prt,sex_t,age_10yrbands_y25_34,2006,81.495
prt,sex_t,age_10yrbands_y25_34,2007,80.822
prt,sex_t,age_10yrbands_y25_34,2008,82.052
prt,sex_t,age_10yrbands_y25_34,2009,79.83
prt,sex_t,age_10yrbands_y25_34,2010,78.594
prt,sex_t,age_10yrbands_y25_34,2011,77.864
prt,sex_t,age_10yrbands_y25_34,2012,74.074
prt,sex_t,age_10yrbands_y25_34,2013,72.798
prt,sex_t,age_10yrbands_y25_34,2014,75.846
prt,sex_t,age_10yrbands_y25_34,2015,77.777
prt,sex_t,age_10yrbands_y25_34,2016,78.126
prt,sex_t,age_10yrbands_y25_34,2017,81.207
prt,sex_t,age_10yrbands_y25_34,2018,83.746
prt,sex_t,age_10yrbands_y25_34,2019,84.281
prt,sex_t,age_10yrbands_y25_34,2020,81.036
prt,sex_t,age_10yrbands_y25_34,2021,79.283
prt,sex_t,age_10yrbands_y25_34,2022,81.884
prt,sex_t,age_10yrbands_y25_34,2023,84.073
prt,sex_t,age_10yrbands_y25_34,2024,85.026
prt,sex_t,age_10yrbands_y35_44,1986,74.659
prt,sex_t,age_10yrbands_y35_44,1987,76.36
prt,sex_t,age_10yrbands_y35_44,1988,78.811
prt,sex_t,age_10yrbands_y35_44,1989,79.693
prt,sex_t,age_10yrbands_y35_44,1990,79.64
prt,sex_t,age_10yrbands_y35_44,1991,82.359
prt,sex_t,age_10yrbands_y35_44,1992,82.133
prt,sex_t,age_10yrbands_y35_44,1993,82.557
prt,sex_t,age_10yrbands_y35_44,1994,81.36
prt,sex_t,age_10yrbands_y35_44,1995,82.078
prt,sex_t,age_10yrbands_y35_44,1996,82.48
prt,sex_t,age_10yrbands_y35_44,1997,81.999
prt,sex_t,age_10yrbands_y35_44,1998,83.062
prt,sex_t,age_10yrbands_y35_44,1999,82.988
prt,sex_t,age_10yrbands_y35_44,2000,84.059
prt,sex_t,age_10yrbands_y35_44,2001,84.52
prt,sex_t,age_10yrbands_y35_44,2002,83.526
prt,sex_t,age_10yrbands_y35_44,2003,83.408
prt,sex_t,age_10yrbands_y35_44,2004,84.508
prt,sex_t,age_10yrbands_y35_44,2005,82.823
prt,sex_t,age_10yrbands_y35_44,2006,83.934
prt,sex_t,age_10yrbands_y35_44,2007,84.097
prt,sex_t,age_10yrbands_y35_44,2008,83.891
prt,sex_t,age_10yrbands_y35_44,2009,82.162
prt,sex_t,age_10yrbands_y35_44,2010,81.839
prt,sex_t,age_10yrbands_y35_44,2011,80.793
prt,sex_t,age_10yrbands_y35_44,2012,78.633
prt,sex_t,age_10yrbands_y35_44,2013,77.238
prt,sex_t,age_10yrbands_y35_44,2014,80.723
prt,sex_t,age_10yrbands_y35_44,2015,82.48
prt,sex_t,age_10yrbands_y35_44,2016,84.454
prt,sex_t,age_10yrbands_y35_44,2017,85.612
prt,sex_t,age_10yrbands_y35_44,2018,87.004
prt,sex_t,age_10yrbands_y35_44,2019,88.151
prt,sex_t,age_10yrbands_y35_44,2020,86.385
prt,sex_t,age_10yrbands_y35_44,2021,88.632
prt,sex_t,age_10yrbands_y35_44,2022,89.226
prt,sex_t,age_10yrbands_y35_44,2023,88.518
prt,sex_t,age_10yrbands_y35_44,2024,88.509
prt,sex_t,age_10yrbands_y45_54,1986,65.397
prt,sex_t,age_10yrbands_y45_54,1987,67.19
prt,sex_t,age_10yrbands_y45_54,1988,67.686
prt,sex_t,age_10yrbands_y45_54,1989,68.507
prt,sex_t,age_10yrbands_y45_54,1990,69.476
prt,sex_t,age_10yrbands_y45_54,1991,72.971
prt,sex_t,age_10yrbands_y45_54,1992,72.17
prt,sex_t,age_10yrbands_y45_54,1993,72.591
prt,sex_t,age_10yrbands_y45_54,1994,73.785
prt,sex_t,age_10yrbands_y45_54,1995,73.559
prt,sex_t,age_10yrbands_y45_54,1996,72.543
prt,sex_t,age_10yrbands_y45_54,1997,73.649
prt,sex_t,age_10yrbands_y45_54,1998,75.064
prt,sex_t,age_10yrbands_y45_54,1999,75.644
prt,sex_t,age_10yrbands_y45_54,2000,76.518
prt,sex_t,age_10yrbands_y45_54,2001,77.851
prt,sex_t,age_10yrbands_y45_54,2002,77.931
prt,sex_t,age_10yrbands_y45_54,2003,76.766
prt,sex_t,age_10yrbands_y45_54,2004,76.616
prt,sex_t,age_10yrbands_y45_54,2005,77.241
prt,sex_t,age_10yrbands_y45_54,2006,78.016
prt,sex_t,age_10yrbands_y45_54,2007,77.556
prt,sex_t,age_10yrbands_y45_54,2008,78.655
prt,sex_t,age_10yrbands_y45_54,2009,76.848
prt,sex_t,age_10yrbands_y45_54,2010,76.998
prt,sex_t,age_10yrbands_y45_54,2011,74.492
prt,sex_t,age_10yrbands_y45_54,2012,73.429
prt,sex_t,age_10yrbands_y45_54,2013,73.173
prt,sex_t,age_10yrbands_y45_54,2014,74.981
prt,sex_t,age_10yrbands_y45_54,2015,75.898
prt,sex_t,age_10yrbands_y45_54,2016,77.483
prt,sex_t,age_10yrbands_y45_54,2017,80.472
prt,sex_t,age_10yrbands_y45_54,2018,82.167
prt,sex_t,age_10yrbands_y45_54,2019,83.004
prt,sex_t,age_10yrbands_y45_54,2020,83.9
prt,sex_t,age_10yrbands_y45_54,2021,85.525
prt,sex_t,age_10yrbands_y45_54,2022,86.165
prt,sex_t,age_10yrbands_y45_54,2023,86.069
prt,sex_t,age_10yrbands_y45_54,2024,86.337
prt,sex_t,age_10yrbands_y55_64,1986,44.539
prt,sex_t,age_10yrbands_y55_64,1987,44.538
prt,sex_t,age_10yrbands_y55_64,1988,45.675
prt,sex_t,age_10yrbands_y55_64,1989,46.053
prt,sex_t,age_10yrbands_y55_64,1990,46.757
prt,sex_t,age_10yrbands_y55_64,1991,49.363
prt,sex_t,age_10yrbands_y55_64,1992,47.252
prt,sex_t,age_10yrbands_y55_64,1993,45.633
prt,sex_t,age_10yrbands_y55_64,1994,45.839
prt,sex_t,age_10yrbands_y55_64,1995,45.529
prt,sex_t,age_10yrbands_y55_64,1996,46.305
prt,sex_t,age_10yrbands_y55_64,1997,46.831
prt,sex_t,age_10yrbands_y55_64,1998,50.377
prt,sex_t,age_10yrbands_y55_64,1999,51.005
prt,sex_t,age_10yrbands_y55_64,2000,51.424
prt,sex_t,age_10yrbands_y55_64,2001,50.751
prt,sex_t,age_10yrbands_y55_64,2002,51.944
prt,sex_t,age_10yrbands_y55_64,2003,51.752
prt,sex_t,age_10yrbands_y55_64,2004,50.172
prt,sex_t,age_10yrbands_y55_64,2005,50.412
prt,sex_t,age_10yrbands_y55_64,2006,50.051
prt,sex_t,age_10yrbands_y55_64,2007,51.039
prt,sex_t,age_10yrbands_y55_64,2008,50.728
prt,sex_t,age_10yrbands_y55_64,2009,49.69
prt,sex_t,age_10yrbands_y55_64,2010,49.464
prt,sex_t,age_10yrbands_y55_64,2011,47.79
prt,sex_t,age_10yrbands_y55_64,2012,46.504
prt,sex_t,age_10yrbands_y55_64,2013,46.862
prt,sex_t,age_10yrbands_y55_64,2014,47.931
prt,sex_t,age_10yrbands_y55_64,2015,50.005
prt,sex_t,age_10yrbands_y55_64,2016,52.065
prt,sex_t,age_10yrbands_y55_64,2017,56.242
prt,sex_t,age_10yrbands_y55_64,2018,59.168
prt,sex_t,age_10yrbands_y55_64,2019,60.197
prt,sex_t,age_10yrbands_y55_64,2020,60.149
prt,sex_t,age_10yrbands_y55_64,2021,62.034
prt,sex_t,age_10yrbands_y55_64,2022,65.001
prt,sex_t,age_10yrbands_y55_64,2023,66.409
prt,sex_t,age_10yrbands_y55_64,2024,67.6
prt,sex_t,age_10yrbands_yge65,1986,12.26
prt,sex_t,age_10yrbands_yge65,1987,13.187
prt,sex_t,age_10yrbands_yge65,1988,12.737
prt,sex_t,age_10yrbands_yge65,1989,13.189
prt,sex_t,age_10yrbands_yge65,1990,12.688
prt,sex_t,age_10yrbands_yge65,1991,14.07
prt,sex_t,age_10yrbands_yge65,1992,12.586
prt,sex_t,age_10yrbands_yge65,1993,13.236
prt,sex_t,age_10yrbands_yge65,1994,13.957
prt,sex_t,age_10yrbands_yge65,1995,14.421
prt,sex_t,age_10yrbands_yge65,1996,15.382
prt,sex_t,age_10yrbands_yge65,1997,16.032
prt,sex_t,age_10yrbands_yge65,1998,17.687
prt,sex_t,age_10yrbands_yge65,1999,17.262
prt,sex_t,age_10yrbands_yge65,2000,17.975
prt,sex_t,age_10yrbands_yge65,2001,18.845
prt,sex_t,age_10yrbands_yge65,2002,19.116
prt,sex_t,age_10yrbands_yge65,2003,18.703
prt,sex_t,age_10yrbands_yge65,2004,17.823
prt,sex_t,age_10yrbands_yge65,2005,17.894
prt,sex_t,age_10yrbands_yge65,2006,17.841
prt,sex_t,age_10yrbands_yge65,2007,18.033
prt,sex_t,age_10yrbands_yge65,2008,17.519
prt,sex_t,age_10yrbands_yge65,2009,16.916
prt,sex_t,age_10yrbands_yge65,2010,16.447
prt,sex_t,age_10yrbands_yge65,2011,14.221
prt,sex_t,age_10yrbands_yge65,2012,14.428
prt,sex_t,age_10yrbands_yge65,2013,13.145
prt,sex_t,age_10yrbands_yge65,2014,11.654
prt,sex_t,age_10yrbands_yge65,2015,11.314
prt,sex_t,age_10yrbands_yge65,2016,10.869
prt,sex_t,age_10yrbands_yge65,2017,11.094
prt,sex_t,age_10yrbands_yge65,2018,11.35
prt,sex_t,age_10yrbands_yge65,2019,11.61
prt,sex_t,age_10yrbands_yge65,2020,11.231
prt,sex_t,age_10yrbands_yge65,2021,7.66
prt,sex_t,age_10yrbands_yge65,2022,8.562
prt,sex_t,age_10yrbands_yge65,2023,8.972
prt,sex_t,age_10yrbands_yge65,2024,8.8
prt,sex_t,age_5yrbands_total,1986,53.51
prt,sex_t,age_5yrbands_total,1987,54.258
prt,sex_t,age_5yrbands_total,1988,54.942
prt,sex_t,age_5yrbands_total,1989,55.893
prt,sex_t,age_5yrbands_total,1990,56.131
prt,sex_t,age_5yrbands_total,1991,58.163
prt,sex_t,age_5yrbands_total,1992,57.052
prt,sex_t,age_5yrbands_total,1993,55.685
prt,sex_t,age_5yrbands_total,1994,54.527
prt,sex_t,age_5yrbands_total,1995,54.03
prt,sex_t,age_5yrbands_total,1996,53.511
prt,sex_t,age_5yrbands_total,1997,53.947
prt,sex_t,age_5yrbands_total,1998,57.778
prt,sex_t,age_5yrbands_total,1999,57.883
prt,sex_t,age_5yrbands_total,2000,58.487
prt,sex_t,age_5yrbands_total,2001,59.076
prt,sex_t,age_5yrbands_total,2002,59.224
prt,sex_t,age_5yrbands_total,2003,58.184
prt,sex_t,age_5yrbands_total,2004,57.632
prt,sex_t,age_5yrbands_total,2005,57.171
prt,sex_t,age_5yrbands_total,2006,57.316
prt,sex_t,age_5yrbands_total,2007,57.25
prt,sex_t,age_5yrbands_total,2008,57.344
prt,sex_t,age_5yrbands_total,2009,55.568
prt,sex_t,age_5yrbands_total,2010,54.631
prt,sex_t,age_5yrbands_total,2011,52.695
prt,sex_t,age_5yrbands_total,2012,50.724
prt,sex_t,age_5yrbands_total,2013,49.562
prt,sex_t,age_5yrbands_total,2014,50.548
prt,sex_t,age_5yrbands_total,2015,51.231
prt,sex_t,age_5yrbands_total,2016,51.895
prt,sex_t,age_5yrbands_total,2017,53.619
prt,sex_t,age_5yrbands_total,2018,54.819
prt,sex_t,age_5yrbands_total,2019,55.138
prt,sex_t,age_5yrbands_total,2020,53.566
prt,sex_t,age_5yrbands_total,2021,52.947
prt,sex_t,age_5yrbands_total,2022,54.22
prt,sex_t,age_5yrbands_total,2023,54.873
prt,sex_t,age_5yrbands_total,2024,54.9
prt,sex_t,age_5yrbands_y15_19,1986,41.647
prt,sex_t,age_5yrbands_y15_19,1987,42.685
prt,sex_t,age_5yrbands_y15_19,1988,41.821
prt,sex_t,age_5yrbands_y15_19,1989,41.244
prt,sex_t,age_5yrbands_y15_19,1990,41.158
prt,sex_t,age_5yrbands_y15_19,1991,38.679
prt,sex_t,age_5yrbands_y15_19,1992,31.933
prt,sex_t,age_5yrbands_y15_19,1993,26.984
prt,sex_t,age_5yrbands_y15_19,1994,23.831
prt,sex_t,age_5yrbands_y15_19,1995,21.201
prt,sex_t,age_5yrbands_y15_19,1996,17.962
prt,sex_t,age_5yrbands_y15_19,1997,19.516
prt,sex_t,age_5yrbands_y15_19,1998,21.52
prt,sex_t,age_5yrbands_y15_19,1999,21.613
prt,sex_t,age_5yrbands_y15_19,2000,20.879
prt,sex_t,age_5yrbands_y15_19,2001,21.583
prt,sex_t,age_5yrbands_y15_19,2002,20.396
prt,sex_t,age_5yrbands_y15_19,2003,17.568
prt,sex_t,age_5yrbands_y15_19,2004,16.541
prt,sex_t,age_5yrbands_y15_19,2005,13.735
prt,sex_t,age_5yrbands_y15_19,2006,13.009
prt,sex_t,age_5yrbands_y15_19,2007,12.961
prt,sex_t,age_5yrbands_y15_19,2008,11.769
prt,sex_t,age_5yrbands_y15_19,2009,10.066
prt,sex_t,age_5yrbands_y15_19,2010,8.13
prt,sex_t,age_5yrbands_y15_19,2011,6.793
prt,sex_t,age_5yrbands_y15_19,2012,5.517
prt,sex_t,age_5yrbands_y15_19,2013,5.713
prt,sex_t,age_5yrbands_y15_19,2014,5.834
prt,sex_t,age_5yrbands_y15_19,2015,5.771
prt,sex_t,age_5yrbands_y15_19,2016,6.22
prt,sex_t,age_5yrbands_y15_19,2017,6.543
prt,sex_t,age_5yrbands_y15_19,2018,7.078
prt,sex_t,age_5yrbands_y15_19,2019,7.564
prt,sex_t,age_5yrbands_y15_19,2020,5.447
prt,sex_t,age_5yrbands_y15_19,2021,4.952
prt,sex_t,age_5yrbands_y15_19,2022,5.142
prt,sex_t,age_5yrbands_y15_19,2023,7.386
prt,sex_t,age_5yrbands_y15_19,2024,6.1
prt,sex_t,age_5yrbands_y20_24,1986,57.77
prt,sex_t,age_5yrbands_y20_24,1987,60.904
prt,sex_t,age_5yrbands_y20_24,1988,64.672
prt,sex_t,age_5yrbands_y20_24,1989,66.537
prt,sex_t,age_5yrbands_y20_24,1990,66.577
prt,sex_t,age_5yrbands_y20_24,1991,67.943
prt,sex_t,age_5yrbands_y20_24,1992,62.492
prt,sex_t,age_5yrbands_y20_24,1993,58.892
prt,sex_t,age_5yrbands_y20_24,1994,55.999
prt,sex_t,age_5yrbands_y20_24,1995,51.995
prt,sex_t,age_5yrbands_y20_24,1996,52.149
prt,sex_t,age_5yrbands_y20_24,1997,55.082
prt,sex_t,age_5yrbands_y20_24,1998,61.402
prt,sex_t,age_5yrbands_y20_24,1999,60.146
prt,sex_t,age_5yrbands_y20_24,2000,58.978
prt,sex_t,age_5yrbands_y20_24,2001,60.426
prt,sex_t,age_5yrbands_y20_24,2002,60.815
prt,sex_t,age_5yrbands_y20_24,2003,56.705
prt,sex_t,age_5yrbands_y20_24,2004,53.454
prt,sex_t,age_5yrbands_y20_24,2005,53.509
prt,sex_t,age_5yrbands_y20_24,2006,53.787
prt,sex_t,age_5yrbands_y20_24,2007,53.858
prt,sex_t,age_5yrbands_y20_24,2008,54.997
prt,sex_t,age_5yrbands_y20_24,2009,50.769
prt,sex_t,age_5yrbands_y20_24,2010,47.097
prt,sex_t,age_5yrbands_y20_24,2011,45.722
prt,sex_t,age_5yrbands_y20_24,2012,39.734
prt,sex_t,age_5yrbands_y20_24,2013,36.859
prt,sex_t,age_5yrbands_y20_24,2014,38.919
prt,sex_t,age_5yrbands_y20_24,2015,40.345
prt,sex_t,age_5yrbands_y20_24,2016,42.459
prt,sex_t,age_5yrbands_y20_24,2017,46.021
prt,sex_t,age_5yrbands_y20_24,2018,48.188
prt,sex_t,age_5yrbands_y20_24,2019,48.586
prt,sex_t,age_5yrbands_y20_24,2020,41.265
prt,sex_t,age_5yrbands_y20_24,2021,41.009
prt,sex_t,age_5yrbands_y20_24,2022,44.709
prt,sex_t,age_5yrbands_y20_24,2023,47.532
prt,sex_t,age_5yrbands_y20_24,2024,47
prt,sex_t,age_5yrbands_y25_29,1986,73.285
prt,sex_t,age_5yrbands_y25_29,1987,75.517
prt,sex_t,age_5yrbands_y25_29,1988,77.575
prt,sex_t,age_5yrbands_y25_29,1989,78.987
prt,sex_t,age_5yrbands_y25_29,1990,79.938
prt,sex_t,age_5yrbands_y25_29,1991,81.383
prt,sex_t,age_5yrbands_y25_29,1992,81.606
prt,sex_t,age_5yrbands_y25_29,1993,79.963
prt,sex_t,age_5yrbands_y25_29,1994,77.346
prt,sex_t,age_5yrbands_y25_29,1995,77.568
prt,sex_t,age_5yrbands_y25_29,1996,77.654
prt,sex_t,age_5yrbands_y25_29,1997,77.958
prt,sex_t,age_5yrbands_y25_29,1998,81.262
prt,sex_t,age_5yrbands_y25_29,1999,81.098
prt,sex_t,age_5yrbands_y25_29,2000,83.357
prt,sex_t,age_5yrbands_y25_29,2001,82.149
prt,sex_t,age_5yrbands_y25_29,2002,82.398
prt,sex_t,age_5yrbands_y25_29,2003,80.168
prt,sex_t,age_5yrbands_y25_29,2004,79.884
prt,sex_t,age_5yrbands_y25_29,2005,78.06
prt,sex_t,age_5yrbands_y25_29,2006,77.871
prt,sex_t,age_5yrbands_y25_29,2007,77.145
prt,sex_t,age_5yrbands_y25_29,2008,78.567
prt,sex_t,age_5yrbands_y25_29,2009,77.288
prt,sex_t,age_5yrbands_y25_29,2010,74.546
prt,sex_t,age_5yrbands_y25_29,2011,74.307
prt,sex_t,age_5yrbands_y25_29,2012,70.977
prt,sex_t,age_5yrbands_y25_29,2013,67.923
prt,sex_t,age_5yrbands_y25_29,2014,71.115
prt,sex_t,age_5yrbands_y25_29,2015,72.474
prt,sex_t,age_5yrbands_y25_29,2016,72.804
prt,sex_t,age_5yrbands_y25_29,2017,78.124
prt,sex_t,age_5yrbands_y25_29,2018,79.909
prt,sex_t,age_5yrbands_y25_29,2019,80.97
prt,sex_t,age_5yrbands_y25_29,2020,77.371
prt,sex_t,age_5yrbands_y25_29,2021,76.77
prt,sex_t,age_5yrbands_y25_29,2022,79.349
prt,sex_t,age_5yrbands_y25_29,2023,80.891
prt,sex_t,age_5yrbands_y25_29,2024,82.5
prt,sex_t,age_5yrbands_y30_34,1986,77.621
prt,sex_t,age_5yrbands_y30_34,1987,79.174
prt,sex_t,age_5yrbands_y30_34,1988,79.28
prt,sex_t,age_5yrbands_y30_34,1989,81.592
prt,sex_t,age_5yrbands_y30_34,1990,82.321
prt,sex_t,age_5yrbands_y30_34,1991,84.324
prt,sex_t,age_5yrbands_y30_34,1992,82.71
prt,sex_t,age_5yrbands_y30_34,1993,82.522
prt,sex_t,age_5yrbands_y30_34,1994,81.379
prt,sex_t,age_5yrbands_y30_34,1995,80.29
prt,sex_t,age_5yrbands_y30_34,1996,81.246
prt,sex_t,age_5yrbands_y30_34,1997,82.717
prt,sex_t,age_5yrbands_y30_34,1998,83.351
prt,sex_t,age_5yrbands_y30_34,1999,84.289
prt,sex_t,age_5yrbands_y30_34,2000,84.567
prt,sex_t,age_5yrbands_y30_34,2001,85.499
prt,sex_t,age_5yrbands_y30_34,2002,85.409
prt,sex_t,age_5yrbands_y30_34,2003,84.81
prt,sex_t,age_5yrbands_y30_34,2004,84.788
prt,sex_t,age_5yrbands_y30_34,2005,85.213
prt,sex_t,age_5yrbands_y30_34,2006,84.908
prt,sex_t,age_5yrbands_y30_34,2007,84.14
prt,sex_t,age_5yrbands_y30_34,2008,85.104
prt,sex_t,age_5yrbands_y30_34,2009,82.03
prt,sex_t,age_5yrbands_y30_34,2010,82.049
prt,sex_t,age_5yrbands_y30_34,2011,80.884
prt,sex_t,age_5yrbands_y30_34,2012,76.702
prt,sex_t,age_5yrbands_y30_34,2013,76.922
prt,sex_t,age_5yrbands_y30_34,2014,79.832
prt,sex_t,age_5yrbands_y30_34,2015,82.306
prt,sex_t,age_5yrbands_y30_34,2016,82.811
prt,sex_t,age_5yrbands_y30_34,2017,84.02
prt,sex_t,age_5yrbands_y30_34,2018,87.358
prt,sex_t,age_5yrbands_y30_34,2019,87.465
prt,sex_t,age_5yrbands_y30_34,2020,84.589
prt,sex_t,age_5yrbands_y30_34,2021,82.026
prt,sex_t,age_5yrbands_y30_34,2022,84.418
prt,sex_t,age_5yrbands_y30_34,2023,87.102
prt,sex_t,age_5yrbands_y30_34,2024,87.4
prt,sex_t,age_5yrbands_y35_39,1986,76.615
prt,sex_t,age_5yrbands_y35_39,1987,78.111
prt,sex_t,age_5yrbands_y35_39,1988,80.618
prt,sex_t,age_5yrbands_y35_39,1989,81.335
prt,sex_t,age_5yrbands_y35_39,1990,81.256
prt,sex_t,age_5yrbands_y35_39,1991,84.355
prt,sex_t,age_5yrbands_y35_39,1992,83.465
prt,sex_t,age_5yrbands_y35_39,1993,84.502
prt,sex_t,age_5yrbands_y35_39,1994,82.358
prt,sex_t,age_5yrbands_y35_39,1995,83.146
prt,sex_t,age_5yrbands_y35_39,1996,82.694
prt,sex_t,age_5yrbands_y35_39,1997,81.588
prt,sex_t,age_5yrbands_y35_39,1998,83.579
prt,sex_t,age_5yrbands_y35_39,1999,82.86
prt,sex_t,age_5yrbands_y35_39,2000,85.127
prt,sex_t,age_5yrbands_y35_39,2001,85.278
prt,sex_t,age_5yrbands_y35_39,2002,83.831
prt,sex_t,age_5yrbands_y35_39,2003,84.425
prt,sex_t,age_5yrbands_y35_39,2004,84.789
prt,sex_t,age_5yrbands_y35_39,2005,83.512
prt,sex_t,age_5yrbands_y35_39,2006,85.588
prt,sex_t,age_5yrbands_y35_39,2007,84.473
prt,sex_t,age_5yrbands_y35_39,2008,84.838
prt,sex_t,age_5yrbands_y35_39,2009,82.667
prt,sex_t,age_5yrbands_y35_39,2010,82.893
prt,sex_t,age_5yrbands_y35_39,2011,81.656
prt,sex_t,age_5yrbands_y35_39,2012,78.688
prt,sex_t,age_5yrbands_y35_39,2013,77.868
prt,sex_t,age_5yrbands_y35_39,2014,82.028
prt,sex_t,age_5yrbands_y35_39,2015,83.617
prt,sex_t,age_5yrbands_y35_39,2016,85.261
prt,sex_t,age_5yrbands_y35_39,2017,86.239
prt,sex_t,age_5yrbands_y35_39,2018,88.198
prt,sex_t,age_5yrbands_y35_39,2019,88.031
prt,sex_t,age_5yrbands_y35_39,2020,86.21
prt,sex_t,age_5yrbands_y35_39,2021,88.098
prt,sex_t,age_5yrbands_y35_39,2022,87.426
prt,sex_t,age_5yrbands_y35_39,2023,88.603
prt,sex_t,age_5yrbands_y35_39,2024,87.9
prt,sex_t,age_5yrbands_y40_44,1986,72.627
prt,sex_t,age_5yrbands_y40_44,1987,74.465
prt,sex_t,age_5yrbands_y40_44,1988,76.862
prt,sex_t,age_5yrbands_y40_44,1989,77.999
prt,sex_t,age_5yrbands_y40_44,1990,78.108
prt,sex_t,age_5yrbands_y40_44,1991,80.306
prt,sex_t,age_5yrbands_y40_44,1992,80.842
prt,sex_t,age_5yrbands_y40_44,1993,80.721
prt,sex_t,age_5yrbands_y40_44,1994,80.462
prt,sex_t,age_5yrbands_y40_44,1995,81.088
prt,sex_t,age_5yrbands_y40_44,1996,82.272
prt,sex_t,age_5yrbands_y40_44,1997,82.391
prt,sex_t,age_5yrbands_y40_44,1998,82.508
prt,sex_t,age_5yrbands_y40_44,1999,83.126
prt,sex_t,age_5yrbands_y40_44,2000,82.918
prt,sex_t,age_5yrbands_y40_44,2001,83.721
prt,sex_t,age_5yrbands_y40_44,2002,83.209
prt,sex_t,age_5yrbands_y40_44,2003,82.364
prt,sex_t,age_5yrbands_y40_44,2004,84.224
prt,sex_t,age_5yrbands_y40_44,2005,82.138
prt,sex_t,age_5yrbands_y40_44,2006,82.29
prt,sex_t,age_5yrbands_y40_44,2007,83.719
prt,sex_t,age_5yrbands_y40_44,2008,82.925
prt,sex_t,age_5yrbands_y40_44,2009,81.638
prt,sex_t,age_5yrbands_y40_44,2010,80.724
prt,sex_t,age_5yrbands_y40_44,2011,79.874
prt,sex_t,age_5yrbands_y40_44,2012,78.575
prt,sex_t,age_5yrbands_y40_44,2013,76.584
prt,sex_t,age_5yrbands_y40_44,2014,79.414
prt,sex_t,age_5yrbands_y40_44,2015,81.387
prt,sex_t,age_5yrbands_y40_44,2016,83.712
prt,sex_t,age_5yrbands_y40_44,2017,85.059
prt,sex_t,age_5yrbands_y40_44,2018,85.975
prt,sex_t,age_5yrbands_y40_44,2019,88.253
prt,sex_t,age_5yrbands_y40_44,2020,86.534
prt,sex_t,age_5yrbands_y40_44,2021,89.086
prt,sex_t,age_5yrbands_y40_44,2022,90.766
prt,sex_t,age_5yrbands_y40_44,2023,88.446
prt,sex_t,age_5yrbands_y40_44,2024,89.1
prt,sex_t,age_5yrbands_y45_49,1986,68.984
prt,sex_t,age_5yrbands_y45_49,1987,70.578
prt,sex_t,age_5yrbands_y45_49,1988,72.604
prt,sex_t,age_5yrbands_y45_49,1989,72.907
prt,sex_t,age_5yrbands_y45_49,1990,74.05
prt,sex_t,age_5yrbands_y45_49,1991,76.769
prt,sex_t,age_5yrbands_y45_49,1992,76.235
prt,sex_t,age_5yrbands_y45_49,1993,77.242
prt,sex_t,age_5yrbands_y45_49,1994,77.125
prt,sex_t,age_5yrbands_y45_49,1995,77.208
prt,sex_t,age_5yrbands_y45_49,1996,77.299
prt,sex_t,age_5yrbands_y45_49,1997,77.505
prt,sex_t,age_5yrbands_y45_49,1998,79.301
prt,sex_t,age_5yrbands_y45_49,1999,79.49
prt,sex_t,age_5yrbands_y45_49,2000,80.915
prt,sex_t,age_5yrbands_y45_49,2001,81.428
prt,sex_t,age_5yrbands_y45_49,2002,80.957
prt,sex_t,age_5yrbands_y45_49,2003,79.581
prt,sex_t,age_5yrbands_y45_49,2004,80.641
prt,sex_t,age_5yrbands_y45_49,2005,80.631
prt,sex_t,age_5yrbands_y45_49,2006,81.24
prt,sex_t,age_5yrbands_y45_49,2007,81.078
prt,sex_t,age_5yrbands_y45_49,2008,82.06
prt,sex_t,age_5yrbands_y45_49,2009,79.776
prt,sex_t,age_5yrbands_y45_49,2010,78.809
prt,sex_t,age_5yrbands_y45_49,2011,77.573
prt,sex_t,age_5yrbands_y45_49,2012,75.497
prt,sex_t,age_5yrbands_y45_49,2013,75.274
prt,sex_t,age_5yrbands_y45_49,2014,78.063
prt,sex_t,age_5yrbands_y45_49,2015,78.053
prt,sex_t,age_5yrbands_y45_49,2016,80.13
prt,sex_t,age_5yrbands_y45_49,2017,83.236
prt,sex_t,age_5yrbands_y45_49,2018,84.968
prt,sex_t,age_5yrbands_y45_49,2019,85.338
prt,sex_t,age_5yrbands_y45_49,2020,85.751
prt,sex_t,age_5yrbands_y45_49,2021,87.187
prt,sex_t,age_5yrbands_y45_49,2022,88.156
prt,sex_t,age_5yrbands_y45_49,2023,87.682
prt,sex_t,age_5yrbands_y45_49,2024,87.3
prt,sex_t,age_5yrbands_y50_54,1986,61.828
prt,sex_t,age_5yrbands_y50_54,1987,64.043
prt,sex_t,age_5yrbands_y50_54,1988,63.202
prt,sex_t,age_5yrbands_y50_54,1989,64.382
prt,sex_t,age_5yrbands_y50_54,1990,65.173
prt,sex_t,age_5yrbands_y50_54,1991,69.039
prt,sex_t,age_5yrbands_y50_54,1992,67.598
prt,sex_t,age_5yrbands_y50_54,1993,67.123
prt,sex_t,age_5yrbands_y50_54,1994,69.56
prt,sex_t,age_5yrbands_y50_54,1995,69.108
prt,sex_t,age_5yrbands_y50_54,1996,67.303
prt,sex_t,age_5yrbands_y50_54,1997,69.701
prt,sex_t,age_5yrbands_y50_54,1998,70.385
prt,sex_t,age_5yrbands_y50_54,1999,71.531
prt,sex_t,age_5yrbands_y50_54,2000,71.809
prt,sex_t,age_5yrbands_y50_54,2001,74.049
prt,sex_t,age_5yrbands_y50_54,2002,74.765
prt,sex_t,age_5yrbands_y50_54,2003,73.82
prt,sex_t,age_5yrbands_y50_54,2004,72.352
prt,sex_t,age_5yrbands_y50_54,2005,73.63
prt,sex_t,age_5yrbands_y50_54,2006,74.549
prt,sex_t,age_5yrbands_y50_54,2007,73.736
prt,sex_t,age_5yrbands_y50_54,2008,74.966
prt,sex_t,age_5yrbands_y50_54,2009,73.675
prt,sex_t,age_5yrbands_y50_54,2010,75.041
prt,sex_t,age_5yrbands_y50_54,2011,71.209
prt,sex_t,age_5yrbands_y50_54,2012,71.26
prt,sex_t,age_5yrbands_y50_54,2013,71.002
prt,sex_t,age_5yrbands_y50_54,2014,71.856
prt,sex_t,age_5yrbands_y50_54,2015,73.742
prt,sex_t,age_5yrbands_y50_54,2016,74.834
prt,sex_t,age_5yrbands_y50_54,2017,77.68
prt,sex_t,age_5yrbands_y50_54,2018,79.301
prt,sex_t,age_5yrbands_y50_54,2019,80.577
prt,sex_t,age_5yrbands_y50_54,2020,81.94
prt,sex_t,age_5yrbands_y50_54,2021,83.749
prt,sex_t,age_5yrbands_y50_54,2022,84.038
prt,sex_t,age_5yrbands_y50_54,2023,84.364
prt,sex_t,age_5yrbands_y50_54,2024,85.3
prt,sex_t,age_5yrbands_y55_59,1986,51.502
prt,sex_t,age_5yrbands_y55_59,1987,51.334
prt,sex_t,age_5yrbands_y55_59,1988,52.067
prt,sex_t,age_5yrbands_y55_59,1989,54.162
prt,sex_t,age_5yrbands_y55_59,1990,54.915
prt,sex_t,age_5yrbands_y55_59,1991,56.914
prt,sex_t,age_5yrbands_y55_59,1992,54.315
prt,sex_t,age_5yrbands_y55_59,1993,53.223
prt,sex_t,age_5yrbands_y55_59,1994,54.206
prt,sex_t,age_5yrbands_y55_59,1995,52.583
prt,sex_t,age_5yrbands_y55_59,1996,53.506
prt,sex_t,age_5yrbands_y55_59,1997,54.015
prt,sex_t,age_5yrbands_y55_59,1998,58.442
prt,sex_t,age_5yrbands_y55_59,1999,59.074
prt,sex_t,age_5yrbands_y55_59,2000,57.823
prt,sex_t,age_5yrbands_y55_59,2001,56.531
prt,sex_t,age_5yrbands_y55_59,2002,59.615
prt,sex_t,age_5yrbands_y55_59,2003,59.966
prt,sex_t,age_5yrbands_y55_59,2004,57.514
prt,sex_t,age_5yrbands_y55_59,2005,58.026
prt,sex_t,age_5yrbands_y55_59,2006,56.6
prt,sex_t,age_5yrbands_y55_59,2007,58.971
prt,sex_t,age_5yrbands_y55_59,2008,58.653
prt,sex_t,age_5yrbands_y55_59,2009,58.725
prt,sex_t,age_5yrbands_y55_59,2010,57.947
prt,sex_t,age_5yrbands_y55_59,2011,58.108
prt,sex_t,age_5yrbands_y55_59,2012,56.621
prt,sex_t,age_5yrbands_y55_59,2013,57.308
prt,sex_t,age_5yrbands_y55_59,2014,57.914
prt,sex_t,age_5yrbands_y55_59,2015,61.19
prt,sex_t,age_5yrbands_y55_59,2016,63.754
prt,sex_t,age_5yrbands_y55_59,2017,67.672
prt,sex_t,age_5yrbands_y55_59,2018,71.309
prt,sex_t,age_5yrbands_y55_59,2019,71.598
prt,sex_t,age_5yrbands_y55_59,2020,72.999
prt,sex_t,age_5yrbands_y55_59,2021,73.421
prt,sex_t,age_5yrbands_y55_59,2022,75.274
prt,sex_t,age_5yrbands_y55_59,2023,75.57
prt,sex_t,age_5yrbands_y55_59,2024,76.5
prt,sex_t,age_5yrbands_y60_64,1986,37.313
prt,sex_t,age_5yrbands_y60_64,1987,37.569
prt,sex_t,age_5yrbands_y60_64,1988,38.725
prt,sex_t,age_5yrbands_y60_64,1989,37.429
prt,sex_t,age_5yrbands_y60_64,1990,37.597
prt,sex_t,age_5yrbands_y60_64,1991,41.358
prt,sex_t,age_5yrbands_y60_64,1992,40.173
prt,sex_t,age_5yrbands_y60_64,1993,38.031
prt,sex_t,age_5yrbands_y60_64,1994,37.459
prt,sex_t,age_5yrbands_y60_64,1995,37.648
prt,sex_t,age_5yrbands_y60_64,1996,38.599
prt,sex_t,age_5yrbands_y60_64,1997,39.533
prt,sex_t,age_5yrbands_y60_64,1998,42.501
prt,sex_t,age_5yrbands_y60_64,1999,43.148
prt,sex_t,age_5yrbands_y60_64,2000,44.994
prt,sex_t,age_5yrbands_y60_64,2001,44.712
prt,sex_t,age_5yrbands_y60_64,2002,43.616
prt,sex_t,age_5yrbands_y60_64,2003,42.561
prt,sex_t,age_5yrbands_y60_64,2004,41.766
prt,sex_t,age_5yrbands_y60_64,2005,41.705
prt,sex_t,age_5yrbands_y60_64,2006,42.61
prt,sex_t,age_5yrbands_y60_64,2007,42.016
prt,sex_t,age_5yrbands_y60_64,2008,41.863
prt,sex_t,age_5yrbands_y60_64,2009,39.791
prt,sex_t,age_5yrbands_y60_64,2010,40.233
prt,sex_t,age_5yrbands_y60_64,2011,36.698
prt,sex_t,age_5yrbands_y60_64,2012,35.804
prt,sex_t,age_5yrbands_y60_64,2013,35.786
prt,sex_t,age_5yrbands_y60_64,2014,37.251
prt,sex_t,age_5yrbands_y60_64,2015,37.996
prt,sex_t,age_5yrbands_y60_64,2016,39.391
prt,sex_t,age_5yrbands_y60_64,2017,43.762
prt,sex_t,age_5yrbands_y60_64,2018,45.986
prt,sex_t,age_5yrbands_y60_64,2019,47.91
prt,sex_t,age_5yrbands_y60_64,2020,46.441
prt,sex_t,age_5yrbands_y60_64,2021,50.074
prt,sex_t,age_5yrbands_y60_64,2022,54.35
prt,sex_t,age_5yrbands_y60_64,2023,56.986
prt,sex_t,age_5yrbands_y60_64,2024,58.4
prt,sex_t,age_5yrbands_yge65,1986,12.26
prt,sex_t,age_5yrbands_yge65,1987,13.187
prt,sex_t,age_5yrbands_yge65,1988,12.737
prt,sex_t,age_5yrbands_yge65,1989,13.189
prt,sex_t,age_5yrbands_yge65,1990,12.688
prt,sex_t,age_5yrbands_yge65,1991,14.07
prt,sex_t,age_5yrbands_yge65,1992,12.586
prt,sex_t,age_5yrbands_yge65,1993,13.236
prt,sex_t,age_5yrbands_yge65,1994,13.957
prt,sex_t,age_5yrbands_yge65,1995,14.421
prt,sex_t,age_5yrbands_yge65,1996,15.382
prt,sex_t,age_5yrbands_yge65,1997,16.032
prt,sex_t,age_5yrbands_yge65,1998,17.687
prt,sex_t,age_5yrbands_yge65,1999,17.262
prt,sex_t,age_5yrbands_yge65,2000,17.975
prt,sex_t,age_5yrbands_yge65,2001,18.845
prt,sex_t,age_5yrbands_yge65,2002,19.116
prt,sex_t,age_5yrbands_yge65,2003,18.703
prt,sex_t,age_5yrbands_yge65,2004,17.823
prt,sex_t,age_5yrbands_yge65,2005,17.894
prt,sex_t,age_5yrbands_yge65,2006,17.841
prt,sex_t,age_5yrbands_yge65,2007,18.033
prt,sex_t,age_5yrbands_yge65,2008,17.519
prt,sex_t,age_5yrbands_yge65,2009,16.916
prt,sex_t,age_5yrbands_yge65,2010,16.447
prt,sex_t,age_5yrbands_yge65,2011,14.221
prt,sex_t,age_5yrbands_yge65,2012,14.428
prt,sex_t,age_5yrbands_yge65,2013,13.145
prt,sex_t,age_5yrbands_yge65,2014,11.654
prt,sex_t,age_5yrbands_yge65,2015,11.314
prt,sex_t,age_5yrbands_yge65,2016,10.869
prt,sex_t,age_5yrbands_yge65,2017,11.094
prt,sex_t,age_5yrbands_yge65,2018,11.35
prt,sex_t,age_5yrbands_yge65,2019,11.61
prt,sex_t,age_5yrbands_yge65,2020,11.231
prt,sex_t,age_5yrbands_yge65,2021,7.66
prt,sex_t,age_5yrbands_yge65,2022,8.562
prt,sex_t,age_5yrbands_yge65,2023,8.972
prt,sex_t,age_5yrbands_yge65,2024,8.8
prt,sex_t,age_aggregate_total,1986,53.51
prt,sex_t,age_aggregate_total,1987,54.258
prt,sex_t,age_aggregate_total,1988,54.942
prt,sex_t,age_aggregate_total,1989,55.893
prt,sex_t,age_aggregate_total,1990,56.131
prt,sex_t,age_aggregate_total,1991,58.163
prt,sex_t,age_aggregate_total,1992,57.052
prt,sex_t,age_aggregate_total,1993,55.685
prt,sex_t,age_aggregate_total,1994,54.527
prt,sex_t,age_aggregate_total,1995,54.03
prt,sex_t,age_aggregate_total,1996,53.511
prt,sex_t,age_aggregate_total,1997,53.947
prt,sex_t,age_aggregate_total,1998,57.778
prt,sex_t,age_aggregate_total,1999,57.883
prt,sex_t,age_aggregate_total,2000,58.487
prt,sex_t,age_aggregate_total,2001,59.076
prt,sex_t,age_aggregate_total,2002,59.224
prt,sex_t,age_aggregate_total,2003,58.184
prt,sex_t,age_aggregate_total,2004,57.632
prt,sex_t,age_aggregate_total,2005,57.171
prt,sex_t,age_aggregate_total,2006,57.316
prt,sex_t,age_aggregate_total,2007,57.25
prt,sex_t,age_aggregate_total,2008,57.344
prt,sex_t,age_aggregate_total,2009,55.568
prt,sex_t,age_aggregate_total,2010,54.631
prt,sex_t,age_aggregate_total,2011,52.695
prt,sex_t,age_aggregate_total,2012,50.724
prt,sex_t,age_aggregate_total,2013,49.562
prt,sex_t,age_aggregate_total,2014,50.548
prt,sex_t,age_aggregate_total,2015,51.231
prt,sex_t,age_aggregate_total,2016,51.895
prt,sex_t,age_aggregate_total,2017,53.619
prt,sex_t,age_aggregate_total,2018,54.819
prt,sex_t,age_aggregate_total,2019,55.138
prt,sex_t,age_aggregate_total,2020,53.566
prt,sex_t,age_aggregate_total,2021,52.947
prt,sex_t,age_aggregate_total,2022,54.22
prt,sex_t,age_aggregate_total,2023,54.873
prt,sex_t,age_aggregate_total,2024,54.9
prt,sex_t,age_aggregate_y15_24,1986,48.85
prt,sex_t,age_aggregate_y15_24,1987,50.713
prt,sex_t,age_aggregate_y15_24,1988,51.933
prt,sex_t,age_aggregate_y15_24,1989,52.51
prt,sex_t,age_aggregate_y15_24,1990,52.367
prt,sex_t,age_aggregate_y15_24,1991,51.671
prt,sex_t,age_aggregate_y15_24,1992,46.023
prt,sex_t,age_aggregate_y15_24,1993,41.748
prt,sex_t,age_aggregate_y15_24,1994,38.654
prt,sex_t,age_aggregate_y15_24,1995,36.245
prt,sex_t,age_aggregate_y15_24,1996,35.132
prt,sex_t,age_aggregate_y15_24,1997,37.916
prt,sex_t,age_aggregate_y15_24,1998,42.612
prt,sex_t,age_aggregate_y15_24,1999,42.081
prt,sex_t,age_aggregate_y15_24,2000,41.091
prt,sex_t,age_aggregate_y15_24,2001,42.376
prt,sex_t,age_aggregate_y15_24,2002,42.189
prt,sex_t,age_aggregate_y15_24,2003,38.795
prt,sex_t,age_aggregate_y15_24,2004,36.646
prt,sex_t,age_aggregate_y15_24,2005,35.287
prt,sex_t,age_aggregate_y15_24,2006,34.779
prt,sex_t,age_aggregate_y15_24,2007,34.415
prt,sex_t,age_aggregate_y15_24,2008,34.077
prt,sex_t,age_aggregate_y15_24,2009,30.838
prt,sex_t,age_aggregate_y15_24,2010,27.9
prt,sex_t,age_aggregate_y15_24,2011,26.568
prt,sex_t,age_aggregate_y15_24,2012,22.912
prt,sex_t,age_aggregate_y15_24,2013,21.521
prt,sex_t,age_aggregate_y15_24,2014,22.493
prt,sex_t,age_aggregate_y15_24,2015,22.946
prt,sex_t,age_aggregate_y15_24,2016,24.067
prt,sex_t,age_aggregate_y15_24,2017,25.955
prt,sex_t,age_aggregate_y15_24,2018,27.327
prt,sex_t,age_aggregate_y15_24,2019,27.992
prt,sex_t,age_aggregate_y15_24,2020,23.606
prt,sex_t,age_aggregate_y15_24,2021,23.016
prt,sex_t,age_aggregate_y15_24,2022,25.358
prt,sex_t,age_aggregate_y15_24,2023,28.135
prt,sex_t,age_aggregate_y15_24,2024,27.2
prt,sex_t,age_aggregate_y25_54,1986,71.912
prt,sex_t,age_aggregate_y25_54,1987,73.612
prt,sex_t,age_aggregate_y25_54,1988,75.028
prt,sex_t,age_aggregate_y25_54,1989,76.281
prt,sex_t,age_aggregate_y25_54,1990,76.871
prt,sex_t,age_aggregate_y25_54,1991,79.574
prt,sex_t,age_aggregate_y25_54,1992,79.13
prt,sex_t,age_aggregate_y25_54,1993,78.984
prt,sex_t,age_aggregate_y25_54,1994,78.258
prt,sex_t,age_aggregate_y25_54,1995,78.268
prt,sex_t,age_aggregate_y25_54,1996,78.179
prt,sex_t,age_aggregate_y25_54,1997,78.598
prt,sex_t,age_aggregate_y25_54,1998,80.38
prt,sex_t,age_aggregate_y25_54,1999,80.66
prt,sex_t,age_aggregate_y25_54,2000,81.747
prt,sex_t,age_aggregate_y25_54,2001,82.239
prt,sex_t,age_aggregate_y25_54,2002,81.952
prt,sex_t,age_aggregate_y25_54,2003,81.04
prt,sex_t,age_aggregate_y25_54,2004,81.317
prt,sex_t,age_aggregate_y25_54,2005,80.699
prt,sex_t,age_aggregate_y25_54,2006,81.245
prt,sex_t,age_aggregate_y25_54,2007,80.916
prt,sex_t,age_aggregate_y25_54,2008,81.605
prt,sex_t,age_aggregate_y25_54,2009,79.675
prt,sex_t,age_aggregate_y25_54,2010,79.206
prt,sex_t,age_aggregate_y25_54,2011,77.779
prt,sex_t,age_aggregate_y25_54,2012,75.496
prt,sex_t,age_aggregate_y25_54,2013,74.541
prt,sex_t,age_aggregate_y25_54,2014,77.328
prt,sex_t,age_aggregate_y25_54,2015,78.838
prt,sex_t,age_aggregate_y25_54,2016,80.212
prt,sex_t,age_aggregate_y25_54,2017,82.543
prt,sex_t,age_aggregate_y25_54,2018,84.341
prt,sex_t,age_aggregate_y25_54,2019,85.188
prt,sex_t,age_aggregate_y25_54,2020,83.997
prt,sex_t,age_aggregate_y25_54,2021,84.892
prt,sex_t,age_aggregate_y25_54,2022,86.011
prt,sex_t,age_aggregate_y25_54,2023,86.323
prt,sex_t,age_aggregate_y25_54,2024,86.679
prt,sex_t,age_aggregate_y55_64,1986,44.539
prt,sex_t,age_aggregate_y55_64,1987,44.538
prt,sex_t,age_aggregate_y55_64,1988,45.675
prt,sex_t,age_aggregate_y55_64,1989,46.053
prt,sex_t,age_aggregate_y55_64,1990,46.757
prt,sex_t,age_aggregate_y55_64,1991,49.363
prt,sex_t,age_aggregate_y55_64,1992,47.252
prt,sex_t,age_aggregate_y55_64,1993,45.633
prt,sex_t,age_aggregate_y55_64,1994,45.839
prt,sex_t,age_aggregate_y55_64,1995,45.529
prt,sex_t,age_aggregate_y55_64,1996,46.305
prt,sex_t,age_aggregate_y55_64,1997,46.831
prt,sex_t,age_aggregate_y55_64,1998,50.377
prt,sex_t,age_aggregate_y55_64,1999,51.005
prt,sex_t,age_aggregate_y55_64,2000,51.424
prt,sex_t,age_aggregate_y55_64,2001,50.751
prt,sex_t,age_aggregate_y55_64,2002,51.944
prt,sex_t,age_aggregate_y55_64,2003,51.752
prt,sex_t,age_aggregate_y55_64,2004,50.172
prt,sex_t,age_aggregate_y55_64,2005,50.412
prt,sex_t,age_aggregate_y55_64,2006,50.051
prt,sex_t,age_aggregate_y55_64,2007,51.039
prt,sex_t,age_aggregate_y55_64,2008,50.728
prt,sex_t,age_aggregate_y55_64,2009,49.69
prt,sex_t,age_aggregate_y55_64,2010,49.464
prt,sex_t,age_aggregate_y55_64,2011,47.79
prt,sex_t,age_aggregate_y55_64,2012,46.504
prt,sex_t,age_aggregate_y55_64,2013,46.862
prt,sex_t,age_aggregate_y55_64,2014,47.931
prt,sex_t,age_aggregate_y55_64,2015,50.005
prt,sex_t,age_aggregate_y55_64,2016,52.065
prt,sex_t,age_aggregate_y55_64,2017,56.242
prt,sex_t,age_aggregate_y55_64,2018,59.168
prt,sex_t,age_aggregate_y55_64,2019,60.197
prt,sex_t,age_aggregate_y55_64,2020,60.149
prt,sex_t,age_aggregate_y55_64,2021,62.034
prt,sex_t,age_aggregate_y55_64,2022,65.001
prt,sex_t,age_aggregate_y55_64,2023,66.409
prt,sex_t,age_aggregate_y55_64,2024,67.6
prt,sex_t,age_aggregate_yge65,1986,12.26
prt,sex_t,age_aggregate_yge65,1987,13.187
prt,sex_t,age_aggregate_yge65,1988,12.737
prt,sex_t,age_aggregate_yge65,1989,13.189
prt,sex_t,age_aggregate_yge65,1990,12.688
prt,sex_t,age_aggregate_yge65,1991,14.07
prt,sex_t,age_aggregate_yge65,1992,12.586
prt,sex_t,age_aggregate_yge65,1993,13.236
prt,sex_t,age_aggregate_yge65,1994,13.957
prt,sex_t,age_aggregate_yge65,1995,14.421
prt,sex_t,age_aggregate_yge65,1996,15.382
prt,sex_t,age_aggregate_yge65,1997,16.032
prt,sex_t,age_aggregate_yge65,1998,17.687
prt,sex_t,age_aggregate_yge65,1999,17.262
prt,sex_t,age_aggregate_yge65,2000,17.975
prt,sex_t,age_aggregate_yge65,2001,18.845
prt,sex_t,age_aggregate_yge65,2002,19.116
prt,sex_t,age_aggregate_yge65,2003,18.703
prt,sex_t,age_aggregate_yge65,2004,17.823
prt,sex_t,age_aggregate_yge65,2005,17.894
prt,sex_t,age_aggregate_yge65,2006,17.841
prt,sex_t,age_aggregate_yge65,2007,18.033
prt,sex_t,age_aggregate_yge65,2008,17.519
prt,sex_t,age_aggregate_yge65,2009,16.916
prt,sex_t,age_aggregate_yge65,2010,16.447
prt,sex_t,age_aggregate_yge65,2011,14.221
prt,sex_t,age_aggregate_yge65,2012,14.428
prt,sex_t,age_aggregate_yge65,2013,13.145
prt,sex_t,age_aggregate_yge65,2014,11.654
prt,sex_t,age_aggregate_yge65,2015,11.314
prt,sex_t,age_aggregate_yge65,2016,10.869
prt,sex_t,age_aggregate_yge65,2017,11.094
prt,sex_t,age_aggregate_yge65,2018,11.35
prt,sex_t,age_aggregate_yge65,2019,11.61
prt,sex_t,age_aggregate_yge65,2020,11.231
prt,sex_t,age_aggregate_yge65,2021,7.66
prt,sex_t,age_aggregate_yge65,2022,8.562
prt,sex_t,age_aggregate_yge65,2023,8.972
prt,sex_t,age_aggregate_yge65,2024,8.8
prt,sex_t,age_ythadult_y15_24,1986,48.85
prt,sex_t,age_ythadult_y15_24,1987,50.713
prt,sex_t,age_ythadult_y15_24,1988,51.933
prt,sex_t,age_ythadult_y15_24,1989,52.51
prt,sex_t,age_ythadult_y15_24,1990,52.367
prt,sex_t,age_ythadult_y15_24,1991,51.671
prt,sex_t,age_ythadult_y15_24,1992,46.023
prt,sex_t,age_ythadult_y15_24,1993,41.748
prt,sex_t,age_ythadult_y15_24,1994,38.654
prt,sex_t,age_ythadult_y15_24,1995,36.245
prt,sex_t,age_ythadult_y15_24,1996,35.132
prt,sex_t,age_ythadult_y15_24,1997,37.916
prt,sex_t,age_ythadult_y15_24,1998,42.612
prt,sex_t,age_ythadult_y15_24,1999,42.081
prt,sex_t,age_ythadult_y15_24,2000,41.091
prt,sex_t,age_ythadult_y15_24,2001,42.376
prt,sex_t,age_ythadult_y15_24,2002,42.189
prt,sex_t,age_ythadult_y15_24,2003,38.795
prt,sex_t,age_ythadult_y15_24,2004,36.646
prt,sex_t,age_ythadult_y15_24,2005,35.287
prt,sex_t,age_ythadult_y15_24,2006,34.779
prt,sex_t,age_ythadult_y15_24,2007,34.415
prt,sex_t,age_ythadult_y15_24,2008,34.077
prt,sex_t,age_ythadult_y15_24,2009,30.838
prt,sex_t,age_ythadult_y15_24,2010,27.9
prt,sex_t,age_ythadult_y15_24,2011,26.568
prt,sex_t,age_ythadult_y15_24,2012,22.912
prt,sex_t,age_ythadult_y15_24,2013,21.521
prt,sex_t,age_ythadult_y15_24,2014,22.493
prt,sex_t,age_ythadult_y15_24,2015,22.946
prt,sex_t,age_ythadult_y15_24,2016,24.067
prt,sex_t,age_ythadult_y15_24,2017,25.955
prt,sex_t,age_ythadult_y15_24,2018,27.327
prt,sex_t,age_ythadult_y15_24,2019,27.992
prt,sex_t,age_ythadult_y15_24,2020,23.606
prt,sex_t,age_ythadult_y15_24,2021,23.016
prt,sex_t,age_ythadult_y15_24,2022,25.358
prt,sex_t,age_ythadult_y15_24,2023,28.135
prt,sex_t,age_ythadult_y15_24,2024,27.2
prt,sex_t,age_ythadult_y15_64,1986,61.526
prt,sex_t,age_ythadult_y15_64,1987,62.799
prt,sex_t,age_ythadult_y15_64,1988,64.015
prt,sex_t,age_ythadult_y15_64,1989,65.108
prt,sex_t,age_ythadult_y15_64,1990,65.454
prt,sex_t,age_ythadult_y15_64,1991,67.642
prt,sex_t,age_ythadult_y15_64,1992,65.907
prt,sex_t,age_ythadult_y15_64,1993,64.35
prt,sex_t,age_ythadult_y15_64,1994,62.884
prt,sex_t,age_ythadult_y15_64,1995,62.454
prt,sex_t,age_ythadult_y15_64,1996,62.312
prt,sex_t,age_ythadult_y15_64,1997,63.442
prt,sex_t,age_ythadult_y15_64,1998,67.125
prt,sex_t,age_ythadult_y15_64,1999,67.451
prt,sex_t,age_ythadult_y15_64,2000,68.192
prt,sex_t,age_ythadult_y15_64,2001,68.894
prt,sex_t,age_ythadult_y15_64,2002,69.139
prt,sex_t,age_ythadult_y15_64,2003,68.094
prt,sex_t,age_ythadult_y15_64,2004,67.756
prt,sex_t,age_ythadult_y15_64,2005,67.308
prt,sex_t,age_ythadult_y15_64,2006,67.633
prt,sex_t,age_ythadult_y15_64,2007,67.61
prt,sex_t,age_ythadult_y15_64,2008,68.015
prt,sex_t,age_ythadult_y15_64,2009,66.083
prt,sex_t,age_ythadult_y15_64,2010,65.27
prt,sex_t,age_ythadult_y15_64,2011,63.781
prt,sex_t,age_ythadult_y15_64,2012,61.396
prt,sex_t,age_ythadult_y15_64,2013,60.547
prt,sex_t,age_ythadult_y15_64,2014,62.606
prt,sex_t,age_ythadult_y15_64,2015,63.91
prt,sex_t,age_ythadult_y15_64,2016,65.262
prt,sex_t,age_ythadult_y15_64,2017,67.801
prt,sex_t,age_ythadult_y15_64,2018,69.662
prt,sex_t,age_ythadult_y15_64,2019,70.41
prt,sex_t,age_ythadult_y15_64,2020,68.836
prt,sex_t,age_ythadult_y15_64,2021,69.632
prt,sex_t,age_ythadult_y15_64,2022,71.358
prt,sex_t,age_ythadult_y15_64,2023,72.393
prt,sex_t,age_ythadult_y15_64,2024,72.8
prt,sex_t,age_ythadult_yge15,1978,55.83
prt,sex_t,age_ythadult_yge15,1979,56.93
prt,sex_t,age_ythadult_yge15,1980,56.36
prt,sex_t,age_ythadult_yge15,1981,57.15
prt,sex_t,age_ythadult_yge15,1982,56.47
prt,sex_t,age_ythadult_yge15,1984,58.44
prt,sex_t,age_ythadult_yge15,1985,54.26
prt,sex_t,age_ythadult_yge15,1986,53.51
prt,sex_t,age_ythadult_yge15,1987,54.258
prt,sex_t,age_ythadult_yge15,1988,54.942
prt,sex_t,age_ythadult_yge15,1989,55.893
prt,sex_t,age_ythadult_yge15,1990,56.131
prt,sex_t,age_ythadult_yge15,1991,58.163
prt,sex_t,age_ythadult_yge15,1992,57.052
prt,sex_t,age_ythadult_yge15,1993,55.685
prt,sex_t,age_ythadult_yge15,1994,54.527
prt,sex_t,age_ythadult_yge15,1995,54.03
prt,sex_t,age_ythadult_yge15,1996,53.511
prt,sex_t,age_ythadult_yge15,1997,53.947
prt,sex_t,age_ythadult_yge15,1998,57.778
prt,sex_t,age_ythadult_yge15,1999,57.883
prt,sex_t,age_ythadult_yge15,2000,58.487
prt,sex_t,age_ythadult_yge15,2001,59.076
prt,sex_t,age_ythadult_yge15,2002,59.224
prt,sex_t,age_ythadult_yge15,2003,58.184
prt,sex_t,age_ythadult_yge15,2004,57.632
prt,sex_t,age_ythadult_yge15,2005,57.171
prt,sex_t,age_ythadult_yge15,2006,57.316
prt,sex_t,age_ythadult_yge15,2007,57.25
prt,sex_t,age_ythadult_yge15,2008,57.344
prt,sex_t,age_ythadult_yge15,2009,55.568
prt,sex_t,age_ythadult_yge15,2010,54.631
prt,sex_t,age_ythadult_yge15,2011,52.695
prt,sex_t,age_ythadult_yge15,2012,50.724
prt,sex_t,age_ythadult_yge15,2013,49.562
prt,sex_t,age_ythadult_yge15,2014,50.548
prt,sex_t,age_ythadult_yge15,2015,51.231
prt,sex_t,age_ythadult_yge15,2016,51.895
prt,sex_t,age_ythadult_yge15,2017,53.619
prt,sex_t,age_ythadult_yge15,2018,54.819
prt,sex_t,age_ythadult_yge15,2019,55.138
prt,sex_t,age_ythadult_yge15,2020,53.566
prt,sex_t,age_ythadult_yge15,2021,52.947
prt,sex_t,age_ythadult_yge15,2022,54.22
prt,sex_t,age_ythadult_yge15,2023,54.873
prt,sex_t,age_ythadult_yge15,2024,54.9
prt,sex_t,age_ythadult_yge25,1986,54.716
prt,sex_t,age_ythadult_yge25,1987,55.16
prt,sex_t,age_ythadult_yge25,1988,55.702
prt,sex_t,age_ythadult_yge25,1989,56.73
prt,sex_t,age_ythadult_yge25,1990,57.072
prt,sex_t,age_ythadult_yge25,1991,59.73
prt,sex_t,age_ythadult_yge25,1992,59.77
prt,sex_t,age_ythadult_yge25,1993,59.179
prt,sex_t,age_ythadult_yge25,1994,58.603
prt,sex_t,age_ythadult_yge25,1995,58.435
prt,sex_t,age_ythadult_yge25,1996,57.942
prt,sex_t,age_ythadult_yge25,1997,57.635
prt,sex_t,age_ythadult_yge25,1998,61.136
prt,sex_t,age_ythadult_yge25,1999,61.295
prt,sex_t,age_ythadult_yge25,2000,62.112
prt,sex_t,age_ythadult_yge25,2001,62.429
prt,sex_t,age_ythadult_yge25,2002,62.497
prt,sex_t,age_ythadult_yge25,2003,61.741
prt,sex_t,age_ythadult_yge25,2004,61.351
prt,sex_t,age_ythadult_yge25,2005,60.899
prt,sex_t,age_ythadult_yge25,2006,61.023
prt,sex_t,age_ythadult_yge25,2007,60.893
prt,sex_t,age_ythadult_yge25,2008,60.955
prt,sex_t,age_ythadult_yge25,2009,59.316
prt,sex_t,age_ythadult_yge25,2010,58.594
prt,sex_t,age_ythadult_yge25,2011,56.505
prt,sex_t,age_ythadult_yge25,2012,54.736
prt,sex_t,age_ythadult_yge25,2013,53.568
prt,sex_t,age_ythadult_yge25,2014,54.532
prt,sex_t,age_ythadult_yge25,2015,55.244
prt,sex_t,age_ythadult_yge25,2016,55.827
prt,sex_t,age_ythadult_yge25,2017,57.505
prt,sex_t,age_ythadult_yge25,2018,58.66
prt,sex_t,age_ythadult_yge25,2019,58.905
prt,sex_t,age_ythadult_yge25,2020,57.7
prt,sex_t,age_ythadult_yge25,2021,57.054
prt,sex_t,age_ythadult_yge25,2022,58.146
prt,sex_t,age_ythadult_yge25,2023,58.452
prt,sex_t,age_ythadult_yge25,2024,58.6
