ref_area,sex,classif1,classif2,time,une_tune_sex_age_edu_nb
sdn,sex_f,age_10yrbands_total,edu_aggregate_adv,2008,72.772
sdn,sex_f,age_10yrbands_total,edu_aggregate_adv,2011,209.554
sdn,sex_f,age_10yrbands_total,edu_aggregate_adv,2022,135.418
sdn,sex_f,age_10yrbands_total,edu_aggregate_bas,2008,82.604
sdn,sex_f,age_10yrbands_total,edu_aggregate_bas,2011,168.073
sdn,sex_f,age_10yrbands_total,edu_aggregate_bas,2022,7.946
sdn,sex_f,age_10yrbands_total,edu_aggregate_int,2008,10.638
sdn,sex_f,age_10yrbands_total,edu_aggregate_int,2011,149.772
sdn,sex_f,age_10yrbands_total,edu_aggregate_int,2022,46.13
sdn,sex_f,age_10yrbands_total,edu_aggregate_ltb,2008,355.363
sdn,sex_f,age_10yrbands_total,edu_aggregate_ltb,2011,221.64
sdn,sex_f,age_10yrbands_total,edu_aggregate_ltb,2022,35.228
sdn,sex_f,age_10yrbands_total,edu_aggregate_total,2008,527.168
sdn,sex_f,age_10yrbands_total,edu_aggregate_total,2011,751.148
sdn,sex_f,age_10yrbands_total,edu_aggregate_total,2022,265.16
sdn,sex_f,age_10yrbands_total,edu_aggregate_x,2008,5.79
sdn,sex_f,age_10yrbands_total,edu_aggregate_x,2011,2.108
sdn,sex_f,age_10yrbands_total,edu_aggregate_x,2022,40.439
sdn,sex_f,age_10yrbands_total,edu_isced11_0,2008,12.704
sdn,sex_f,age_10yrbands_total,edu_isced11_0,2011,42.693
sdn,sex_f,age_10yrbands_total,edu_isced11_0,2022,15.971
sdn,sex_f,age_10yrbands_total,edu_isced11_1,2008,30.447
sdn,sex_f,age_10yrbands_total,edu_isced11_1,2011,146.149
sdn,sex_f,age_10yrbands_total,edu_isced11_1,2022,5.589
sdn,sex_f,age_10yrbands_total,edu_isced11_2,2008,52.157
sdn,sex_f,age_10yrbands_total,edu_isced11_2,2011,21.924
sdn,sex_f,age_10yrbands_total,edu_isced11_2,2022,2.357
sdn,sex_f,age_10yrbands_total,edu_isced11_3,2008,3.248
sdn,sex_f,age_10yrbands_total,edu_isced11_3,2011,149.772
sdn,sex_f,age_10yrbands_total,edu_isced11_3,2022,46.119
sdn,sex_f,age_10yrbands_total,edu_isced11_4,2008,7.39
sdn,sex_f,age_10yrbands_total,edu_isced11_5,2011,7.471
sdn,sex_f,age_10yrbands_total,edu_isced11_5,2022,8.766
sdn,sex_f,age_10yrbands_total,edu_isced11_6,2008,71.387
sdn,sex_f,age_10yrbands_total,edu_isced11_6,2011,200.443
sdn,sex_f,age_10yrbands_total,edu_isced11_6,2022,123.736
sdn,sex_f,age_10yrbands_total,edu_isced11_7,2008,1.194
sdn,sex_f,age_10yrbands_total,edu_isced11_8,2008,0.19
sdn,sex_f,age_10yrbands_total,edu_isced11_9,2008,5.79
sdn,sex_f,age_10yrbands_total,edu_isced11_9,2011,2.108
sdn,sex_f,age_10yrbands_total,edu_isced11_9,2022,40.439
sdn,sex_f,age_10yrbands_total,edu_isced11_total,2008,527.168
sdn,sex_f,age_10yrbands_total,edu_isced11_total,2011,751.148
sdn,sex_f,age_10yrbands_total,edu_isced11_total,2022,265.16
sdn,sex_f,age_10yrbands_total,edu_isced11_x,2008,342.659
sdn,sex_f,age_10yrbands_total,edu_isced11_x,2011,178.948
sdn,sex_f,age_10yrbands_total,edu_isced11_x,2022,19.258
sdn,sex_f,age_10yrbands_y15_24,edu_aggregate_adv,2008,23.422
sdn,sex_f,age_10yrbands_y15_24,edu_aggregate_adv,2011,73.559
sdn,sex_f,age_10yrbands_y15_24,edu_aggregate_adv,2022,26.964
sdn,sex_f,age_10yrbands_y15_24,edu_aggregate_bas,2008,35.518
sdn,sex_f,age_10yrbands_y15_24,edu_aggregate_bas,2011,70.131
sdn,sex_f,age_10yrbands_y15_24,edu_aggregate_bas,2022,0.789
sdn,sex_f,age_10yrbands_y15_24,edu_aggregate_int,2008,3.221
sdn,sex_f,age_10yrbands_y15_24,edu_aggregate_int,2011,51.525
sdn,sex_f,age_10yrbands_y15_24,edu_aggregate_int,2022,6.695
sdn,sex_f,age_10yrbands_y15_24,edu_aggregate_ltb,2008,135.303
sdn,sex_f,age_10yrbands_y15_24,edu_aggregate_ltb,2011,64.708
sdn,sex_f,age_10yrbands_y15_24,edu_aggregate_ltb,2022,8.384
sdn,sex_f,age_10yrbands_y15_24,edu_aggregate_total,2008,201.172
sdn,sex_f,age_10yrbands_y15_24,edu_aggregate_total,2011,260.615
sdn,sex_f,age_10yrbands_y15_24,edu_aggregate_total,2022,43.368
sdn,sex_f,age_10yrbands_y15_24,edu_aggregate_x,2008,3.708
sdn,sex_f,age_10yrbands_y15_24,edu_aggregate_x,2022,0.536
sdn,sex_f,age_10yrbands_y15_24,edu_isced11_0,2008,4.22
sdn,sex_f,age_10yrbands_y15_24,edu_isced11_0,2011,15.327
sdn,sex_f,age_10yrbands_y15_24,edu_isced11_1,2008,14.451
sdn,sex_f,age_10yrbands_y15_24,edu_isced11_1,2011,67.932
sdn,sex_f,age_10yrbands_y15_24,edu_isced11_2,2008,21.067
sdn,sex_f,age_10yrbands_y15_24,edu_isced11_3,2008,1.121
sdn,sex_f,age_10yrbands_y15_24,edu_isced11_3,2011,51.525
sdn,sex_f,age_10yrbands_y15_24,edu_isced11_3,2022,6.695
sdn,sex_f,age_10yrbands_y15_24,edu_isced11_4,2008,2.1
sdn,sex_f,age_10yrbands_y15_24,edu_isced11_5,2011,1.669
sdn,sex_f,age_10yrbands_y15_24,edu_isced11_6,2008,23.189
sdn,sex_f,age_10yrbands_y15_24,edu_isced11_6,2011,71.726
sdn,sex_f,age_10yrbands_y15_24,edu_isced11_6,2022,26.487
sdn,sex_f,age_10yrbands_y15_24,edu_isced11_7,2008,0.165
sdn,sex_f,age_10yrbands_y15_24,edu_isced11_8,2008,0.068
sdn,sex_f,age_10yrbands_y15_24,edu_isced11_9,2008,3.708
sdn,sex_f,age_10yrbands_y15_24,edu_isced11_9,2022,0.536
sdn,sex_f,age_10yrbands_y15_24,edu_isced11_total,2008,201.172
sdn,sex_f,age_10yrbands_y15_24,edu_isced11_total,2011,260.615
sdn,sex_f,age_10yrbands_y15_24,edu_isced11_total,2022,43.368
sdn,sex_f,age_10yrbands_y15_24,edu_isced11_x,2008,131.083
sdn,sex_f,age_10yrbands_y15_24,edu_isced11_x,2011,49.381
sdn,sex_f,age_10yrbands_y25_34,edu_aggregate_adv,2008,42.354
sdn,sex_f,age_10yrbands_y25_34,edu_aggregate_adv,2011,116.995
sdn,sex_f,age_10yrbands_y25_34,edu_aggregate_adv,2022,103.082
sdn,sex_f,age_10yrbands_y25_34,edu_aggregate_bas,2008,31.357
sdn,sex_f,age_10yrbands_y25_34,edu_aggregate_bas,2011,59.893
sdn,sex_f,age_10yrbands_y25_34,edu_aggregate_bas,2022,6.48
sdn,sex_f,age_10yrbands_y25_34,edu_aggregate_int,2008,5.198
sdn,sex_f,age_10yrbands_y25_34,edu_aggregate_int,2011,72.949
sdn,sex_f,age_10yrbands_y25_34,edu_aggregate_int,2022,14.561
sdn,sex_f,age_10yrbands_y25_34,edu_aggregate_ltb,2008,92.863
sdn,sex_f,age_10yrbands_y25_34,edu_aggregate_ltb,2011,66.386
sdn,sex_f,age_10yrbands_y25_34,edu_aggregate_ltb,2022,2.068
sdn,sex_f,age_10yrbands_y25_34,edu_aggregate_total,2008,172.975
sdn,sex_f,age_10yrbands_y25_34,edu_aggregate_total,2011,316.961
sdn,sex_f,age_10yrbands_y25_34,edu_aggregate_total,2022,141.952
sdn,sex_f,age_10yrbands_y25_34,edu_aggregate_x,2008,1.203
sdn,sex_f,age_10yrbands_y25_34,edu_aggregate_x,2022,15.762
sdn,sex_f,age_10yrbands_y25_34,edu_isced11_0,2008,3.165
sdn,sex_f,age_10yrbands_y25_34,edu_isced11_0,2011,15.389
sdn,sex_f,age_10yrbands_y25_34,edu_isced11_1,2008,10.139
sdn,sex_f,age_10yrbands_y25_34,edu_isced11_1,2011,56.98
sdn,sex_f,age_10yrbands_y25_34,edu_isced11_2,2008,21.218
sdn,sex_f,age_10yrbands_y25_34,edu_isced11_2,2011,2.913
sdn,sex_f,age_10yrbands_y25_34,edu_isced11_3,2008,1.146
sdn,sex_f,age_10yrbands_y25_34,edu_isced11_3,2011,72.949
sdn,sex_f,age_10yrbands_y25_34,edu_isced11_3,2022,14.561
sdn,sex_f,age_10yrbands_y25_34,edu_isced11_4,2008,4.052
sdn,sex_f,age_10yrbands_y25_34,edu_isced11_5,2011,5.318
sdn,sex_f,age_10yrbands_y25_34,edu_isced11_6,2008,41.575
sdn,sex_f,age_10yrbands_y25_34,edu_isced11_6,2011,110.62
sdn,sex_f,age_10yrbands_y25_34,edu_isced11_6,2022,95.683
sdn,sex_f,age_10yrbands_y25_34,edu_isced11_7,2008,0.721
sdn,sex_f,age_10yrbands_y25_34,edu_isced11_8,2008,0.057
sdn,sex_f,age_10yrbands_y25_34,edu_isced11_9,2008,1.203
sdn,sex_f,age_10yrbands_y25_34,edu_isced11_9,2022,15.762
sdn,sex_f,age_10yrbands_y25_34,edu_isced11_total,2008,172.975
sdn,sex_f,age_10yrbands_y25_34,edu_isced11_total,2011,316.961
sdn,sex_f,age_10yrbands_y25_34,edu_isced11_total,2022,141.952
sdn,sex_f,age_10yrbands_y25_34,edu_isced11_x,2008,89.698
sdn,sex_f,age_10yrbands_y25_34,edu_isced11_x,2011,50.997
sdn,sex_f,age_10yrbands_y35_44,edu_aggregate_adv,2008,5.635
sdn,sex_f,age_10yrbands_y35_44,edu_aggregate_adv,2011,14.432
sdn,sex_f,age_10yrbands_y35_44,edu_aggregate_adv,2022,2.942
sdn,sex_f,age_10yrbands_y35_44,edu_aggregate_bas,2008,11.98
sdn,sex_f,age_10yrbands_y35_44,edu_aggregate_bas,2011,29.604
sdn,sex_f,age_10yrbands_y35_44,edu_aggregate_int,2008,1.494
sdn,sex_f,age_10yrbands_y35_44,edu_aggregate_int,2011,19.72
sdn,sex_f,age_10yrbands_y35_44,edu_aggregate_ltb,2008,64.121
sdn,sex_f,age_10yrbands_y35_44,edu_aggregate_ltb,2011,39.983
sdn,sex_f,age_10yrbands_y35_44,edu_aggregate_ltb,2022,14.664
sdn,sex_f,age_10yrbands_y35_44,edu_aggregate_total,2008,83.785
sdn,sex_f,age_10yrbands_y35_44,edu_aggregate_total,2011,103.739
sdn,sex_f,age_10yrbands_y35_44,edu_aggregate_total,2022,50.972
sdn,sex_f,age_10yrbands_y35_44,edu_aggregate_x,2008,0.554
sdn,sex_f,age_10yrbands_y35_44,edu_aggregate_x,2022,17.888
sdn,sex_f,age_10yrbands_y35_44,edu_isced11_0,2008,2.553
sdn,sex_f,age_10yrbands_y35_44,edu_isced11_0,2011,7.287
sdn,sex_f,age_10yrbands_y35_44,edu_isced11_1,2008,4.288
sdn,sex_f,age_10yrbands_y35_44,edu_isced11_1,2011,16.934
sdn,sex_f,age_10yrbands_y35_44,edu_isced11_2,2008,7.692
sdn,sex_f,age_10yrbands_y35_44,edu_isced11_2,2011,12.67
sdn,sex_f,age_10yrbands_y35_44,edu_isced11_3,2008,0.583
sdn,sex_f,age_10yrbands_y35_44,edu_isced11_3,2011,19.72
sdn,sex_f,age_10yrbands_y35_44,edu_isced11_4,2008,0.911
sdn,sex_f,age_10yrbands_y35_44,edu_isced11_6,2008,5.386
sdn,sex_f,age_10yrbands_y35_44,edu_isced11_6,2011,14.268
sdn,sex_f,age_10yrbands_y35_44,edu_isced11_6,2022,1.566
sdn,sex_f,age_10yrbands_y35_44,edu_isced11_7,2008,0.216
sdn,sex_f,age_10yrbands_y35_44,edu_isced11_9,2008,0.554
sdn,sex_f,age_10yrbands_y35_44,edu_isced11_9,2022,17.888
sdn,sex_f,age_10yrbands_y35_44,edu_isced11_total,2008,83.785
sdn,sex_f,age_10yrbands_y35_44,edu_isced11_total,2011,103.739
sdn,sex_f,age_10yrbands_y35_44,edu_isced11_total,2022,50.972
sdn,sex_f,age_10yrbands_y35_44,edu_isced11_x,2008,61.568
sdn,sex_f,age_10yrbands_y35_44,edu_isced11_x,2011,32.696
sdn,sex_f,age_10yrbands_y35_44,edu_isced11_x,2022,8.691
sdn,sex_f,age_10yrbands_y45_54,edu_aggregate_adv,2008,0.936
sdn,sex_f,age_10yrbands_y45_54,edu_aggregate_adv,2011,3.366
sdn,sex_f,age_10yrbands_y45_54,edu_aggregate_bas,2008,2.633
sdn,sex_f,age_10yrbands_y45_54,edu_aggregate_bas,2011,7.244
sdn,sex_f,age_10yrbands_y45_54,edu_aggregate_int,2008,0.506
sdn,sex_f,age_10yrbands_y45_54,edu_aggregate_int,2011,3.612
sdn,sex_f,age_10yrbands_y45_54,edu_aggregate_ltb,2008,35.718
sdn,sex_f,age_10yrbands_y45_54,edu_aggregate_ltb,2011,35.958
sdn,sex_f,age_10yrbands_y45_54,edu_aggregate_ltb,2022,10.027
sdn,sex_f,age_10yrbands_y45_54,edu_aggregate_total,2008,39.956
sdn,sex_f,age_10yrbands_y45_54,edu_aggregate_total,2011,50.6
sdn,sex_f,age_10yrbands_y45_54,edu_aggregate_total,2022,27.103
sdn,sex_f,age_10yrbands_y45_54,edu_aggregate_x,2008,0.163
sdn,sex_f,age_10yrbands_y45_54,edu_isced11_0,2008,1.672
sdn,sex_f,age_10yrbands_y45_54,edu_isced11_0,2011,3.71
sdn,sex_f,age_10yrbands_y45_54,edu_isced11_1,2008,1.003
sdn,sex_f,age_10yrbands_y45_54,edu_isced11_1,2011,4.303
sdn,sex_f,age_10yrbands_y45_54,edu_isced11_2,2008,1.631
sdn,sex_f,age_10yrbands_y45_54,edu_isced11_3,2008,0.264
sdn,sex_f,age_10yrbands_y45_54,edu_isced11_3,2011,3.612
sdn,sex_f,age_10yrbands_y45_54,edu_isced11_4,2008,0.241
sdn,sex_f,age_10yrbands_y45_54,edu_isced11_6,2008,0.85
sdn,sex_f,age_10yrbands_y45_54,edu_isced11_6,2011,2.627
sdn,sex_f,age_10yrbands_y45_54,edu_isced11_7,2008,0.054
sdn,sex_f,age_10yrbands_y45_54,edu_isced11_9,2008,0.163
sdn,sex_f,age_10yrbands_y45_54,edu_isced11_total,2008,39.956
sdn,sex_f,age_10yrbands_y45_54,edu_isced11_total,2011,50.6
sdn,sex_f,age_10yrbands_y45_54,edu_isced11_total,2022,27.103
sdn,sex_f,age_10yrbands_y45_54,edu_isced11_x,2008,34.046
sdn,sex_f,age_10yrbands_y45_54,edu_isced11_x,2011,32.248
sdn,sex_f,age_10yrbands_y55_64,edu_aggregate_adv,2008,0.247
sdn,sex_f,age_10yrbands_y55_64,edu_aggregate_bas,2008,0.686
sdn,sex_f,age_10yrbands_y55_64,edu_aggregate_int,2008,0.112
sdn,sex_f,age_10yrbands_y55_64,edu_aggregate_ltb,2008,15.876
sdn,sex_f,age_10yrbands_y55_64,edu_aggregate_ltb,2011,12.334
sdn,sex_f,age_10yrbands_y55_64,edu_aggregate_total,2008,17
sdn,sex_f,age_10yrbands_y55_64,edu_aggregate_total,2011,15.759
sdn,sex_f,age_10yrbands_y55_64,edu_aggregate_x,2008,0.078
sdn,sex_f,age_10yrbands_y55_64,edu_isced11_0,2008,0.652
sdn,sex_f,age_10yrbands_y55_64,edu_isced11_1,2008,0.337
sdn,sex_f,age_10yrbands_y55_64,edu_isced11_2,2008,0.35
sdn,sex_f,age_10yrbands_y55_64,edu_isced11_3,2008,0.067
sdn,sex_f,age_10yrbands_y55_64,edu_isced11_4,2008,0.045
sdn,sex_f,age_10yrbands_y55_64,edu_isced11_6,2008,0.229
sdn,sex_f,age_10yrbands_y55_64,edu_isced11_9,2008,0.078
sdn,sex_f,age_10yrbands_y55_64,edu_isced11_total,2008,17
sdn,sex_f,age_10yrbands_y55_64,edu_isced11_total,2011,15.759
sdn,sex_f,age_10yrbands_y55_64,edu_isced11_x,2008,15.223
sdn,sex_f,age_10yrbands_y55_64,edu_isced11_x,2011,11.353
sdn,sex_f,age_10yrbands_yge65,edu_aggregate_adv,2008,0.178
sdn,sex_f,age_10yrbands_yge65,edu_aggregate_bas,2008,0.43
sdn,sex_f,age_10yrbands_yge65,edu_aggregate_int,2008,0.107
sdn,sex_f,age_10yrbands_yge65,edu_aggregate_ltb,2008,11.482
sdn,sex_f,age_10yrbands_yge65,edu_aggregate_ltb,2011,2.272
sdn,sex_f,age_10yrbands_yge65,edu_aggregate_total,2008,12.281
sdn,sex_f,age_10yrbands_yge65,edu_aggregate_total,2011,3.473
sdn,sex_f,age_10yrbands_yge65,edu_aggregate_x,2008,0.083
sdn,sex_f,age_10yrbands_yge65,edu_isced11_0,2008,0.441
sdn,sex_f,age_10yrbands_yge65,edu_isced11_1,2008,0.229
sdn,sex_f,age_10yrbands_yge65,edu_isced11_2,2008,0.201
sdn,sex_f,age_10yrbands_yge65,edu_isced11_3,2008,0.066
sdn,sex_f,age_10yrbands_yge65,edu_isced11_6,2008,0.158
sdn,sex_f,age_10yrbands_yge65,edu_isced11_9,2008,0.083
sdn,sex_f,age_10yrbands_yge65,edu_isced11_total,2008,12.281
sdn,sex_f,age_10yrbands_yge65,edu_isced11_total,2011,3.473
sdn,sex_f,age_10yrbands_yge65,edu_isced11_x,2008,11.041
sdn,sex_f,age_10yrbands_yge65,edu_isced11_x,2011,2.272
sdn,sex_f,age_aggregate_total,edu_aggregate_adv,2008,72.772
sdn,sex_f,age_aggregate_total,edu_aggregate_adv,2011,209.554
sdn,sex_f,age_aggregate_total,edu_aggregate_adv,2022,135.418
sdn,sex_f,age_aggregate_total,edu_aggregate_bas,2008,82.604
sdn,sex_f,age_aggregate_total,edu_aggregate_bas,2011,168.073
sdn,sex_f,age_aggregate_total,edu_aggregate_bas,2022,7.946
sdn,sex_f,age_aggregate_total,edu_aggregate_int,2008,10.638
sdn,sex_f,age_aggregate_total,edu_aggregate_int,2011,149.772
sdn,sex_f,age_aggregate_total,edu_aggregate_int,2022,46.13
sdn,sex_f,age_aggregate_total,edu_aggregate_ltb,2008,355.363
sdn,sex_f,age_aggregate_total,edu_aggregate_ltb,2011,221.64
sdn,sex_f,age_aggregate_total,edu_aggregate_ltb,2022,35.228
sdn,sex_f,age_aggregate_total,edu_aggregate_total,2008,527.168
sdn,sex_f,age_aggregate_total,edu_aggregate_total,2011,751.148
sdn,sex_f,age_aggregate_total,edu_aggregate_total,2022,265.16
sdn,sex_f,age_aggregate_total,edu_aggregate_x,2008,5.79
sdn,sex_f,age_aggregate_total,edu_aggregate_x,2011,2.108
sdn,sex_f,age_aggregate_total,edu_aggregate_x,2022,40.439
sdn,sex_f,age_aggregate_total,edu_isced11_0,2008,12.704
sdn,sex_f,age_aggregate_total,edu_isced11_0,2011,42.693
sdn,sex_f,age_aggregate_total,edu_isced11_0,2022,15.971
sdn,sex_f,age_aggregate_total,edu_isced11_1,2008,30.447
sdn,sex_f,age_aggregate_total,edu_isced11_1,2011,146.149
sdn,sex_f,age_aggregate_total,edu_isced11_1,2022,5.589
sdn,sex_f,age_aggregate_total,edu_isced11_2,2008,52.157
sdn,sex_f,age_aggregate_total,edu_isced11_2,2011,21.924
sdn,sex_f,age_aggregate_total,edu_isced11_2,2022,2.357
sdn,sex_f,age_aggregate_total,edu_isced11_3,2008,3.248
sdn,sex_f,age_aggregate_total,edu_isced11_3,2011,149.772
sdn,sex_f,age_aggregate_total,edu_isced11_3,2022,46.119
sdn,sex_f,age_aggregate_total,edu_isced11_4,2008,7.39
sdn,sex_f,age_aggregate_total,edu_isced11_5,2011,7.471
sdn,sex_f,age_aggregate_total,edu_isced11_5,2022,8.766
sdn,sex_f,age_aggregate_total,edu_isced11_6,2008,71.387
sdn,sex_f,age_aggregate_total,edu_isced11_6,2011,200.443
sdn,sex_f,age_aggregate_total,edu_isced11_6,2022,123.736
sdn,sex_f,age_aggregate_total,edu_isced11_7,2008,1.194
sdn,sex_f,age_aggregate_total,edu_isced11_8,2008,0.19
sdn,sex_f,age_aggregate_total,edu_isced11_9,2008,5.79
sdn,sex_f,age_aggregate_total,edu_isced11_9,2011,2.108
sdn,sex_f,age_aggregate_total,edu_isced11_9,2022,40.439
sdn,sex_f,age_aggregate_total,edu_isced11_total,2008,527.168
sdn,sex_f,age_aggregate_total,edu_isced11_total,2011,751.148
sdn,sex_f,age_aggregate_total,edu_isced11_total,2022,265.16
sdn,sex_f,age_aggregate_total,edu_isced11_x,2008,342.659
sdn,sex_f,age_aggregate_total,edu_isced11_x,2011,178.948
sdn,sex_f,age_aggregate_total,edu_isced11_x,2022,19.258
sdn,sex_f,age_aggregate_y15_24,edu_aggregate_adv,2008,23.422
sdn,sex_f,age_aggregate_y15_24,edu_aggregate_adv,2011,73.559
sdn,sex_f,age_aggregate_y15_24,edu_aggregate_adv,2022,26.964
sdn,sex_f,age_aggregate_y15_24,edu_aggregate_bas,2008,35.518
sdn,sex_f,age_aggregate_y15_24,edu_aggregate_bas,2011,70.131
sdn,sex_f,age_aggregate_y15_24,edu_aggregate_bas,2022,0.789
sdn,sex_f,age_aggregate_y15_24,edu_aggregate_int,2008,3.221
sdn,sex_f,age_aggregate_y15_24,edu_aggregate_int,2011,51.525
sdn,sex_f,age_aggregate_y15_24,edu_aggregate_int,2022,6.695
sdn,sex_f,age_aggregate_y15_24,edu_aggregate_ltb,2008,135.303
sdn,sex_f,age_aggregate_y15_24,edu_aggregate_ltb,2011,64.708
sdn,sex_f,age_aggregate_y15_24,edu_aggregate_ltb,2022,8.384
sdn,sex_f,age_aggregate_y15_24,edu_aggregate_total,2008,201.172
sdn,sex_f,age_aggregate_y15_24,edu_aggregate_total,2011,260.615
sdn,sex_f,age_aggregate_y15_24,edu_aggregate_total,2022,43.368
sdn,sex_f,age_aggregate_y15_24,edu_aggregate_x,2008,3.708
sdn,sex_f,age_aggregate_y15_24,edu_aggregate_x,2022,0.536
sdn,sex_f,age_aggregate_y15_24,edu_isced11_0,2008,4.22
sdn,sex_f,age_aggregate_y15_24,edu_isced11_0,2011,15.327
sdn,sex_f,age_aggregate_y15_24,edu_isced11_1,2008,14.451
sdn,sex_f,age_aggregate_y15_24,edu_isced11_1,2011,67.932
sdn,sex_f,age_aggregate_y15_24,edu_isced11_2,2008,21.067
sdn,sex_f,age_aggregate_y15_24,edu_isced11_3,2008,1.121
sdn,sex_f,age_aggregate_y15_24,edu_isced11_3,2011,51.525
sdn,sex_f,age_aggregate_y15_24,edu_isced11_3,2022,6.695
sdn,sex_f,age_aggregate_y15_24,edu_isced11_4,2008,2.1
sdn,sex_f,age_aggregate_y15_24,edu_isced11_5,2011,1.669
sdn,sex_f,age_aggregate_y15_24,edu_isced11_6,2008,23.189
sdn,sex_f,age_aggregate_y15_24,edu_isced11_6,2011,71.726
sdn,sex_f,age_aggregate_y15_24,edu_isced11_6,2022,26.487
sdn,sex_f,age_aggregate_y15_24,edu_isced11_7,2008,0.165
sdn,sex_f,age_aggregate_y15_24,edu_isced11_8,2008,0.068
sdn,sex_f,age_aggregate_y15_24,edu_isced11_9,2008,3.708
sdn,sex_f,age_aggregate_y15_24,edu_isced11_9,2022,0.536
sdn,sex_f,age_aggregate_y15_24,edu_isced11_total,2008,201.172
sdn,sex_f,age_aggregate_y15_24,edu_isced11_total,2011,260.615
sdn,sex_f,age_aggregate_y15_24,edu_isced11_total,2022,43.368
sdn,sex_f,age_aggregate_y15_24,edu_isced11_x,2008,131.083
sdn,sex_f,age_aggregate_y15_24,edu_isced11_x,2011,49.381
sdn,sex_f,age_aggregate_y25_54,edu_aggregate_adv,2008,48.924
sdn,sex_f,age_aggregate_y25_54,edu_aggregate_adv,2011,134.794
sdn,sex_f,age_aggregate_y25_54,edu_aggregate_adv,2022,107.255
sdn,sex_f,age_aggregate_y25_54,edu_aggregate_bas,2008,45.97
sdn,sex_f,age_aggregate_y25_54,edu_aggregate_bas,2011,96.741
sdn,sex_f,age_aggregate_y25_54,edu_aggregate_bas,2022,7.157
sdn,sex_f,age_aggregate_y25_54,edu_aggregate_int,2008,7.198
sdn,sex_f,age_aggregate_y25_54,edu_aggregate_int,2011,96.281
sdn,sex_f,age_aggregate_y25_54,edu_aggregate_int,2022,38.952
sdn,sex_f,age_aggregate_y25_54,edu_aggregate_ltb,2008,192.702
sdn,sex_f,age_aggregate_y25_54,edu_aggregate_ltb,2011,142.326
sdn,sex_f,age_aggregate_y25_54,edu_aggregate_ltb,2022,26.759
sdn,sex_f,age_aggregate_y25_54,edu_aggregate_total,2008,296.715
sdn,sex_f,age_aggregate_y25_54,edu_aggregate_total,2011,471.3
sdn,sex_f,age_aggregate_y25_54,edu_aggregate_total,2022,220.027
sdn,sex_f,age_aggregate_y25_54,edu_aggregate_x,2008,1.921
sdn,sex_f,age_aggregate_y25_54,edu_aggregate_x,2022,39.903
sdn,sex_f,age_aggregate_y25_54,edu_isced11_0,2008,7.391
sdn,sex_f,age_aggregate_y25_54,edu_isced11_0,2011,26.385
sdn,sex_f,age_aggregate_y25_54,edu_isced11_0,2022,15.641
sdn,sex_f,age_aggregate_y25_54,edu_isced11_1,2008,15.43
sdn,sex_f,age_aggregate_y25_54,edu_isced11_1,2011,78.217
sdn,sex_f,age_aggregate_y25_54,edu_isced11_2,2008,30.54
sdn,sex_f,age_aggregate_y25_54,edu_isced11_2,2011,18.524
sdn,sex_f,age_aggregate_y25_54,edu_isced11_2,2022,1.838
sdn,sex_f,age_aggregate_y25_54,edu_isced11_3,2008,1.993
sdn,sex_f,age_aggregate_y25_54,edu_isced11_3,2011,96.281
sdn,sex_f,age_aggregate_y25_54,edu_isced11_3,2022,38.942
sdn,sex_f,age_aggregate_y25_54,edu_isced11_4,2008,5.205
sdn,sex_f,age_aggregate_y25_54,edu_isced11_5,2011,5.803
sdn,sex_f,age_aggregate_y25_54,edu_isced11_5,2022,8.289
sdn,sex_f,age_aggregate_y25_54,edu_isced11_6,2008,47.811
sdn,sex_f,age_aggregate_y25_54,edu_isced11_6,2011,127.515
sdn,sex_f,age_aggregate_y25_54,edu_isced11_6,2022,97.249
sdn,sex_f,age_aggregate_y25_54,edu_isced11_7,2008,0.991
sdn,sex_f,age_aggregate_y25_54,edu_isced11_8,2008,0.122
sdn,sex_f,age_aggregate_y25_54,edu_isced11_9,2008,1.921
sdn,sex_f,age_aggregate_y25_54,edu_isced11_9,2022,39.903
sdn,sex_f,age_aggregate_y25_54,edu_isced11_total,2008,296.715
sdn,sex_f,age_aggregate_y25_54,edu_isced11_total,2011,471.3
sdn,sex_f,age_aggregate_y25_54,edu_isced11_total,2022,220.027
sdn,sex_f,age_aggregate_y25_54,edu_isced11_x,2008,185.312
sdn,sex_f,age_aggregate_y25_54,edu_isced11_x,2011,115.941
sdn,sex_f,age_aggregate_y25_54,edu_isced11_x,2022,11.119
sdn,sex_f,age_aggregate_y55_64,edu_aggregate_adv,2008,0.247
sdn,sex_f,age_aggregate_y55_64,edu_aggregate_bas,2008,0.686
sdn,sex_f,age_aggregate_y55_64,edu_aggregate_int,2008,0.112
sdn,sex_f,age_aggregate_y55_64,edu_aggregate_ltb,2008,15.876
sdn,sex_f,age_aggregate_y55_64,edu_aggregate_ltb,2011,12.334
sdn,sex_f,age_aggregate_y55_64,edu_aggregate_total,2008,17
sdn,sex_f,age_aggregate_y55_64,edu_aggregate_total,2011,15.759
sdn,sex_f,age_aggregate_y55_64,edu_aggregate_x,2008,0.078
sdn,sex_f,age_aggregate_y55_64,edu_isced11_0,2008,0.652
sdn,sex_f,age_aggregate_y55_64,edu_isced11_1,2008,0.337
sdn,sex_f,age_aggregate_y55_64,edu_isced11_2,2008,0.35
sdn,sex_f,age_aggregate_y55_64,edu_isced11_3,2008,0.067
sdn,sex_f,age_aggregate_y55_64,edu_isced11_4,2008,0.045
sdn,sex_f,age_aggregate_y55_64,edu_isced11_6,2008,0.229
sdn,sex_f,age_aggregate_y55_64,edu_isced11_9,2008,0.078
sdn,sex_f,age_aggregate_y55_64,edu_isced11_total,2008,17
sdn,sex_f,age_aggregate_y55_64,edu_isced11_total,2011,15.759
sdn,sex_f,age_aggregate_y55_64,edu_isced11_x,2008,15.223
sdn,sex_f,age_aggregate_y55_64,edu_isced11_x,2011,11.353
sdn,sex_f,age_aggregate_yge65,edu_aggregate_adv,2008,0.178
sdn,sex_f,age_aggregate_yge65,edu_aggregate_bas,2008,0.43
sdn,sex_f,age_aggregate_yge65,edu_aggregate_int,2008,0.107
sdn,sex_f,age_aggregate_yge65,edu_aggregate_ltb,2008,11.482
sdn,sex_f,age_aggregate_yge65,edu_aggregate_ltb,2011,2.272
sdn,sex_f,age_aggregate_yge65,edu_aggregate_total,2008,12.281
sdn,sex_f,age_aggregate_yge65,edu_aggregate_total,2011,3.473
sdn,sex_f,age_aggregate_yge65,edu_aggregate_x,2008,0.083
sdn,sex_f,age_aggregate_yge65,edu_isced11_0,2008,0.441
sdn,sex_f,age_aggregate_yge65,edu_isced11_1,2008,0.229
sdn,sex_f,age_aggregate_yge65,edu_isced11_2,2008,0.201
sdn,sex_f,age_aggregate_yge65,edu_isced11_3,2008,0.066
sdn,sex_f,age_aggregate_yge65,edu_isced11_6,2008,0.158
sdn,sex_f,age_aggregate_yge65,edu_isced11_9,2008,0.083
sdn,sex_f,age_aggregate_yge65,edu_isced11_total,2008,12.281
sdn,sex_f,age_aggregate_yge65,edu_isced11_total,2011,3.473
sdn,sex_f,age_aggregate_yge65,edu_isced11_x,2008,11.041
sdn,sex_f,age_aggregate_yge65,edu_isced11_x,2011,2.272
sdn,sex_f,age_ythadult_y15_24,edu_aggregate_adv,2008,23.422
sdn,sex_f,age_ythadult_y15_24,edu_aggregate_adv,2011,73.559
sdn,sex_f,age_ythadult_y15_24,edu_aggregate_adv,2022,26.964
sdn,sex_f,age_ythadult_y15_24,edu_aggregate_bas,2008,35.518
sdn,sex_f,age_ythadult_y15_24,edu_aggregate_bas,2011,70.131
sdn,sex_f,age_ythadult_y15_24,edu_aggregate_bas,2022,0.789
sdn,sex_f,age_ythadult_y15_24,edu_aggregate_int,2008,3.221
sdn,sex_f,age_ythadult_y15_24,edu_aggregate_int,2011,51.525
sdn,sex_f,age_ythadult_y15_24,edu_aggregate_int,2022,6.695
sdn,sex_f,age_ythadult_y15_24,edu_aggregate_ltb,2008,135.303
sdn,sex_f,age_ythadult_y15_24,edu_aggregate_ltb,2011,64.708
sdn,sex_f,age_ythadult_y15_24,edu_aggregate_ltb,2022,8.384
sdn,sex_f,age_ythadult_y15_24,edu_aggregate_total,2008,201.172
sdn,sex_f,age_ythadult_y15_24,edu_aggregate_total,2011,260.615
sdn,sex_f,age_ythadult_y15_24,edu_aggregate_total,2022,43.368
sdn,sex_f,age_ythadult_y15_24,edu_aggregate_x,2008,3.708
sdn,sex_f,age_ythadult_y15_24,edu_aggregate_x,2022,0.536
sdn,sex_f,age_ythadult_y15_24,edu_isced11_0,2008,4.22
sdn,sex_f,age_ythadult_y15_24,edu_isced11_0,2011,15.327
sdn,sex_f,age_ythadult_y15_24,edu_isced11_1,2008,14.451
sdn,sex_f,age_ythadult_y15_24,edu_isced11_1,2011,67.932
sdn,sex_f,age_ythadult_y15_24,edu_isced11_2,2008,21.067
sdn,sex_f,age_ythadult_y15_24,edu_isced11_3,2008,1.121
sdn,sex_f,age_ythadult_y15_24,edu_isced11_3,2011,51.525
sdn,sex_f,age_ythadult_y15_24,edu_isced11_3,2022,6.695
sdn,sex_f,age_ythadult_y15_24,edu_isced11_4,2008,2.1
sdn,sex_f,age_ythadult_y15_24,edu_isced11_5,2011,1.669
sdn,sex_f,age_ythadult_y15_24,edu_isced11_6,2008,23.189
sdn,sex_f,age_ythadult_y15_24,edu_isced11_6,2011,71.726
sdn,sex_f,age_ythadult_y15_24,edu_isced11_6,2022,26.487
sdn,sex_f,age_ythadult_y15_24,edu_isced11_7,2008,0.165
sdn,sex_f,age_ythadult_y15_24,edu_isced11_8,2008,0.068
sdn,sex_f,age_ythadult_y15_24,edu_isced11_9,2008,3.708
sdn,sex_f,age_ythadult_y15_24,edu_isced11_9,2022,0.536
sdn,sex_f,age_ythadult_y15_24,edu_isced11_total,2008,201.172
sdn,sex_f,age_ythadult_y15_24,edu_isced11_total,2011,260.615
sdn,sex_f,age_ythadult_y15_24,edu_isced11_total,2022,43.368
sdn,sex_f,age_ythadult_y15_24,edu_isced11_x,2008,131.083
sdn,sex_f,age_ythadult_y15_24,edu_isced11_x,2011,49.381
sdn,sex_f,age_ythadult_y15_64,edu_aggregate_adv,2008,72.594
sdn,sex_f,age_ythadult_y15_64,edu_aggregate_adv,2011,208.353
sdn,sex_f,age_ythadult_y15_64,edu_aggregate_adv,2022,135.418
sdn,sex_f,age_ythadult_y15_64,edu_aggregate_bas,2008,82.174
sdn,sex_f,age_ythadult_y15_64,edu_aggregate_bas,2011,168.073
sdn,sex_f,age_ythadult_y15_64,edu_aggregate_bas,2022,7.946
sdn,sex_f,age_ythadult_y15_64,edu_aggregate_int,2008,10.531
sdn,sex_f,age_ythadult_y15_64,edu_aggregate_int,2011,149.772
sdn,sex_f,age_ythadult_y15_64,edu_aggregate_int,2022,46.13
sdn,sex_f,age_ythadult_y15_64,edu_aggregate_ltb,2008,343.881
sdn,sex_f,age_ythadult_y15_64,edu_aggregate_ltb,2011,219.368
sdn,sex_f,age_ythadult_y15_64,edu_aggregate_ltb,2022,35.228
sdn,sex_f,age_ythadult_y15_64,edu_aggregate_total,2008,514.887
sdn,sex_f,age_ythadult_y15_64,edu_aggregate_total,2011,747.674
sdn,sex_f,age_ythadult_y15_64,edu_aggregate_total,2022,265.16
sdn,sex_f,age_ythadult_y15_64,edu_aggregate_x,2008,5.707
sdn,sex_f,age_ythadult_y15_64,edu_aggregate_x,2011,2.108
sdn,sex_f,age_ythadult_y15_64,edu_aggregate_x,2022,40.439
sdn,sex_f,age_ythadult_y15_64,edu_isced11_0,2008,12.263
sdn,sex_f,age_ythadult_y15_64,edu_isced11_0,2011,42.693
sdn,sex_f,age_ythadult_y15_64,edu_isced11_0,2022,15.971
sdn,sex_f,age_ythadult_y15_64,edu_isced11_1,2008,30.218
sdn,sex_f,age_ythadult_y15_64,edu_isced11_1,2011,146.149
sdn,sex_f,age_ythadult_y15_64,edu_isced11_1,2022,5.589
sdn,sex_f,age_ythadult_y15_64,edu_isced11_2,2008,51.957
sdn,sex_f,age_ythadult_y15_64,edu_isced11_2,2011,21.924
sdn,sex_f,age_ythadult_y15_64,edu_isced11_3,2008,3.182
sdn,sex_f,age_ythadult_y15_64,edu_isced11_3,2011,149.772
sdn,sex_f,age_ythadult_y15_64,edu_isced11_3,2022,46.119
sdn,sex_f,age_ythadult_y15_64,edu_isced11_4,2008,7.349
sdn,sex_f,age_ythadult_y15_64,edu_isced11_5,2011,7.471
sdn,sex_f,age_ythadult_y15_64,edu_isced11_6,2008,71.23
sdn,sex_f,age_ythadult_y15_64,edu_isced11_6,2011,199.242
sdn,sex_f,age_ythadult_y15_64,edu_isced11_7,2008,1.174
sdn,sex_f,age_ythadult_y15_64,edu_isced11_8,2008,0.19
sdn,sex_f,age_ythadult_y15_64,edu_isced11_8,2011,1.266
sdn,sex_f,age_ythadult_y15_64,edu_isced11_9,2008,5.707
sdn,sex_f,age_ythadult_y15_64,edu_isced11_9,2011,2.108
sdn,sex_f,age_ythadult_y15_64,edu_isced11_9,2022,40.439
sdn,sex_f,age_ythadult_y15_64,edu_isced11_total,2008,514.887
sdn,sex_f,age_ythadult_y15_64,edu_isced11_total,2011,747.674
sdn,sex_f,age_ythadult_y15_64,edu_isced11_total,2022,265.16
sdn,sex_f,age_ythadult_y15_64,edu_isced11_x,2008,331.618
sdn,sex_f,age_ythadult_y15_64,edu_isced11_x,2011,176.675
sdn,sex_f,age_ythadult_y15_64,edu_isced11_x,2022,19.258
sdn,sex_f,age_ythadult_yge15,edu_aggregate_adv,2008,72.772
sdn,sex_f,age_ythadult_yge15,edu_aggregate_adv,2011,209.554
sdn,sex_f,age_ythadult_yge15,edu_aggregate_adv,2022,135.418
sdn,sex_f,age_ythadult_yge15,edu_aggregate_bas,2008,82.604
sdn,sex_f,age_ythadult_yge15,edu_aggregate_bas,2011,168.073
sdn,sex_f,age_ythadult_yge15,edu_aggregate_bas,2022,7.946
sdn,sex_f,age_ythadult_yge15,edu_aggregate_int,2008,10.638
sdn,sex_f,age_ythadult_yge15,edu_aggregate_int,2011,149.772
sdn,sex_f,age_ythadult_yge15,edu_aggregate_int,2022,46.13
sdn,sex_f,age_ythadult_yge15,edu_aggregate_ltb,2008,355.363
sdn,sex_f,age_ythadult_yge15,edu_aggregate_ltb,2011,221.64
sdn,sex_f,age_ythadult_yge15,edu_aggregate_ltb,2022,35.228
sdn,sex_f,age_ythadult_yge15,edu_aggregate_total,2008,527.168
sdn,sex_f,age_ythadult_yge15,edu_aggregate_total,2011,751.148
sdn,sex_f,age_ythadult_yge15,edu_aggregate_total,2022,265.16
sdn,sex_f,age_ythadult_yge15,edu_aggregate_x,2008,5.79
sdn,sex_f,age_ythadult_yge15,edu_aggregate_x,2011,2.108
sdn,sex_f,age_ythadult_yge15,edu_aggregate_x,2022,40.439
sdn,sex_f,age_ythadult_yge15,edu_isced11_0,2008,12.704
sdn,sex_f,age_ythadult_yge15,edu_isced11_0,2011,42.693
sdn,sex_f,age_ythadult_yge15,edu_isced11_0,2022,15.971
sdn,sex_f,age_ythadult_yge15,edu_isced11_1,2008,30.447
sdn,sex_f,age_ythadult_yge15,edu_isced11_1,2011,146.149
sdn,sex_f,age_ythadult_yge15,edu_isced11_1,2022,5.589
sdn,sex_f,age_ythadult_yge15,edu_isced11_2,2008,52.157
sdn,sex_f,age_ythadult_yge15,edu_isced11_2,2011,21.924
sdn,sex_f,age_ythadult_yge15,edu_isced11_2,2022,2.357
sdn,sex_f,age_ythadult_yge15,edu_isced11_3,2008,3.248
sdn,sex_f,age_ythadult_yge15,edu_isced11_3,2011,149.772
sdn,sex_f,age_ythadult_yge15,edu_isced11_3,2022,46.119
sdn,sex_f,age_ythadult_yge15,edu_isced11_4,2008,7.39
sdn,sex_f,age_ythadult_yge15,edu_isced11_5,2011,7.471
sdn,sex_f,age_ythadult_yge15,edu_isced11_5,2022,8.766
sdn,sex_f,age_ythadult_yge15,edu_isced11_6,2008,71.387
sdn,sex_f,age_ythadult_yge15,edu_isced11_6,2011,200.443
sdn,sex_f,age_ythadult_yge15,edu_isced11_6,2022,123.736
sdn,sex_f,age_ythadult_yge15,edu_isced11_7,2008,1.194
sdn,sex_f,age_ythadult_yge15,edu_isced11_8,2008,0.19
sdn,sex_f,age_ythadult_yge15,edu_isced11_9,2008,5.79
sdn,sex_f,age_ythadult_yge15,edu_isced11_9,2011,2.108
sdn,sex_f,age_ythadult_yge15,edu_isced11_9,2022,40.439
sdn,sex_f,age_ythadult_yge15,edu_isced11_total,2008,527.168
sdn,sex_f,age_ythadult_yge15,edu_isced11_total,2011,751.148
sdn,sex_f,age_ythadult_yge15,edu_isced11_total,2022,265.16
sdn,sex_f,age_ythadult_yge15,edu_isced11_x,2008,342.659
sdn,sex_f,age_ythadult_yge15,edu_isced11_x,2011,178.948
sdn,sex_f,age_ythadult_yge15,edu_isced11_x,2022,19.258
sdn,sex_f,age_ythadult_yge25,edu_aggregate_adv,2008,49.349
sdn,sex_f,age_ythadult_yge25,edu_aggregate_adv,2011,135.995
sdn,sex_f,age_ythadult_yge25,edu_aggregate_adv,2022,108.453
sdn,sex_f,age_ythadult_yge25,edu_aggregate_bas,2008,47.086
sdn,sex_f,age_ythadult_yge25,edu_aggregate_bas,2011,97.942
sdn,sex_f,age_ythadult_yge25,edu_aggregate_bas,2022,7.157
sdn,sex_f,age_ythadult_yge25,edu_aggregate_int,2008,7.418
sdn,sex_f,age_ythadult_yge25,edu_aggregate_int,2011,98.246
sdn,sex_f,age_ythadult_yge25,edu_aggregate_int,2022,39.435
sdn,sex_f,age_ythadult_yge25,edu_aggregate_ltb,2008,220.06
sdn,sex_f,age_ythadult_yge25,edu_aggregate_ltb,2011,156.932
sdn,sex_f,age_ythadult_yge25,edu_aggregate_ltb,2022,26.844
sdn,sex_f,age_ythadult_yge25,edu_aggregate_total,2008,325.995
sdn,sex_f,age_ythadult_yge25,edu_aggregate_total,2011,490.533
sdn,sex_f,age_ythadult_yge25,edu_aggregate_total,2022,221.793
sdn,sex_f,age_ythadult_yge25,edu_aggregate_x,2008,2.082
sdn,sex_f,age_ythadult_yge25,edu_aggregate_x,2022,39.903
sdn,sex_f,age_ythadult_yge25,edu_isced11_0,2008,8.484
sdn,sex_f,age_ythadult_yge25,edu_isced11_0,2011,27.366
sdn,sex_f,age_ythadult_yge25,edu_isced11_0,2022,15.641
sdn,sex_f,age_ythadult_yge25,edu_isced11_1,2008,15.996
sdn,sex_f,age_ythadult_yge25,edu_isced11_1,2011,78.217
sdn,sex_f,age_ythadult_yge25,edu_isced11_2,2008,31.091
sdn,sex_f,age_ythadult_yge25,edu_isced11_2,2011,19.725
sdn,sex_f,age_ythadult_yge25,edu_isced11_2,2022,1.838
sdn,sex_f,age_ythadult_yge25,edu_isced11_3,2008,2.127
sdn,sex_f,age_ythadult_yge25,edu_isced11_3,2011,98.246
sdn,sex_f,age_ythadult_yge25,edu_isced11_3,2022,39.424
sdn,sex_f,age_ythadult_yge25,edu_isced11_4,2008,5.29
sdn,sex_f,age_ythadult_yge25,edu_isced11_5,2011,5.803
sdn,sex_f,age_ythadult_yge25,edu_isced11_5,2022,8.289
sdn,sex_f,age_ythadult_yge25,edu_isced11_6,2008,48.198
sdn,sex_f,age_ythadult_yge25,edu_isced11_6,2011,128.716
sdn,sex_f,age_ythadult_yge25,edu_isced11_6,2022,97.249
sdn,sex_f,age_ythadult_yge25,edu_isced11_7,2008,1.029
sdn,sex_f,age_ythadult_yge25,edu_isced11_8,2008,0.122
sdn,sex_f,age_ythadult_yge25,edu_isced11_9,2008,2.082
sdn,sex_f,age_ythadult_yge25,edu_isced11_9,2022,39.903
sdn,sex_f,age_ythadult_yge25,edu_isced11_total,2008,325.995
sdn,sex_f,age_ythadult_yge25,edu_isced11_total,2011,490.533
sdn,sex_f,age_ythadult_yge25,edu_isced11_total,2022,221.793
sdn,sex_f,age_ythadult_yge25,edu_isced11_x,2008,211.576
sdn,sex_f,age_ythadult_yge25,edu_isced11_x,2011,129.566
sdn,sex_f,age_ythadult_yge25,edu_isced11_x,2022,11.204
sdn,sex_m,age_10yrbands_total,edu_aggregate_adv,2008,61.952
sdn,sex_m,age_10yrbands_total,edu_aggregate_adv,2011,170.443
sdn,sex_m,age_10yrbands_total,edu_aggregate_adv,2022,75.673
sdn,sex_m,age_10yrbands_total,edu_aggregate_bas,2008,140.835
sdn,sex_m,age_10yrbands_total,edu_aggregate_bas,2011,233.577
sdn,sex_m,age_10yrbands_total,edu_aggregate_bas,2022,136.286
sdn,sex_m,age_10yrbands_total,edu_aggregate_int,2008,12.78
sdn,sex_m,age_10yrbands_total,edu_aggregate_int,2011,146.572
sdn,sex_m,age_10yrbands_total,edu_aggregate_int,2022,87.721
sdn,sex_m,age_10yrbands_total,edu_aggregate_ltb,2008,585.642
sdn,sex_m,age_10yrbands_total,edu_aggregate_ltb,2011,241.685
sdn,sex_m,age_10yrbands_total,edu_aggregate_ltb,2022,117.567
sdn,sex_m,age_10yrbands_total,edu_aggregate_total,2008,809.582
sdn,sex_m,age_10yrbands_total,edu_aggregate_total,2011,792.969
sdn,sex_m,age_10yrbands_total,edu_aggregate_total,2022,472.49
sdn,sex_m,age_10yrbands_total,edu_aggregate_x,2008,8.372
sdn,sex_m,age_10yrbands_total,edu_aggregate_x,2022,55.243
sdn,sex_m,age_10yrbands_total,edu_isced11_0,2008,51.348
sdn,sex_m,age_10yrbands_total,edu_isced11_0,2011,92.45
sdn,sex_m,age_10yrbands_total,edu_isced11_0,2022,53.12
sdn,sex_m,age_10yrbands_total,edu_isced11_1,2008,68.269
sdn,sex_m,age_10yrbands_total,edu_isced11_1,2011,212.85
sdn,sex_m,age_10yrbands_total,edu_isced11_1,2022,62.613
sdn,sex_m,age_10yrbands_total,edu_isced11_2,2008,72.567
sdn,sex_m,age_10yrbands_total,edu_isced11_2,2011,20.728
sdn,sex_m,age_10yrbands_total,edu_isced11_2,2022,73.674
sdn,sex_m,age_10yrbands_total,edu_isced11_3,2008,4.465
sdn,sex_m,age_10yrbands_total,edu_isced11_3,2011,141.226
sdn,sex_m,age_10yrbands_total,edu_isced11_3,2022,85.939
sdn,sex_m,age_10yrbands_total,edu_isced11_4,2008,8.315
sdn,sex_m,age_10yrbands_total,edu_isced11_4,2011,5.346
sdn,sex_m,age_10yrbands_total,edu_isced11_5,2011,4.254
sdn,sex_m,age_10yrbands_total,edu_isced11_6,2008,60.271
sdn,sex_m,age_10yrbands_total,edu_isced11_6,2011,159.274
sdn,sex_m,age_10yrbands_total,edu_isced11_6,2022,71.699
sdn,sex_m,age_10yrbands_total,edu_isced11_7,2008,1.304
sdn,sex_m,age_10yrbands_total,edu_isced11_8,2008,0.378
sdn,sex_m,age_10yrbands_total,edu_isced11_8,2011,4.183
sdn,sex_m,age_10yrbands_total,edu_isced11_9,2008,8.372
sdn,sex_m,age_10yrbands_total,edu_isced11_9,2022,55.243
sdn,sex_m,age_10yrbands_total,edu_isced11_total,2008,809.582
sdn,sex_m,age_10yrbands_total,edu_isced11_total,2011,792.969
sdn,sex_m,age_10yrbands_total,edu_isced11_total,2022,472.49
sdn,sex_m,age_10yrbands_total,edu_isced11_x,2008,534.294
sdn,sex_m,age_10yrbands_total,edu_isced11_x,2011,149.236
sdn,sex_m,age_10yrbands_total,edu_isced11_x,2022,64.446
sdn,sex_m,age_10yrbands_y15_24,edu_aggregate_adv,2008,15.786
sdn,sex_m,age_10yrbands_y15_24,edu_aggregate_adv,2011,51.459
sdn,sex_m,age_10yrbands_y15_24,edu_aggregate_adv,2022,11.568
sdn,sex_m,age_10yrbands_y15_24,edu_aggregate_bas,2008,58.568
sdn,sex_m,age_10yrbands_y15_24,edu_aggregate_bas,2011,125.844
sdn,sex_m,age_10yrbands_y15_24,edu_aggregate_bas,2022,100.798
sdn,sex_m,age_10yrbands_y15_24,edu_aggregate_int,2008,3.642
sdn,sex_m,age_10yrbands_y15_24,edu_aggregate_int,2011,69.153
sdn,sex_m,age_10yrbands_y15_24,edu_aggregate_int,2022,45.44
sdn,sex_m,age_10yrbands_y15_24,edu_aggregate_ltb,2008,223.41
sdn,sex_m,age_10yrbands_y15_24,edu_aggregate_ltb,2011,96.21
sdn,sex_m,age_10yrbands_y15_24,edu_aggregate_ltb,2022,45.112
sdn,sex_m,age_10yrbands_y15_24,edu_aggregate_total,2008,307.598
sdn,sex_m,age_10yrbands_y15_24,edu_aggregate_total,2011,343.359
sdn,sex_m,age_10yrbands_y15_24,edu_aggregate_total,2022,221.991
sdn,sex_m,age_10yrbands_y15_24,edu_aggregate_x,2008,6.193
sdn,sex_m,age_10yrbands_y15_24,edu_aggregate_x,2022,19.073
sdn,sex_m,age_10yrbands_y15_24,edu_isced11_0,2008,11.167
sdn,sex_m,age_10yrbands_y15_24,edu_isced11_0,2011,40.613
sdn,sex_m,age_10yrbands_y15_24,edu_isced11_0,2022,26.976
sdn,sex_m,age_10yrbands_y15_24,edu_isced11_1,2008,30.415
sdn,sex_m,age_10yrbands_y15_24,edu_isced11_1,2011,123.609
sdn,sex_m,age_10yrbands_y15_24,edu_isced11_1,2022,44.147
sdn,sex_m,age_10yrbands_y15_24,edu_isced11_2,2008,28.152
sdn,sex_m,age_10yrbands_y15_24,edu_isced11_2,2022,56.651
sdn,sex_m,age_10yrbands_y15_24,edu_isced11_3,2008,1.483
sdn,sex_m,age_10yrbands_y15_24,edu_isced11_3,2011,67.384
sdn,sex_m,age_10yrbands_y15_24,edu_isced11_3,2022,45.44
sdn,sex_m,age_10yrbands_y15_24,edu_isced11_4,2008,2.16
sdn,sex_m,age_10yrbands_y15_24,edu_isced11_6,2008,15.609
sdn,sex_m,age_10yrbands_y15_24,edu_isced11_6,2011,49.414
sdn,sex_m,age_10yrbands_y15_24,edu_isced11_6,2022,11.568
sdn,sex_m,age_10yrbands_y15_24,edu_isced11_7,2008,0.13
sdn,sex_m,age_10yrbands_y15_24,edu_isced11_8,2008,0.046
sdn,sex_m,age_10yrbands_y15_24,edu_isced11_8,2011,1.76
sdn,sex_m,age_10yrbands_y15_24,edu_isced11_9,2008,6.193
sdn,sex_m,age_10yrbands_y15_24,edu_isced11_9,2022,19.073
sdn,sex_m,age_10yrbands_y15_24,edu_isced11_total,2008,307.598
sdn,sex_m,age_10yrbands_y15_24,edu_isced11_total,2011,343.359
sdn,sex_m,age_10yrbands_y15_24,edu_isced11_total,2022,221.991
sdn,sex_m,age_10yrbands_y15_24,edu_isced11_x,2008,212.243
sdn,sex_m,age_10yrbands_y15_24,edu_isced11_x,2011,55.597
sdn,sex_m,age_10yrbands_y15_24,edu_isced11_x,2022,18.137
sdn,sex_m,age_10yrbands_y25_34,edu_aggregate_adv,2008,35.991
sdn,sex_m,age_10yrbands_y25_34,edu_aggregate_adv,2011,93.269
sdn,sex_m,age_10yrbands_y25_34,edu_aggregate_adv,2022,52.313
sdn,sex_m,age_10yrbands_y25_34,edu_aggregate_bas,2008,45.702
sdn,sex_m,age_10yrbands_y25_34,edu_aggregate_bas,2011,57.251
sdn,sex_m,age_10yrbands_y25_34,edu_aggregate_bas,2022,10.747
sdn,sex_m,age_10yrbands_y25_34,edu_aggregate_int,2008,5.339
sdn,sex_m,age_10yrbands_y25_34,edu_aggregate_int,2011,53.953
sdn,sex_m,age_10yrbands_y25_34,edu_aggregate_int,2022,19.88
sdn,sex_m,age_10yrbands_y25_34,edu_aggregate_ltb,2008,134.585
sdn,sex_m,age_10yrbands_y25_34,edu_aggregate_ltb,2011,46.065
sdn,sex_m,age_10yrbands_y25_34,edu_aggregate_ltb,2022,30.637
sdn,sex_m,age_10yrbands_y25_34,edu_aggregate_total,2008,222.987
sdn,sex_m,age_10yrbands_y25_34,edu_aggregate_total,2011,250.538
sdn,sex_m,age_10yrbands_y25_34,edu_aggregate_total,2022,142.463
sdn,sex_m,age_10yrbands_y25_34,edu_aggregate_x,2008,1.37
sdn,sex_m,age_10yrbands_y25_34,edu_aggregate_x,2022,28.885
sdn,sex_m,age_10yrbands_y25_34,edu_isced11_0,2008,11.706
sdn,sex_m,age_10yrbands_y25_34,edu_isced11_0,2011,23.106
sdn,sex_m,age_10yrbands_y25_34,edu_isced11_0,2022,18.442
sdn,sex_m,age_10yrbands_y25_34,edu_isced11_1,2008,19.336
sdn,sex_m,age_10yrbands_y25_34,edu_isced11_1,2011,54.006
sdn,sex_m,age_10yrbands_y25_34,edu_isced11_1,2022,4.032
sdn,sex_m,age_10yrbands_y25_34,edu_isced11_2,2008,26.367
sdn,sex_m,age_10yrbands_y25_34,edu_isced11_2,2011,3.244
sdn,sex_m,age_10yrbands_y25_34,edu_isced11_3,2008,1.706
sdn,sex_m,age_10yrbands_y25_34,edu_isced11_3,2011,50.377
sdn,sex_m,age_10yrbands_y25_34,edu_isced11_3,2022,19.88
sdn,sex_m,age_10yrbands_y25_34,edu_isced11_4,2008,3.633
sdn,sex_m,age_10yrbands_y25_34,edu_isced11_4,2011,3.576
sdn,sex_m,age_10yrbands_y25_34,edu_isced11_5,2011,3.287
sdn,sex_m,age_10yrbands_y25_34,edu_isced11_6,2008,35.461
sdn,sex_m,age_10yrbands_y25_34,edu_isced11_6,2011,88.954
sdn,sex_m,age_10yrbands_y25_34,edu_isced11_6,2022,52.313
sdn,sex_m,age_10yrbands_y25_34,edu_isced11_7,2008,0.438
sdn,sex_m,age_10yrbands_y25_34,edu_isced11_8,2008,0.092
sdn,sex_m,age_10yrbands_y25_34,edu_isced11_9,2008,1.37
sdn,sex_m,age_10yrbands_y25_34,edu_isced11_9,2022,28.885
sdn,sex_m,age_10yrbands_y25_34,edu_isced11_total,2008,222.987
sdn,sex_m,age_10yrbands_y25_34,edu_isced11_total,2011,250.538
sdn,sex_m,age_10yrbands_y25_34,edu_isced11_total,2022,142.463
sdn,sex_m,age_10yrbands_y25_34,edu_isced11_x,2008,122.879
sdn,sex_m,age_10yrbands_y25_34,edu_isced11_x,2011,22.959
sdn,sex_m,age_10yrbands_y25_34,edu_isced11_x,2022,12.194
sdn,sex_m,age_10yrbands_y35_44,edu_aggregate_adv,2008,6.204
sdn,sex_m,age_10yrbands_y35_44,edu_aggregate_adv,2011,16.15
sdn,sex_m,age_10yrbands_y35_44,edu_aggregate_adv,2022,7.893
sdn,sex_m,age_10yrbands_y35_44,edu_aggregate_bas,2008,22.004
sdn,sex_m,age_10yrbands_y35_44,edu_aggregate_bas,2011,25.039
sdn,sex_m,age_10yrbands_y35_44,edu_aggregate_int,2008,1.714
sdn,sex_m,age_10yrbands_y35_44,edu_aggregate_int,2011,14.184
sdn,sex_m,age_10yrbands_y35_44,edu_aggregate_int,2022,15.171
sdn,sex_m,age_10yrbands_y35_44,edu_aggregate_ltb,2008,96.358
sdn,sex_m,age_10yrbands_y35_44,edu_aggregate_ltb,2011,31.821
sdn,sex_m,age_10yrbands_y35_44,edu_aggregate_ltb,2022,20.518
sdn,sex_m,age_10yrbands_y35_44,edu_aggregate_total,2008,126.603
sdn,sex_m,age_10yrbands_y35_44,edu_aggregate_total,2011,87.194
sdn,sex_m,age_10yrbands_y35_44,edu_aggregate_total,2022,55.419
sdn,sex_m,age_10yrbands_y35_44,edu_aggregate_x,2008,0.324
sdn,sex_m,age_10yrbands_y35_44,edu_aggregate_x,2022,3.741
sdn,sex_m,age_10yrbands_y35_44,edu_isced11_0,2008,9.963
sdn,sex_m,age_10yrbands_y35_44,edu_isced11_0,2011,12.697
sdn,sex_m,age_10yrbands_y35_44,edu_isced11_0,2022,5.536
sdn,sex_m,age_10yrbands_y35_44,edu_isced11_1,2008,11.218
sdn,sex_m,age_10yrbands_y35_44,edu_isced11_1,2011,15.424
sdn,sex_m,age_10yrbands_y35_44,edu_isced11_2,2008,10.787
sdn,sex_m,age_10yrbands_y35_44,edu_isced11_2,2011,9.615
sdn,sex_m,age_10yrbands_y35_44,edu_isced11_3,2008,0.723
sdn,sex_m,age_10yrbands_y35_44,edu_isced11_3,2011,14.184
sdn,sex_m,age_10yrbands_y35_44,edu_isced11_3,2022,15.171
sdn,sex_m,age_10yrbands_y35_44,edu_isced11_4,2008,0.991
sdn,sex_m,age_10yrbands_y35_44,edu_isced11_6,2008,5.809
sdn,sex_m,age_10yrbands_y35_44,edu_isced11_6,2011,13.985
sdn,sex_m,age_10yrbands_y35_44,edu_isced11_6,2022,7.818
sdn,sex_m,age_10yrbands_y35_44,edu_isced11_7,2008,0.303
sdn,sex_m,age_10yrbands_y35_44,edu_isced11_8,2008,0.092
sdn,sex_m,age_10yrbands_y35_44,edu_isced11_9,2008,0.324
sdn,sex_m,age_10yrbands_y35_44,edu_isced11_9,2022,3.741
sdn,sex_m,age_10yrbands_y35_44,edu_isced11_total,2008,126.603
sdn,sex_m,age_10yrbands_y35_44,edu_isced11_total,2011,87.194
sdn,sex_m,age_10yrbands_y35_44,edu_isced11_total,2022,55.419
sdn,sex_m,age_10yrbands_y35_44,edu_isced11_x,2008,86.395
sdn,sex_m,age_10yrbands_y35_44,edu_isced11_x,2011,19.124
sdn,sex_m,age_10yrbands_y35_44,edu_isced11_x,2022,14.982
sdn,sex_m,age_10yrbands_y45_54,edu_aggregate_adv,2008,1.98
sdn,sex_m,age_10yrbands_y45_54,edu_aggregate_adv,2011,3.615
sdn,sex_m,age_10yrbands_y45_54,edu_aggregate_bas,2008,9.655
sdn,sex_m,age_10yrbands_y45_54,edu_aggregate_bas,2011,14.45
sdn,sex_m,age_10yrbands_y45_54,edu_aggregate_bas,2022,12.121
sdn,sex_m,age_10yrbands_y45_54,edu_aggregate_int,2008,1.113
sdn,sex_m,age_10yrbands_y45_54,edu_aggregate_int,2011,6.88
sdn,sex_m,age_10yrbands_y45_54,edu_aggregate_int,2022,6.604
sdn,sex_m,age_10yrbands_y45_54,edu_aggregate_ltb,2008,60.788
sdn,sex_m,age_10yrbands_y45_54,edu_aggregate_ltb,2011,25.504
sdn,sex_m,age_10yrbands_y45_54,edu_aggregate_ltb,2022,14.813
sdn,sex_m,age_10yrbands_y45_54,edu_aggregate_total,2008,73.712
sdn,sex_m,age_10yrbands_y45_54,edu_aggregate_total,2011,50.45
sdn,sex_m,age_10yrbands_y45_54,edu_aggregate_total,2022,35.386
sdn,sex_m,age_10yrbands_y45_54,edu_aggregate_x,2008,0.176
sdn,sex_m,age_10yrbands_y45_54,edu_aggregate_x,2022,1.848
sdn,sex_m,age_10yrbands_y45_54,edu_isced11_0,2008,8.293
sdn,sex_m,age_10yrbands_y45_54,edu_isced11_0,2011,9.656
sdn,sex_m,age_10yrbands_y45_54,edu_isced11_0,2022,1.918
sdn,sex_m,age_10yrbands_y45_54,edu_isced11_1,2008,4.465
sdn,sex_m,age_10yrbands_y45_54,edu_isced11_1,2011,11.372
sdn,sex_m,age_10yrbands_y45_54,edu_isced11_2,2008,5.189
sdn,sex_m,age_10yrbands_y45_54,edu_isced11_2,2011,3.079
sdn,sex_m,age_10yrbands_y45_54,edu_isced11_3,2008,0.308
sdn,sex_m,age_10yrbands_y45_54,edu_isced11_3,2011,6.88
sdn,sex_m,age_10yrbands_y45_54,edu_isced11_4,2008,0.805
sdn,sex_m,age_10yrbands_y45_54,edu_isced11_6,2008,1.812
sdn,sex_m,age_10yrbands_y45_54,edu_isced11_7,2008,0.146
sdn,sex_m,age_10yrbands_y45_54,edu_isced11_9,2008,0.176
sdn,sex_m,age_10yrbands_y45_54,edu_isced11_9,2022,1.848
sdn,sex_m,age_10yrbands_y45_54,edu_isced11_total,2008,73.712
sdn,sex_m,age_10yrbands_y45_54,edu_isced11_total,2011,50.45
sdn,sex_m,age_10yrbands_y45_54,edu_isced11_total,2022,35.386
sdn,sex_m,age_10yrbands_y45_54,edu_isced11_x,2008,52.495
sdn,sex_m,age_10yrbands_y45_54,edu_isced11_x,2011,15.848
sdn,sex_m,age_10yrbands_y45_54,edu_isced11_x,2022,12.895
sdn,sex_m,age_10yrbands_y55_64,edu_aggregate_adv,2008,1.469
sdn,sex_m,age_10yrbands_y55_64,edu_aggregate_adv,2011,4.749
sdn,sex_m,age_10yrbands_y55_64,edu_aggregate_bas,2008,3.364
sdn,sex_m,age_10yrbands_y55_64,edu_aggregate_bas,2011,6.745
sdn,sex_m,age_10yrbands_y55_64,edu_aggregate_int,2008,0.637
sdn,sex_m,age_10yrbands_y55_64,edu_aggregate_ltb,2008,39.028
sdn,sex_m,age_10yrbands_y55_64,edu_aggregate_ltb,2011,21.094
sdn,sex_m,age_10yrbands_y55_64,edu_aggregate_ltb,2022,6.486
sdn,sex_m,age_10yrbands_y55_64,edu_aggregate_total,2008,44.55
sdn,sex_m,age_10yrbands_y55_64,edu_aggregate_total,2011,34.989
sdn,sex_m,age_10yrbands_y55_64,edu_aggregate_total,2022,17.23
sdn,sex_m,age_10yrbands_y55_64,edu_aggregate_x,2008,0.052
sdn,sex_m,age_10yrbands_y55_64,edu_isced11_0,2008,5.405
sdn,sex_m,age_10yrbands_y55_64,edu_isced11_0,2011,3.729
sdn,sex_m,age_10yrbands_y55_64,edu_isced11_1,2008,1.956
sdn,sex_m,age_10yrbands_y55_64,edu_isced11_1,2011,4.929
sdn,sex_m,age_10yrbands_y55_64,edu_isced11_2,2008,1.408
sdn,sex_m,age_10yrbands_y55_64,edu_isced11_3,2008,0.119
sdn,sex_m,age_10yrbands_y55_64,edu_isced11_4,2008,0.518
sdn,sex_m,age_10yrbands_y55_64,edu_isced11_6,2008,1.183
sdn,sex_m,age_10yrbands_y55_64,edu_isced11_7,2008,0.221
sdn,sex_m,age_10yrbands_y55_64,edu_isced11_8,2008,0.064
sdn,sex_m,age_10yrbands_y55_64,edu_isced11_9,2008,0.052
sdn,sex_m,age_10yrbands_y55_64,edu_isced11_total,2008,44.55
sdn,sex_m,age_10yrbands_y55_64,edu_isced11_total,2011,34.989
sdn,sex_m,age_10yrbands_y55_64,edu_isced11_total,2022,17.23
sdn,sex_m,age_10yrbands_y55_64,edu_isced11_x,2008,33.624
sdn,sex_m,age_10yrbands_y55_64,edu_isced11_x,2011,17.365
sdn,sex_m,age_10yrbands_y55_64,edu_isced11_x,2022,6.238
sdn,sex_m,age_10yrbands_yge65,edu_aggregate_adv,2008,0.524
sdn,sex_m,age_10yrbands_yge65,edu_aggregate_bas,2008,1.542
sdn,sex_m,age_10yrbands_yge65,edu_aggregate_bas,2011,4.248
sdn,sex_m,age_10yrbands_yge65,edu_aggregate_int,2008,0.335
sdn,sex_m,age_10yrbands_yge65,edu_aggregate_ltb,2008,31.473
sdn,sex_m,age_10yrbands_yge65,edu_aggregate_ltb,2011,20.991
sdn,sex_m,age_10yrbands_yge65,edu_aggregate_total,2008,34.131
sdn,sex_m,age_10yrbands_yge65,edu_aggregate_total,2011,26.44
sdn,sex_m,age_10yrbands_yge65,edu_aggregate_x,2008,0.257
sdn,sex_m,age_10yrbands_yge65,edu_isced11_0,2008,4.815
sdn,sex_m,age_10yrbands_yge65,edu_isced11_0,2011,2.648
sdn,sex_m,age_10yrbands_yge65,edu_isced11_1,2008,0.879
sdn,sex_m,age_10yrbands_yge65,edu_isced11_1,2011,3.51
sdn,sex_m,age_10yrbands_yge65,edu_isced11_2,2008,0.663
sdn,sex_m,age_10yrbands_yge65,edu_isced11_3,2008,0.126
sdn,sex_m,age_10yrbands_yge65,edu_isced11_4,2008,0.209
sdn,sex_m,age_10yrbands_yge65,edu_isced11_6,2008,0.396
sdn,sex_m,age_10yrbands_yge65,edu_isced11_7,2008,0.065
sdn,sex_m,age_10yrbands_yge65,edu_isced11_8,2008,0.062
sdn,sex_m,age_10yrbands_yge65,edu_isced11_9,2008,0.257
sdn,sex_m,age_10yrbands_yge65,edu_isced11_total,2008,34.131
sdn,sex_m,age_10yrbands_yge65,edu_isced11_total,2011,26.44
sdn,sex_m,age_10yrbands_yge65,edu_isced11_x,2008,26.658
sdn,sex_m,age_10yrbands_yge65,edu_isced11_x,2011,18.343
sdn,sex_m,age_aggregate_total,edu_aggregate_adv,2008,61.952
sdn,sex_m,age_aggregate_total,edu_aggregate_adv,2011,170.443
sdn,sex_m,age_aggregate_total,edu_aggregate_adv,2022,75.673
sdn,sex_m,age_aggregate_total,edu_aggregate_bas,2008,140.835
sdn,sex_m,age_aggregate_total,edu_aggregate_bas,2011,233.577
sdn,sex_m,age_aggregate_total,edu_aggregate_bas,2022,136.286
sdn,sex_m,age_aggregate_total,edu_aggregate_int,2008,12.78
sdn,sex_m,age_aggregate_total,edu_aggregate_int,2011,146.572
sdn,sex_m,age_aggregate_total,edu_aggregate_int,2022,87.721
sdn,sex_m,age_aggregate_total,edu_aggregate_ltb,2008,585.642
sdn,sex_m,age_aggregate_total,edu_aggregate_ltb,2011,241.685
sdn,sex_m,age_aggregate_total,edu_aggregate_ltb,2022,117.567
sdn,sex_m,age_aggregate_total,edu_aggregate_total,2008,809.582
sdn,sex_m,age_aggregate_total,edu_aggregate_total,2011,792.969
sdn,sex_m,age_aggregate_total,edu_aggregate_total,2022,472.49
sdn,sex_m,age_aggregate_total,edu_aggregate_x,2008,8.372
sdn,sex_m,age_aggregate_total,edu_aggregate_x,2022,55.243
sdn,sex_m,age_aggregate_total,edu_isced11_0,2008,51.348
sdn,sex_m,age_aggregate_total,edu_isced11_0,2011,92.45
sdn,sex_m,age_aggregate_total,edu_isced11_0,2022,53.12
sdn,sex_m,age_aggregate_total,edu_isced11_1,2008,68.269
sdn,sex_m,age_aggregate_total,edu_isced11_1,2011,212.85
sdn,sex_m,age_aggregate_total,edu_isced11_1,2022,62.613
sdn,sex_m,age_aggregate_total,edu_isced11_2,2008,72.567
sdn,sex_m,age_aggregate_total,edu_isced11_2,2011,20.728
sdn,sex_m,age_aggregate_total,edu_isced11_2,2022,73.674
sdn,sex_m,age_aggregate_total,edu_isced11_3,2008,4.465
sdn,sex_m,age_aggregate_total,edu_isced11_3,2011,141.226
sdn,sex_m,age_aggregate_total,edu_isced11_3,2022,85.939
sdn,sex_m,age_aggregate_total,edu_isced11_4,2008,8.315
sdn,sex_m,age_aggregate_total,edu_isced11_4,2011,5.346
sdn,sex_m,age_aggregate_total,edu_isced11_5,2011,4.254
sdn,sex_m,age_aggregate_total,edu_isced11_6,2008,60.271
sdn,sex_m,age_aggregate_total,edu_isced11_6,2011,159.274
sdn,sex_m,age_aggregate_total,edu_isced11_6,2022,71.699
sdn,sex_m,age_aggregate_total,edu_isced11_7,2008,1.304
sdn,sex_m,age_aggregate_total,edu_isced11_8,2008,0.378
sdn,sex_m,age_aggregate_total,edu_isced11_8,2011,4.183
sdn,sex_m,age_aggregate_total,edu_isced11_9,2008,8.372
sdn,sex_m,age_aggregate_total,edu_isced11_9,2022,55.243
sdn,sex_m,age_aggregate_total,edu_isced11_total,2008,809.582
sdn,sex_m,age_aggregate_total,edu_isced11_total,2011,792.969
sdn,sex_m,age_aggregate_total,edu_isced11_total,2022,472.49
sdn,sex_m,age_aggregate_total,edu_isced11_x,2008,534.294
sdn,sex_m,age_aggregate_total,edu_isced11_x,2011,149.236
sdn,sex_m,age_aggregate_total,edu_isced11_x,2022,64.446
sdn,sex_m,age_aggregate_y15_24,edu_aggregate_adv,2008,15.786
sdn,sex_m,age_aggregate_y15_24,edu_aggregate_adv,2011,51.459
sdn,sex_m,age_aggregate_y15_24,edu_aggregate_adv,2022,11.568
sdn,sex_m,age_aggregate_y15_24,edu_aggregate_bas,2008,58.568
sdn,sex_m,age_aggregate_y15_24,edu_aggregate_bas,2011,125.844
sdn,sex_m,age_aggregate_y15_24,edu_aggregate_bas,2022,100.798
sdn,sex_m,age_aggregate_y15_24,edu_aggregate_int,2008,3.642
sdn,sex_m,age_aggregate_y15_24,edu_aggregate_int,2011,69.153
sdn,sex_m,age_aggregate_y15_24,edu_aggregate_int,2022,45.44
sdn,sex_m,age_aggregate_y15_24,edu_aggregate_ltb,2008,223.41
sdn,sex_m,age_aggregate_y15_24,edu_aggregate_ltb,2011,96.21
sdn,sex_m,age_aggregate_y15_24,edu_aggregate_ltb,2022,45.112
sdn,sex_m,age_aggregate_y15_24,edu_aggregate_total,2008,307.598
sdn,sex_m,age_aggregate_y15_24,edu_aggregate_total,2011,343.359
sdn,sex_m,age_aggregate_y15_24,edu_aggregate_total,2022,221.991
sdn,sex_m,age_aggregate_y15_24,edu_aggregate_x,2008,6.193
sdn,sex_m,age_aggregate_y15_24,edu_aggregate_x,2022,19.073
sdn,sex_m,age_aggregate_y15_24,edu_isced11_0,2008,11.167
sdn,sex_m,age_aggregate_y15_24,edu_isced11_0,2011,40.613
sdn,sex_m,age_aggregate_y15_24,edu_isced11_0,2022,26.976
sdn,sex_m,age_aggregate_y15_24,edu_isced11_1,2008,30.415
sdn,sex_m,age_aggregate_y15_24,edu_isced11_1,2011,123.609
sdn,sex_m,age_aggregate_y15_24,edu_isced11_1,2022,44.147
sdn,sex_m,age_aggregate_y15_24,edu_isced11_2,2008,28.152
sdn,sex_m,age_aggregate_y15_24,edu_isced11_2,2022,56.651
sdn,sex_m,age_aggregate_y15_24,edu_isced11_3,2008,1.483
sdn,sex_m,age_aggregate_y15_24,edu_isced11_3,2011,67.384
sdn,sex_m,age_aggregate_y15_24,edu_isced11_3,2022,45.44
sdn,sex_m,age_aggregate_y15_24,edu_isced11_4,2008,2.16
sdn,sex_m,age_aggregate_y15_24,edu_isced11_6,2008,15.609
sdn,sex_m,age_aggregate_y15_24,edu_isced11_6,2011,49.414
sdn,sex_m,age_aggregate_y15_24,edu_isced11_6,2022,11.568
sdn,sex_m,age_aggregate_y15_24,edu_isced11_7,2008,0.13
sdn,sex_m,age_aggregate_y15_24,edu_isced11_8,2008,0.046
sdn,sex_m,age_aggregate_y15_24,edu_isced11_8,2011,1.76
sdn,sex_m,age_aggregate_y15_24,edu_isced11_9,2008,6.193
sdn,sex_m,age_aggregate_y15_24,edu_isced11_9,2022,19.073
sdn,sex_m,age_aggregate_y15_24,edu_isced11_total,2008,307.598
sdn,sex_m,age_aggregate_y15_24,edu_isced11_total,2011,343.359
sdn,sex_m,age_aggregate_y15_24,edu_isced11_total,2022,221.991
sdn,sex_m,age_aggregate_y15_24,edu_isced11_x,2008,212.243
sdn,sex_m,age_aggregate_y15_24,edu_isced11_x,2011,55.597
sdn,sex_m,age_aggregate_y15_24,edu_isced11_x,2022,18.137
sdn,sex_m,age_aggregate_y25_54,edu_aggregate_adv,2008,44.175
sdn,sex_m,age_aggregate_y25_54,edu_aggregate_adv,2011,113.034
sdn,sex_m,age_aggregate_y25_54,edu_aggregate_adv,2022,60.206
sdn,sex_m,age_aggregate_y25_54,edu_aggregate_bas,2008,77.362
sdn,sex_m,age_aggregate_y25_54,edu_aggregate_bas,2011,96.74
sdn,sex_m,age_aggregate_y25_54,edu_aggregate_bas,2022,30.964
sdn,sex_m,age_aggregate_y25_54,edu_aggregate_int,2008,8.166
sdn,sex_m,age_aggregate_y25_54,edu_aggregate_int,2011,75.018
sdn,sex_m,age_aggregate_y25_54,edu_aggregate_int,2022,41.656
sdn,sex_m,age_aggregate_y25_54,edu_aggregate_ltb,2008,291.731
sdn,sex_m,age_aggregate_y25_54,edu_aggregate_ltb,2011,103.39
sdn,sex_m,age_aggregate_y25_54,edu_aggregate_ltb,2022,65.968
sdn,sex_m,age_aggregate_y25_54,edu_aggregate_total,2008,423.302
sdn,sex_m,age_aggregate_y25_54,edu_aggregate_total,2011,388.182
sdn,sex_m,age_aggregate_y25_54,edu_aggregate_total,2022,233.268
sdn,sex_m,age_aggregate_y25_54,edu_aggregate_x,2008,1.869
sdn,sex_m,age_aggregate_y25_54,edu_aggregate_x,2022,34.475
sdn,sex_m,age_aggregate_y25_54,edu_isced11_0,2008,29.962
sdn,sex_m,age_aggregate_y25_54,edu_isced11_0,2011,45.46
sdn,sex_m,age_aggregate_y25_54,edu_isced11_0,2022,25.897
sdn,sex_m,age_aggregate_y25_54,edu_isced11_1,2008,35.019
sdn,sex_m,age_aggregate_y25_54,edu_isced11_1,2011,80.802
sdn,sex_m,age_aggregate_y25_54,edu_isced11_1,2022,13.941
sdn,sex_m,age_aggregate_y25_54,edu_isced11_2,2008,42.343
sdn,sex_m,age_aggregate_y25_54,edu_isced11_2,2011,15.938
sdn,sex_m,age_aggregate_y25_54,edu_isced11_2,2022,17.023
sdn,sex_m,age_aggregate_y25_54,edu_isced11_3,2008,2.737
sdn,sex_m,age_aggregate_y25_54,edu_isced11_3,2011,71.441
sdn,sex_m,age_aggregate_y25_54,edu_isced11_3,2022,39.874
sdn,sex_m,age_aggregate_y25_54,edu_isced11_4,2008,5.428
sdn,sex_m,age_aggregate_y25_54,edu_isced11_4,2011,3.576
sdn,sex_m,age_aggregate_y25_54,edu_isced11_5,2011,3.66
sdn,sex_m,age_aggregate_y25_54,edu_isced11_6,2008,43.082
sdn,sex_m,age_aggregate_y25_54,edu_isced11_6,2011,106.258
sdn,sex_m,age_aggregate_y25_54,edu_isced11_6,2022,60.132
sdn,sex_m,age_aggregate_y25_54,edu_isced11_7,2008,0.887
sdn,sex_m,age_aggregate_y25_54,edu_isced11_8,2008,0.205
sdn,sex_m,age_aggregate_y25_54,edu_isced11_9,2008,1.869
sdn,sex_m,age_aggregate_y25_54,edu_isced11_9,2022,34.475
sdn,sex_m,age_aggregate_y25_54,edu_isced11_total,2008,423.302
sdn,sex_m,age_aggregate_y25_54,edu_isced11_total,2011,388.182
sdn,sex_m,age_aggregate_y25_54,edu_isced11_total,2022,233.268
sdn,sex_m,age_aggregate_y25_54,edu_isced11_x,2008,261.769
sdn,sex_m,age_aggregate_y25_54,edu_isced11_x,2011,57.931
sdn,sex_m,age_aggregate_y25_54,edu_isced11_x,2022,40.072
sdn,sex_m,age_aggregate_y55_64,edu_aggregate_adv,2008,1.469
sdn,sex_m,age_aggregate_y55_64,edu_aggregate_adv,2011,4.749
sdn,sex_m,age_aggregate_y55_64,edu_aggregate_bas,2008,3.364
sdn,sex_m,age_aggregate_y55_64,edu_aggregate_bas,2011,6.745
sdn,sex_m,age_aggregate_y55_64,edu_aggregate_int,2008,0.637
sdn,sex_m,age_aggregate_y55_64,edu_aggregate_ltb,2008,39.028
sdn,sex_m,age_aggregate_y55_64,edu_aggregate_ltb,2011,21.094
sdn,sex_m,age_aggregate_y55_64,edu_aggregate_ltb,2022,6.486
sdn,sex_m,age_aggregate_y55_64,edu_aggregate_total,2008,44.55
sdn,sex_m,age_aggregate_y55_64,edu_aggregate_total,2011,34.989
sdn,sex_m,age_aggregate_y55_64,edu_aggregate_total,2022,17.23
sdn,sex_m,age_aggregate_y55_64,edu_aggregate_x,2008,0.052
sdn,sex_m,age_aggregate_y55_64,edu_isced11_0,2008,5.405
sdn,sex_m,age_aggregate_y55_64,edu_isced11_0,2011,3.729
sdn,sex_m,age_aggregate_y55_64,edu_isced11_1,2008,1.956
sdn,sex_m,age_aggregate_y55_64,edu_isced11_1,2011,4.929
sdn,sex_m,age_aggregate_y55_64,edu_isced11_2,2008,1.408
sdn,sex_m,age_aggregate_y55_64,edu_isced11_3,2008,0.119
sdn,sex_m,age_aggregate_y55_64,edu_isced11_4,2008,0.518
sdn,sex_m,age_aggregate_y55_64,edu_isced11_6,2008,1.183
sdn,sex_m,age_aggregate_y55_64,edu_isced11_7,2008,0.221
sdn,sex_m,age_aggregate_y55_64,edu_isced11_8,2008,0.064
sdn,sex_m,age_aggregate_y55_64,edu_isced11_9,2008,0.052
sdn,sex_m,age_aggregate_y55_64,edu_isced11_total,2008,44.55
sdn,sex_m,age_aggregate_y55_64,edu_isced11_total,2011,34.989
sdn,sex_m,age_aggregate_y55_64,edu_isced11_total,2022,17.23
sdn,sex_m,age_aggregate_y55_64,edu_isced11_x,2008,33.624
sdn,sex_m,age_aggregate_y55_64,edu_isced11_x,2011,17.365
sdn,sex_m,age_aggregate_y55_64,edu_isced11_x,2022,6.238
sdn,sex_m,age_aggregate_yge65,edu_aggregate_adv,2008,0.524
sdn,sex_m,age_aggregate_yge65,edu_aggregate_bas,2008,1.542
sdn,sex_m,age_aggregate_yge65,edu_aggregate_bas,2011,4.248
sdn,sex_m,age_aggregate_yge65,edu_aggregate_int,2008,0.335
sdn,sex_m,age_aggregate_yge65,edu_aggregate_ltb,2008,31.473
sdn,sex_m,age_aggregate_yge65,edu_aggregate_ltb,2011,20.991
sdn,sex_m,age_aggregate_yge65,edu_aggregate_total,2008,34.131
sdn,sex_m,age_aggregate_yge65,edu_aggregate_total,2011,26.44
sdn,sex_m,age_aggregate_yge65,edu_aggregate_x,2008,0.257
sdn,sex_m,age_aggregate_yge65,edu_isced11_0,2008,4.815
sdn,sex_m,age_aggregate_yge65,edu_isced11_0,2011,2.648
sdn,sex_m,age_aggregate_yge65,edu_isced11_1,2008,0.879
sdn,sex_m,age_aggregate_yge65,edu_isced11_1,2011,3.51
sdn,sex_m,age_aggregate_yge65,edu_isced11_2,2008,0.663
sdn,sex_m,age_aggregate_yge65,edu_isced11_3,2008,0.126
sdn,sex_m,age_aggregate_yge65,edu_isced11_4,2008,0.209
sdn,sex_m,age_aggregate_yge65,edu_isced11_6,2008,0.396
sdn,sex_m,age_aggregate_yge65,edu_isced11_7,2008,0.065
sdn,sex_m,age_aggregate_yge65,edu_isced11_8,2008,0.062
sdn,sex_m,age_aggregate_yge65,edu_isced11_9,2008,0.257
sdn,sex_m,age_aggregate_yge65,edu_isced11_total,2008,34.131
sdn,sex_m,age_aggregate_yge65,edu_isced11_total,2011,26.44
sdn,sex_m,age_aggregate_yge65,edu_isced11_x,2008,26.658
sdn,sex_m,age_aggregate_yge65,edu_isced11_x,2011,18.343
sdn,sex_m,age_ythadult_y15_24,edu_aggregate_adv,2008,15.786
sdn,sex_m,age_ythadult_y15_24,edu_aggregate_adv,2011,51.459
sdn,sex_m,age_ythadult_y15_24,edu_aggregate_adv,2022,11.568
sdn,sex_m,age_ythadult_y15_24,edu_aggregate_bas,2008,58.568
sdn,sex_m,age_ythadult_y15_24,edu_aggregate_bas,2011,125.844
sdn,sex_m,age_ythadult_y15_24,edu_aggregate_bas,2022,100.798
sdn,sex_m,age_ythadult_y15_24,edu_aggregate_int,2008,3.642
sdn,sex_m,age_ythadult_y15_24,edu_aggregate_int,2011,69.153
sdn,sex_m,age_ythadult_y15_24,edu_aggregate_int,2022,45.44
sdn,sex_m,age_ythadult_y15_24,edu_aggregate_ltb,2008,223.41
sdn,sex_m,age_ythadult_y15_24,edu_aggregate_ltb,2011,96.21
sdn,sex_m,age_ythadult_y15_24,edu_aggregate_ltb,2022,45.112
sdn,sex_m,age_ythadult_y15_24,edu_aggregate_total,2008,307.598
sdn,sex_m,age_ythadult_y15_24,edu_aggregate_total,2011,343.359
sdn,sex_m,age_ythadult_y15_24,edu_aggregate_total,2022,221.991
sdn,sex_m,age_ythadult_y15_24,edu_aggregate_x,2008,6.193
sdn,sex_m,age_ythadult_y15_24,edu_aggregate_x,2022,19.073
sdn,sex_m,age_ythadult_y15_24,edu_isced11_0,2008,11.167
sdn,sex_m,age_ythadult_y15_24,edu_isced11_0,2011,40.613
sdn,sex_m,age_ythadult_y15_24,edu_isced11_0,2022,26.976
sdn,sex_m,age_ythadult_y15_24,edu_isced11_1,2008,30.415
sdn,sex_m,age_ythadult_y15_24,edu_isced11_1,2011,123.609
sdn,sex_m,age_ythadult_y15_24,edu_isced11_1,2022,44.147
sdn,sex_m,age_ythadult_y15_24,edu_isced11_2,2008,28.152
sdn,sex_m,age_ythadult_y15_24,edu_isced11_2,2022,56.651
sdn,sex_m,age_ythadult_y15_24,edu_isced11_3,2008,1.483
sdn,sex_m,age_ythadult_y15_24,edu_isced11_3,2011,67.384
sdn,sex_m,age_ythadult_y15_24,edu_isced11_3,2022,45.44
sdn,sex_m,age_ythadult_y15_24,edu_isced11_4,2008,2.16
sdn,sex_m,age_ythadult_y15_24,edu_isced11_6,2008,15.609
sdn,sex_m,age_ythadult_y15_24,edu_isced11_6,2011,49.414
sdn,sex_m,age_ythadult_y15_24,edu_isced11_6,2022,11.568
sdn,sex_m,age_ythadult_y15_24,edu_isced11_7,2008,0.13
sdn,sex_m,age_ythadult_y15_24,edu_isced11_8,2008,0.046
sdn,sex_m,age_ythadult_y15_24,edu_isced11_8,2011,1.76
sdn,sex_m,age_ythadult_y15_24,edu_isced11_9,2008,6.193
sdn,sex_m,age_ythadult_y15_24,edu_isced11_9,2022,19.073
sdn,sex_m,age_ythadult_y15_24,edu_isced11_total,2008,307.598
sdn,sex_m,age_ythadult_y15_24,edu_isced11_total,2011,343.359
sdn,sex_m,age_ythadult_y15_24,edu_isced11_total,2022,221.991
sdn,sex_m,age_ythadult_y15_24,edu_isced11_x,2008,212.243
sdn,sex_m,age_ythadult_y15_24,edu_isced11_x,2011,55.597
sdn,sex_m,age_ythadult_y15_24,edu_isced11_x,2022,18.137
sdn,sex_m,age_ythadult_y15_64,edu_aggregate_adv,2008,61.429
sdn,sex_m,age_ythadult_y15_64,edu_aggregate_adv,2011,169.242
sdn,sex_m,age_ythadult_y15_64,edu_aggregate_adv,2022,75.673
sdn,sex_m,age_ythadult_y15_64,edu_aggregate_bas,2008,139.293
sdn,sex_m,age_ythadult_y15_64,edu_aggregate_bas,2011,229.329
sdn,sex_m,age_ythadult_y15_64,edu_aggregate_bas,2022,136.286
sdn,sex_m,age_ythadult_y15_64,edu_aggregate_int,2008,12.445
sdn,sex_m,age_ythadult_y15_64,edu_aggregate_int,2011,146.572
sdn,sex_m,age_ythadult_y15_64,edu_aggregate_int,2022,87.721
sdn,sex_m,age_ythadult_y15_64,edu_aggregate_ltb,2008,554.169
sdn,sex_m,age_ythadult_y15_64,edu_aggregate_ltb,2011,220.694
sdn,sex_m,age_ythadult_y15_64,edu_aggregate_ltb,2022,117.567
sdn,sex_m,age_ythadult_y15_64,edu_aggregate_total,2008,775.45
sdn,sex_m,age_ythadult_y15_64,edu_aggregate_total,2011,766.53
sdn,sex_m,age_ythadult_y15_64,edu_aggregate_total,2022,472.49
sdn,sex_m,age_ythadult_y15_64,edu_aggregate_x,2008,8.115
sdn,sex_m,age_ythadult_y15_64,edu_aggregate_x,2011,0.692
sdn,sex_m,age_ythadult_y15_64,edu_aggregate_x,2022,55.243
sdn,sex_m,age_ythadult_y15_64,edu_isced11_0,2008,46.533
sdn,sex_m,age_ythadult_y15_64,edu_isced11_0,2011,89.801
sdn,sex_m,age_ythadult_y15_64,edu_isced11_0,2022,53.12
sdn,sex_m,age_ythadult_y15_64,edu_isced11_1,2008,67.39
sdn,sex_m,age_ythadult_y15_64,edu_isced11_1,2011,209.34
sdn,sex_m,age_ythadult_y15_64,edu_isced11_1,2022,62.613
sdn,sex_m,age_ythadult_y15_64,edu_isced11_2,2008,71.903
sdn,sex_m,age_ythadult_y15_64,edu_isced11_2,2011,19.989
sdn,sex_m,age_ythadult_y15_64,edu_isced11_3,2008,4.339
sdn,sex_m,age_ythadult_y15_64,edu_isced11_3,2011,141.226
sdn,sex_m,age_ythadult_y15_64,edu_isced11_3,2022,85.939
sdn,sex_m,age_ythadult_y15_64,edu_isced11_4,2008,8.106
sdn,sex_m,age_ythadult_y15_64,edu_isced11_5,2011,4.254
sdn,sex_m,age_ythadult_y15_64,edu_isced11_6,2008,59.874
sdn,sex_m,age_ythadult_y15_64,edu_isced11_6,2011,158.074
sdn,sex_m,age_ythadult_y15_64,edu_isced11_7,2008,1.238
sdn,sex_m,age_ythadult_y15_64,edu_isced11_8,2008,0.316
sdn,sex_m,age_ythadult_y15_64,edu_isced11_8,2011,4.183
sdn,sex_m,age_ythadult_y15_64,edu_isced11_9,2008,8.115
sdn,sex_m,age_ythadult_y15_64,edu_isced11_9,2011,0.692
sdn,sex_m,age_ythadult_y15_64,edu_isced11_9,2022,55.243
sdn,sex_m,age_ythadult_y15_64,edu_isced11_total,2008,775.45
sdn,sex_m,age_ythadult_y15_64,edu_isced11_total,2011,766.53
sdn,sex_m,age_ythadult_y15_64,edu_isced11_total,2022,472.49
sdn,sex_m,age_ythadult_y15_64,edu_isced11_x,2008,507.636
sdn,sex_m,age_ythadult_y15_64,edu_isced11_x,2011,130.893
sdn,sex_m,age_ythadult_y15_64,edu_isced11_x,2022,64.446
sdn,sex_m,age_ythadult_yge15,edu_aggregate_adv,2008,61.952
sdn,sex_m,age_ythadult_yge15,edu_aggregate_adv,2011,170.443
sdn,sex_m,age_ythadult_yge15,edu_aggregate_adv,2022,75.673
sdn,sex_m,age_ythadult_yge15,edu_aggregate_bas,2008,140.835
sdn,sex_m,age_ythadult_yge15,edu_aggregate_bas,2011,233.577
sdn,sex_m,age_ythadult_yge15,edu_aggregate_bas,2022,136.286
sdn,sex_m,age_ythadult_yge15,edu_aggregate_int,2008,12.78
sdn,sex_m,age_ythadult_yge15,edu_aggregate_int,2011,146.572
sdn,sex_m,age_ythadult_yge15,edu_aggregate_int,2022,87.721
sdn,sex_m,age_ythadult_yge15,edu_aggregate_ltb,2008,585.642
sdn,sex_m,age_ythadult_yge15,edu_aggregate_ltb,2011,241.685
sdn,sex_m,age_ythadult_yge15,edu_aggregate_ltb,2022,117.567
sdn,sex_m,age_ythadult_yge15,edu_aggregate_total,2008,809.582
sdn,sex_m,age_ythadult_yge15,edu_aggregate_total,2011,792.969
sdn,sex_m,age_ythadult_yge15,edu_aggregate_total,2022,472.49
sdn,sex_m,age_ythadult_yge15,edu_aggregate_x,2008,8.372
sdn,sex_m,age_ythadult_yge15,edu_aggregate_x,2022,55.243
sdn,sex_m,age_ythadult_yge15,edu_isced11_0,2008,51.348
sdn,sex_m,age_ythadult_yge15,edu_isced11_0,2011,92.45
sdn,sex_m,age_ythadult_yge15,edu_isced11_0,2022,53.12
sdn,sex_m,age_ythadult_yge15,edu_isced11_1,2008,68.269
sdn,sex_m,age_ythadult_yge15,edu_isced11_1,2011,212.85
sdn,sex_m,age_ythadult_yge15,edu_isced11_1,2022,62.613
sdn,sex_m,age_ythadult_yge15,edu_isced11_2,2008,72.567
sdn,sex_m,age_ythadult_yge15,edu_isced11_2,2011,20.728
sdn,sex_m,age_ythadult_yge15,edu_isced11_2,2022,73.674
sdn,sex_m,age_ythadult_yge15,edu_isced11_3,2008,4.465
sdn,sex_m,age_ythadult_yge15,edu_isced11_3,2011,141.226
sdn,sex_m,age_ythadult_yge15,edu_isced11_3,2022,85.939
sdn,sex_m,age_ythadult_yge15,edu_isced11_4,2008,8.315
sdn,sex_m,age_ythadult_yge15,edu_isced11_4,2011,5.346
sdn,sex_m,age_ythadult_yge15,edu_isced11_5,2011,4.254
sdn,sex_m,age_ythadult_yge15,edu_isced11_6,2008,60.271
sdn,sex_m,age_ythadult_yge15,edu_isced11_6,2011,159.274
sdn,sex_m,age_ythadult_yge15,edu_isced11_6,2022,71.699
sdn,sex_m,age_ythadult_yge15,edu_isced11_7,2008,1.304
sdn,sex_m,age_ythadult_yge15,edu_isced11_8,2008,0.378
sdn,sex_m,age_ythadult_yge15,edu_isced11_8,2011,4.183
sdn,sex_m,age_ythadult_yge15,edu_isced11_9,2008,8.372
sdn,sex_m,age_ythadult_yge15,edu_isced11_9,2022,55.243
sdn,sex_m,age_ythadult_yge15,edu_isced11_total,2008,809.582
sdn,sex_m,age_ythadult_yge15,edu_isced11_total,2011,792.969
sdn,sex_m,age_ythadult_yge15,edu_isced11_total,2022,472.49
sdn,sex_m,age_ythadult_yge15,edu_isced11_x,2008,534.294
sdn,sex_m,age_ythadult_yge15,edu_isced11_x,2011,149.236
sdn,sex_m,age_ythadult_yge15,edu_isced11_x,2022,64.446
sdn,sex_m,age_ythadult_yge25,edu_aggregate_adv,2008,46.167
sdn,sex_m,age_ythadult_yge25,edu_aggregate_adv,2011,118.983
sdn,sex_m,age_ythadult_yge25,edu_aggregate_adv,2022,64.105
sdn,sex_m,age_ythadult_yge25,edu_aggregate_bas,2008,82.268
sdn,sex_m,age_ythadult_yge25,edu_aggregate_bas,2011,107.733
sdn,sex_m,age_ythadult_yge25,edu_aggregate_bas,2022,35.488
sdn,sex_m,age_ythadult_yge25,edu_aggregate_int,2008,9.138
sdn,sex_m,age_ythadult_yge25,edu_aggregate_int,2011,77.419
sdn,sex_m,age_ythadult_yge25,edu_aggregate_int,2022,42.281
sdn,sex_m,age_ythadult_yge25,edu_aggregate_ltb,2008,362.232
sdn,sex_m,age_ythadult_yge25,edu_aggregate_ltb,2011,145.475
sdn,sex_m,age_ythadult_yge25,edu_aggregate_ltb,2022,72.454
sdn,sex_m,age_ythadult_yge25,edu_aggregate_total,2008,501.984
sdn,sex_m,age_ythadult_yge25,edu_aggregate_total,2011,449.611
sdn,sex_m,age_ythadult_yge25,edu_aggregate_total,2022,250.498
sdn,sex_m,age_ythadult_yge25,edu_aggregate_x,2008,2.179
sdn,sex_m,age_ythadult_yge25,edu_aggregate_x,2022,36.17
sdn,sex_m,age_ythadult_yge25,edu_isced11_0,2008,40.182
sdn,sex_m,age_ythadult_yge25,edu_isced11_0,2011,51.837
sdn,sex_m,age_ythadult_yge25,edu_isced11_0,2022,26.145
sdn,sex_m,age_ythadult_yge25,edu_isced11_1,2008,37.853
sdn,sex_m,age_ythadult_yge25,edu_isced11_1,2011,89.241
sdn,sex_m,age_ythadult_yge25,edu_isced11_1,2022,18.465
sdn,sex_m,age_ythadult_yge25,edu_isced11_2,2008,44.414
sdn,sex_m,age_ythadult_yge25,edu_isced11_2,2011,18.492
sdn,sex_m,age_ythadult_yge25,edu_isced11_2,2022,17.023
sdn,sex_m,age_ythadult_yge25,edu_isced11_3,2008,2.982
sdn,sex_m,age_ythadult_yge25,edu_isced11_3,2011,73.843
sdn,sex_m,age_ythadult_yge25,edu_isced11_3,2022,40.499
sdn,sex_m,age_ythadult_yge25,edu_isced11_4,2008,6.156
sdn,sex_m,age_ythadult_yge25,edu_isced11_4,2011,3.576
sdn,sex_m,age_ythadult_yge25,edu_isced11_5,2011,3.968
sdn,sex_m,age_ythadult_yge25,edu_isced11_6,2008,44.661
sdn,sex_m,age_ythadult_yge25,edu_isced11_6,2011,109.861
sdn,sex_m,age_ythadult_yge25,edu_isced11_6,2022,60.132
sdn,sex_m,age_ythadult_yge25,edu_isced11_7,2008,1.174
sdn,sex_m,age_ythadult_yge25,edu_isced11_8,2008,0.332
sdn,sex_m,age_ythadult_yge25,edu_isced11_8,2011,2.424
sdn,sex_m,age_ythadult_yge25,edu_isced11_9,2008,2.179
sdn,sex_m,age_ythadult_yge25,edu_isced11_9,2022,36.17
sdn,sex_m,age_ythadult_yge25,edu_isced11_total,2008,501.984
sdn,sex_m,age_ythadult_yge25,edu_isced11_total,2011,449.611
sdn,sex_m,age_ythadult_yge25,edu_isced11_total,2022,250.498
sdn,sex_m,age_ythadult_yge25,edu_isced11_x,2008,322.051
sdn,sex_m,age_ythadult_yge25,edu_isced11_x,2011,93.638
sdn,sex_m,age_ythadult_yge25,edu_isced11_x,2022,46.31
sdn,sex_t,age_10yrbands_total,edu_aggregate_adv,2008,134.724
sdn,sex_t,age_10yrbands_total,edu_aggregate_adv,2011,379.997
sdn,sex_t,age_10yrbands_total,edu_aggregate_adv,2022,211.09
sdn,sex_t,age_10yrbands_total,edu_aggregate_bas,2008,223.439
sdn,sex_t,age_10yrbands_total,edu_aggregate_bas,2011,401.65
sdn,sex_t,age_10yrbands_total,edu_aggregate_bas,2022,144.232
sdn,sex_t,age_10yrbands_total,edu_aggregate_int,2008,23.418
sdn,sex_t,age_10yrbands_total,edu_aggregate_int,2011,296.344
sdn,sex_t,age_10yrbands_total,edu_aggregate_int,2022,133.851
sdn,sex_t,age_10yrbands_total,edu_aggregate_ltb,2008,941.005
sdn,sex_t,age_10yrbands_total,edu_aggregate_ltb,2011,463.325
sdn,sex_t,age_10yrbands_total,edu_aggregate_ltb,2022,152.795
sdn,sex_t,age_10yrbands_total,edu_aggregate_total,2008,1336.749
sdn,sex_t,age_10yrbands_total,edu_aggregate_total,2011,1544.117
sdn,sex_t,age_10yrbands_total,edu_aggregate_total,2022,737.65
sdn,sex_t,age_10yrbands_total,edu_aggregate_x,2008,14.162
sdn,sex_t,age_10yrbands_total,edu_aggregate_x,2011,2.8
sdn,sex_t,age_10yrbands_total,edu_aggregate_x,2022,95.682
sdn,sex_t,age_10yrbands_total,edu_isced11_0,2008,64.053
sdn,sex_t,age_10yrbands_total,edu_isced11_0,2011,135.142
sdn,sex_t,age_10yrbands_total,edu_isced11_0,2022,69.092
sdn,sex_t,age_10yrbands_total,edu_isced11_1,2008,98.716
sdn,sex_t,age_10yrbands_total,edu_isced11_1,2011,358.999
sdn,sex_t,age_10yrbands_total,edu_isced11_1,2022,68.202
sdn,sex_t,age_10yrbands_total,edu_isced11_2,2008,124.724
sdn,sex_t,age_10yrbands_total,edu_isced11_2,2011,42.651
sdn,sex_t,age_10yrbands_total,edu_isced11_2,2022,76.03
sdn,sex_t,age_10yrbands_total,edu_isced11_3,2008,7.713
sdn,sex_t,age_10yrbands_total,edu_isced11_3,2011,290.998
sdn,sex_t,age_10yrbands_total,edu_isced11_3,2022,132.058
sdn,sex_t,age_10yrbands_total,edu_isced11_4,2008,15.705
sdn,sex_t,age_10yrbands_total,edu_isced11_4,2011,5.346
sdn,sex_t,age_10yrbands_total,edu_isced11_5,2011,11.726
sdn,sex_t,age_10yrbands_total,edu_isced11_5,2022,8.84
sdn,sex_t,age_10yrbands_total,edu_isced11_6,2008,131.658
sdn,sex_t,age_10yrbands_total,edu_isced11_6,2011,359.717
sdn,sex_t,age_10yrbands_total,edu_isced11_6,2022,195.435
sdn,sex_t,age_10yrbands_total,edu_isced11_7,2008,2.498
sdn,sex_t,age_10yrbands_total,edu_isced11_8,2008,0.569
sdn,sex_t,age_10yrbands_total,edu_isced11_8,2011,5.45
sdn,sex_t,age_10yrbands_total,edu_isced11_9,2008,14.162
sdn,sex_t,age_10yrbands_total,edu_isced11_9,2011,2.8
sdn,sex_t,age_10yrbands_total,edu_isced11_9,2022,95.682
sdn,sex_t,age_10yrbands_total,edu_isced11_total,2008,1336.749
sdn,sex_t,age_10yrbands_total,edu_isced11_total,2011,1544.117
sdn,sex_t,age_10yrbands_total,edu_isced11_total,2022,737.65
sdn,sex_t,age_10yrbands_total,edu_isced11_x,2008,876.953
sdn,sex_t,age_10yrbands_total,edu_isced11_x,2011,328.183
sdn,sex_t,age_10yrbands_total,edu_isced11_x,2022,83.704
sdn,sex_t,age_10yrbands_y15_24,edu_aggregate_adv,2008,39.208
sdn,sex_t,age_10yrbands_y15_24,edu_aggregate_adv,2011,125.019
sdn,sex_t,age_10yrbands_y15_24,edu_aggregate_adv,2022,38.532
sdn,sex_t,age_10yrbands_y15_24,edu_aggregate_bas,2008,94.085
sdn,sex_t,age_10yrbands_y15_24,edu_aggregate_bas,2011,195.975
sdn,sex_t,age_10yrbands_y15_24,edu_aggregate_bas,2022,101.587
sdn,sex_t,age_10yrbands_y15_24,edu_aggregate_int,2008,6.863
sdn,sex_t,age_10yrbands_y15_24,edu_aggregate_int,2011,120.679
sdn,sex_t,age_10yrbands_y15_24,edu_aggregate_int,2022,52.135
sdn,sex_t,age_10yrbands_y15_24,edu_aggregate_ltb,2008,358.713
sdn,sex_t,age_10yrbands_y15_24,edu_aggregate_ltb,2011,160.918
sdn,sex_t,age_10yrbands_y15_24,edu_aggregate_ltb,2022,53.496
sdn,sex_t,age_10yrbands_y15_24,edu_aggregate_total,2008,508.77
sdn,sex_t,age_10yrbands_y15_24,edu_aggregate_total,2011,603.974
sdn,sex_t,age_10yrbands_y15_24,edu_aggregate_total,2022,265.359
sdn,sex_t,age_10yrbands_y15_24,edu_aggregate_x,2008,9.901
sdn,sex_t,age_10yrbands_y15_24,edu_aggregate_x,2022,19.609
sdn,sex_t,age_10yrbands_y15_24,edu_isced11_0,2008,15.387
sdn,sex_t,age_10yrbands_y15_24,edu_isced11_0,2011,55.94
sdn,sex_t,age_10yrbands_y15_24,edu_isced11_0,2022,27.306
sdn,sex_t,age_10yrbands_y15_24,edu_isced11_1,2008,44.867
sdn,sex_t,age_10yrbands_y15_24,edu_isced11_1,2011,191.541
sdn,sex_t,age_10yrbands_y15_24,edu_isced11_1,2022,44.417
sdn,sex_t,age_10yrbands_y15_24,edu_isced11_2,2008,49.219
sdn,sex_t,age_10yrbands_y15_24,edu_isced11_2,2011,4.433
sdn,sex_t,age_10yrbands_y15_24,edu_isced11_2,2022,57.17
sdn,sex_t,age_10yrbands_y15_24,edu_isced11_3,2008,2.603
sdn,sex_t,age_10yrbands_y15_24,edu_isced11_3,2011,118.909
sdn,sex_t,age_10yrbands_y15_24,edu_isced11_3,2022,52.135
sdn,sex_t,age_10yrbands_y15_24,edu_isced11_4,2008,4.259
sdn,sex_t,age_10yrbands_y15_24,edu_isced11_5,2011,1.955
sdn,sex_t,age_10yrbands_y15_24,edu_isced11_6,2008,38.799
sdn,sex_t,age_10yrbands_y15_24,edu_isced11_6,2011,121.14
sdn,sex_t,age_10yrbands_y15_24,edu_isced11_6,2022,38.055
sdn,sex_t,age_10yrbands_y15_24,edu_isced11_7,2008,0.295
sdn,sex_t,age_10yrbands_y15_24,edu_isced11_8,2008,0.114
sdn,sex_t,age_10yrbands_y15_24,edu_isced11_8,2011,1.924
sdn,sex_t,age_10yrbands_y15_24,edu_isced11_9,2008,9.901
sdn,sex_t,age_10yrbands_y15_24,edu_isced11_9,2022,19.609
sdn,sex_t,age_10yrbands_y15_24,edu_isced11_total,2008,508.77
sdn,sex_t,age_10yrbands_y15_24,edu_isced11_total,2011,603.974
sdn,sex_t,age_10yrbands_y15_24,edu_isced11_total,2022,265.359
sdn,sex_t,age_10yrbands_y15_24,edu_isced11_x,2008,343.326
sdn,sex_t,age_10yrbands_y15_24,edu_isced11_x,2011,104.978
sdn,sex_t,age_10yrbands_y15_24,edu_isced11_x,2022,26.19
sdn,sex_t,age_10yrbands_y25_34,edu_aggregate_adv,2008,78.345
sdn,sex_t,age_10yrbands_y25_34,edu_aggregate_adv,2011,210.264
sdn,sex_t,age_10yrbands_y25_34,edu_aggregate_adv,2022,155.395
sdn,sex_t,age_10yrbands_y25_34,edu_aggregate_bas,2008,77.059
sdn,sex_t,age_10yrbands_y25_34,edu_aggregate_bas,2011,117.143
sdn,sex_t,age_10yrbands_y25_34,edu_aggregate_bas,2022,17.227
sdn,sex_t,age_10yrbands_y25_34,edu_aggregate_int,2008,10.537
sdn,sex_t,age_10yrbands_y25_34,edu_aggregate_int,2011,126.902
sdn,sex_t,age_10yrbands_y25_34,edu_aggregate_int,2022,34.441
sdn,sex_t,age_10yrbands_y25_34,edu_aggregate_ltb,2008,227.448
sdn,sex_t,age_10yrbands_y25_34,edu_aggregate_ltb,2011,112.451
sdn,sex_t,age_10yrbands_y25_34,edu_aggregate_ltb,2022,32.704
sdn,sex_t,age_10yrbands_y25_34,edu_aggregate_total,2008,395.962
sdn,sex_t,age_10yrbands_y25_34,edu_aggregate_total,2011,567.499
sdn,sex_t,age_10yrbands_y25_34,edu_aggregate_total,2022,284.415
sdn,sex_t,age_10yrbands_y25_34,edu_aggregate_x,2008,2.573
sdn,sex_t,age_10yrbands_y25_34,edu_aggregate_x,2022,44.648
sdn,sex_t,age_10yrbands_y25_34,edu_isced11_0,2008,14.871
sdn,sex_t,age_10yrbands_y25_34,edu_isced11_0,2011,38.495
sdn,sex_t,age_10yrbands_y25_34,edu_isced11_0,2022,20.252
sdn,sex_t,age_10yrbands_y25_34,edu_isced11_1,2008,29.474
sdn,sex_t,age_10yrbands_y25_34,edu_isced11_1,2011,110.986
sdn,sex_t,age_10yrbands_y25_34,edu_isced11_1,2022,8.941
sdn,sex_t,age_10yrbands_y25_34,edu_isced11_2,2008,47.585
sdn,sex_t,age_10yrbands_y25_34,edu_isced11_2,2011,6.157
sdn,sex_t,age_10yrbands_y25_34,edu_isced11_2,2022,8.286
sdn,sex_t,age_10yrbands_y25_34,edu_isced11_3,2008,2.852
sdn,sex_t,age_10yrbands_y25_34,edu_isced11_3,2011,123.326
sdn,sex_t,age_10yrbands_y25_34,edu_isced11_3,2022,34.441
sdn,sex_t,age_10yrbands_y25_34,edu_isced11_4,2008,7.684
sdn,sex_t,age_10yrbands_y25_34,edu_isced11_4,2011,3.576
sdn,sex_t,age_10yrbands_y25_34,edu_isced11_5,2011,8.605
sdn,sex_t,age_10yrbands_y25_34,edu_isced11_6,2008,77.036
sdn,sex_t,age_10yrbands_y25_34,edu_isced11_6,2011,199.574
sdn,sex_t,age_10yrbands_y25_34,edu_isced11_6,2022,147.996
sdn,sex_t,age_10yrbands_y25_34,edu_isced11_7,2008,1.159
sdn,sex_t,age_10yrbands_y25_34,edu_isced11_8,2008,0.149
sdn,sex_t,age_10yrbands_y25_34,edu_isced11_9,2008,2.573
sdn,sex_t,age_10yrbands_y25_34,edu_isced11_9,2022,44.648
sdn,sex_t,age_10yrbands_y25_34,edu_isced11_total,2008,395.962
sdn,sex_t,age_10yrbands_y25_34,edu_isced11_total,2011,567.499
sdn,sex_t,age_10yrbands_y25_34,edu_isced11_total,2022,284.415
sdn,sex_t,age_10yrbands_y25_34,edu_isced11_x,2008,212.577
sdn,sex_t,age_10yrbands_y25_34,edu_isced11_x,2011,73.956
sdn,sex_t,age_10yrbands_y25_34,edu_isced11_x,2022,12.452
sdn,sex_t,age_10yrbands_y35_44,edu_aggregate_adv,2008,11.838
sdn,sex_t,age_10yrbands_y35_44,edu_aggregate_adv,2011,30.582
sdn,sex_t,age_10yrbands_y35_44,edu_aggregate_adv,2022,10.834
sdn,sex_t,age_10yrbands_y35_44,edu_aggregate_bas,2008,33.984
sdn,sex_t,age_10yrbands_y35_44,edu_aggregate_bas,2011,54.643
sdn,sex_t,age_10yrbands_y35_44,edu_aggregate_bas,2022,8.111
sdn,sex_t,age_10yrbands_y35_44,edu_aggregate_int,2008,3.208
sdn,sex_t,age_10yrbands_y35_44,edu_aggregate_int,2011,33.903
sdn,sex_t,age_10yrbands_y35_44,edu_aggregate_int,2022,30.633
sdn,sex_t,age_10yrbands_y35_44,edu_aggregate_ltb,2008,160.479
sdn,sex_t,age_10yrbands_y35_44,edu_aggregate_ltb,2011,71.804
sdn,sex_t,age_10yrbands_y35_44,edu_aggregate_ltb,2022,35.183
sdn,sex_t,age_10yrbands_y35_44,edu_aggregate_total,2008,210.388
sdn,sex_t,age_10yrbands_y35_44,edu_aggregate_total,2011,190.932
sdn,sex_t,age_10yrbands_y35_44,edu_aggregate_total,2022,106.391
sdn,sex_t,age_10yrbands_y35_44,edu_aggregate_x,2008,0.878
sdn,sex_t,age_10yrbands_y35_44,edu_aggregate_x,2022,21.629
sdn,sex_t,age_10yrbands_y35_44,edu_isced11_0,2008,12.516
sdn,sex_t,age_10yrbands_y35_44,edu_isced11_0,2011,19.983
sdn,sex_t,age_10yrbands_y35_44,edu_isced11_0,2022,11.509
sdn,sex_t,age_10yrbands_y35_44,edu_isced11_1,2008,15.506
sdn,sex_t,age_10yrbands_y35_44,edu_isced11_1,2011,32.358
sdn,sex_t,age_10yrbands_y35_44,edu_isced11_2,2008,18.478
sdn,sex_t,age_10yrbands_y35_44,edu_isced11_2,2011,22.285
sdn,sex_t,age_10yrbands_y35_44,edu_isced11_3,2008,1.306
sdn,sex_t,age_10yrbands_y35_44,edu_isced11_3,2011,33.903
sdn,sex_t,age_10yrbands_y35_44,edu_isced11_3,2022,30.633
sdn,sex_t,age_10yrbands_y35_44,edu_isced11_4,2008,1.902
sdn,sex_t,age_10yrbands_y35_44,edu_isced11_6,2008,11.196
sdn,sex_t,age_10yrbands_y35_44,edu_isced11_6,2011,28.253
sdn,sex_t,age_10yrbands_y35_44,edu_isced11_6,2022,9.384
sdn,sex_t,age_10yrbands_y35_44,edu_isced11_7,2008,0.519
sdn,sex_t,age_10yrbands_y35_44,edu_isced11_8,2008,0.124
sdn,sex_t,age_10yrbands_y35_44,edu_isced11_9,2008,0.878
sdn,sex_t,age_10yrbands_y35_44,edu_isced11_9,2022,21.629
sdn,sex_t,age_10yrbands_y35_44,edu_isced11_total,2008,210.388
sdn,sex_t,age_10yrbands_y35_44,edu_isced11_total,2011,190.932
sdn,sex_t,age_10yrbands_y35_44,edu_isced11_total,2022,106.391
sdn,sex_t,age_10yrbands_y35_44,edu_isced11_x,2008,147.963
sdn,sex_t,age_10yrbands_y35_44,edu_isced11_x,2011,51.821
sdn,sex_t,age_10yrbands_y35_44,edu_isced11_x,2022,23.674
sdn,sex_t,age_10yrbands_y45_54,edu_aggregate_adv,2008,2.915
sdn,sex_t,age_10yrbands_y45_54,edu_aggregate_adv,2011,6.981
sdn,sex_t,age_10yrbands_y45_54,edu_aggregate_bas,2008,12.288
sdn,sex_t,age_10yrbands_y45_54,edu_aggregate_bas,2011,21.695
sdn,sex_t,age_10yrbands_y45_54,edu_aggregate_bas,2022,12.782
sdn,sex_t,age_10yrbands_y45_54,edu_aggregate_int,2008,1.619
sdn,sex_t,age_10yrbands_y45_54,edu_aggregate_int,2011,10.493
sdn,sex_t,age_10yrbands_y45_54,edu_aggregate_int,2022,15.534
sdn,sex_t,age_10yrbands_y45_54,edu_aggregate_ltb,2008,96.506
sdn,sex_t,age_10yrbands_y45_54,edu_aggregate_ltb,2011,61.462
sdn,sex_t,age_10yrbands_y45_54,edu_aggregate_ltb,2022,24.84
sdn,sex_t,age_10yrbands_y45_54,edu_aggregate_total,2008,113.667
sdn,sex_t,age_10yrbands_y45_54,edu_aggregate_total,2011,101.05
sdn,sex_t,age_10yrbands_y45_54,edu_aggregate_total,2022,62.49
sdn,sex_t,age_10yrbands_y45_54,edu_aggregate_x,2008,0.339
sdn,sex_t,age_10yrbands_y45_54,edu_aggregate_x,2022,8.101
sdn,sex_t,age_10yrbands_y45_54,edu_isced11_0,2008,9.965
sdn,sex_t,age_10yrbands_y45_54,edu_isced11_0,2011,13.366
sdn,sex_t,age_10yrbands_y45_54,edu_isced11_0,2022,9.777
sdn,sex_t,age_10yrbands_y45_54,edu_isced11_1,2008,5.468
sdn,sex_t,age_10yrbands_y45_54,edu_isced11_1,2011,15.674
sdn,sex_t,age_10yrbands_y45_54,edu_isced11_2,2008,6.82
sdn,sex_t,age_10yrbands_y45_54,edu_isced11_2,2011,6.02
sdn,sex_t,age_10yrbands_y45_54,edu_isced11_3,2008,0.573
sdn,sex_t,age_10yrbands_y45_54,edu_isced11_3,2011,10.493
sdn,sex_t,age_10yrbands_y45_54,edu_isced11_3,2022,13.741
sdn,sex_t,age_10yrbands_y45_54,edu_isced11_4,2008,1.047
sdn,sex_t,age_10yrbands_y45_54,edu_isced11_6,2008,2.661
sdn,sex_t,age_10yrbands_y45_54,edu_isced11_6,2011,5.946
sdn,sex_t,age_10yrbands_y45_54,edu_isced11_7,2008,0.2
sdn,sex_t,age_10yrbands_y45_54,edu_isced11_8,2008,0.055
sdn,sex_t,age_10yrbands_y45_54,edu_isced11_9,2008,0.339
sdn,sex_t,age_10yrbands_y45_54,edu_isced11_9,2022,8.101
sdn,sex_t,age_10yrbands_y45_54,edu_isced11_total,2008,113.667
sdn,sex_t,age_10yrbands_y45_54,edu_isced11_total,2011,101.05
sdn,sex_t,age_10yrbands_y45_54,edu_isced11_total,2022,62.49
sdn,sex_t,age_10yrbands_y45_54,edu_isced11_x,2008,86.541
sdn,sex_t,age_10yrbands_y45_54,edu_isced11_x,2011,48.096
sdn,sex_t,age_10yrbands_y45_54,edu_isced11_x,2022,15.064
sdn,sex_t,age_10yrbands_y55_64,edu_aggregate_adv,2008,1.715
sdn,sex_t,age_10yrbands_y55_64,edu_aggregate_adv,2011,4.749
sdn,sex_t,age_10yrbands_y55_64,edu_aggregate_bas,2008,4.05
sdn,sex_t,age_10yrbands_y55_64,edu_aggregate_bas,2011,7.946
sdn,sex_t,age_10yrbands_y55_64,edu_aggregate_int,2008,0.749
sdn,sex_t,age_10yrbands_y55_64,edu_aggregate_ltb,2008,54.904
sdn,sex_t,age_10yrbands_y55_64,edu_aggregate_ltb,2011,33.427
sdn,sex_t,age_10yrbands_y55_64,edu_aggregate_ltb,2022,6.571
sdn,sex_t,age_10yrbands_y55_64,edu_aggregate_total,2008,61.55
sdn,sex_t,age_10yrbands_y55_64,edu_aggregate_total,2011,50.748
sdn,sex_t,age_10yrbands_y55_64,edu_aggregate_total,2022,18.996
sdn,sex_t,age_10yrbands_y55_64,edu_aggregate_x,2008,0.131
sdn,sex_t,age_10yrbands_y55_64,edu_isced11_0,2008,6.057
sdn,sex_t,age_10yrbands_y55_64,edu_isced11_0,2011,4.71
sdn,sex_t,age_10yrbands_y55_64,edu_isced11_1,2008,2.292
sdn,sex_t,age_10yrbands_y55_64,edu_isced11_1,2011,4.929
sdn,sex_t,age_10yrbands_y55_64,edu_isced11_2,2008,1.758
sdn,sex_t,age_10yrbands_y55_64,edu_isced11_3,2008,0.186
sdn,sex_t,age_10yrbands_y55_64,edu_isced11_4,2008,0.563
sdn,sex_t,age_10yrbands_y55_64,edu_isced11_6,2008,1.412
sdn,sex_t,age_10yrbands_y55_64,edu_isced11_7,2008,0.239
sdn,sex_t,age_10yrbands_y55_64,edu_isced11_8,2008,0.064
sdn,sex_t,age_10yrbands_y55_64,edu_isced11_9,2008,0.131
sdn,sex_t,age_10yrbands_y55_64,edu_isced11_total,2008,61.55
sdn,sex_t,age_10yrbands_y55_64,edu_isced11_total,2011,50.748
sdn,sex_t,age_10yrbands_y55_64,edu_isced11_total,2022,18.996
sdn,sex_t,age_10yrbands_y55_64,edu_isced11_x,2008,48.847
sdn,sex_t,age_10yrbands_y55_64,edu_isced11_x,2011,28.718
sdn,sex_t,age_10yrbands_y55_64,edu_isced11_x,2022,6.323
sdn,sex_t,age_10yrbands_yge65,edu_aggregate_adv,2008,0.702
sdn,sex_t,age_10yrbands_yge65,edu_aggregate_bas,2008,1.972
sdn,sex_t,age_10yrbands_yge65,edu_aggregate_bas,2011,4.248
sdn,sex_t,age_10yrbands_yge65,edu_aggregate_int,2008,0.442
sdn,sex_t,age_10yrbands_yge65,edu_aggregate_ltb,2008,42.956
sdn,sex_t,age_10yrbands_yge65,edu_aggregate_ltb,2011,23.263
sdn,sex_t,age_10yrbands_yge65,edu_aggregate_total,2008,46.412
sdn,sex_t,age_10yrbands_yge65,edu_aggregate_total,2011,29.913
sdn,sex_t,age_10yrbands_yge65,edu_aggregate_x,2008,0.34
sdn,sex_t,age_10yrbands_yge65,edu_isced11_0,2008,5.256
sdn,sex_t,age_10yrbands_yge65,edu_isced11_0,2011,2.648
sdn,sex_t,age_10yrbands_yge65,edu_isced11_1,2008,1.108
sdn,sex_t,age_10yrbands_yge65,edu_isced11_1,2011,3.51
sdn,sex_t,age_10yrbands_yge65,edu_isced11_2,2008,0.864
sdn,sex_t,age_10yrbands_yge65,edu_isced11_3,2008,0.193
sdn,sex_t,age_10yrbands_yge65,edu_isced11_4,2008,0.25
sdn,sex_t,age_10yrbands_yge65,edu_isced11_6,2008,0.554
sdn,sex_t,age_10yrbands_yge65,edu_isced11_7,2008,0.086
sdn,sex_t,age_10yrbands_yge65,edu_isced11_8,2008,0.062
sdn,sex_t,age_10yrbands_yge65,edu_isced11_9,2008,0.34
sdn,sex_t,age_10yrbands_yge65,edu_isced11_total,2008,46.412
sdn,sex_t,age_10yrbands_yge65,edu_isced11_total,2011,29.913
sdn,sex_t,age_10yrbands_yge65,edu_isced11_x,2008,37.699
sdn,sex_t,age_10yrbands_yge65,edu_isced11_x,2011,20.615
sdn,sex_t,age_aggregate_total,edu_aggregate_adv,2008,134.724
sdn,sex_t,age_aggregate_total,edu_aggregate_adv,2011,379.997
sdn,sex_t,age_aggregate_total,edu_aggregate_adv,2022,211.09
sdn,sex_t,age_aggregate_total,edu_aggregate_bas,2008,223.439
sdn,sex_t,age_aggregate_total,edu_aggregate_bas,2011,401.65
sdn,sex_t,age_aggregate_total,edu_aggregate_bas,2022,144.232
sdn,sex_t,age_aggregate_total,edu_aggregate_int,2008,23.418
sdn,sex_t,age_aggregate_total,edu_aggregate_int,2011,296.344
sdn,sex_t,age_aggregate_total,edu_aggregate_int,2022,133.851
sdn,sex_t,age_aggregate_total,edu_aggregate_ltb,2008,941.005
sdn,sex_t,age_aggregate_total,edu_aggregate_ltb,2011,463.325
sdn,sex_t,age_aggregate_total,edu_aggregate_ltb,2022,152.795
sdn,sex_t,age_aggregate_total,edu_aggregate_total,2008,1336.749
sdn,sex_t,age_aggregate_total,edu_aggregate_total,2011,1544.117
sdn,sex_t,age_aggregate_total,edu_aggregate_total,2022,737.65
sdn,sex_t,age_aggregate_total,edu_aggregate_x,2008,14.162
sdn,sex_t,age_aggregate_total,edu_aggregate_x,2011,2.8
sdn,sex_t,age_aggregate_total,edu_aggregate_x,2022,95.682
sdn,sex_t,age_aggregate_total,edu_isced11_0,2008,64.053
sdn,sex_t,age_aggregate_total,edu_isced11_0,2011,135.142
sdn,sex_t,age_aggregate_total,edu_isced11_0,2022,69.092
sdn,sex_t,age_aggregate_total,edu_isced11_1,2008,98.716
sdn,sex_t,age_aggregate_total,edu_isced11_1,2011,358.999
sdn,sex_t,age_aggregate_total,edu_isced11_1,2022,68.202
sdn,sex_t,age_aggregate_total,edu_isced11_2,2008,124.724
sdn,sex_t,age_aggregate_total,edu_isced11_2,2011,42.651
sdn,sex_t,age_aggregate_total,edu_isced11_2,2022,76.03
sdn,sex_t,age_aggregate_total,edu_isced11_3,2008,7.713
sdn,sex_t,age_aggregate_total,edu_isced11_3,2011,290.998
sdn,sex_t,age_aggregate_total,edu_isced11_3,2022,132.058
sdn,sex_t,age_aggregate_total,edu_isced11_4,2008,15.705
sdn,sex_t,age_aggregate_total,edu_isced11_4,2011,5.346
sdn,sex_t,age_aggregate_total,edu_isced11_5,2011,11.726
sdn,sex_t,age_aggregate_total,edu_isced11_5,2022,8.84
sdn,sex_t,age_aggregate_total,edu_isced11_6,2008,131.658
sdn,sex_t,age_aggregate_total,edu_isced11_6,2011,359.717
sdn,sex_t,age_aggregate_total,edu_isced11_6,2022,195.435
sdn,sex_t,age_aggregate_total,edu_isced11_7,2008,2.498
sdn,sex_t,age_aggregate_total,edu_isced11_8,2008,0.569
sdn,sex_t,age_aggregate_total,edu_isced11_8,2011,5.45
sdn,sex_t,age_aggregate_total,edu_isced11_9,2008,14.162
sdn,sex_t,age_aggregate_total,edu_isced11_9,2011,2.8
sdn,sex_t,age_aggregate_total,edu_isced11_9,2022,95.682
sdn,sex_t,age_aggregate_total,edu_isced11_total,2008,1336.749
sdn,sex_t,age_aggregate_total,edu_isced11_total,2011,1544.117
sdn,sex_t,age_aggregate_total,edu_isced11_total,2022,737.65
sdn,sex_t,age_aggregate_total,edu_isced11_x,2008,876.953
sdn,sex_t,age_aggregate_total,edu_isced11_x,2011,328.183
sdn,sex_t,age_aggregate_total,edu_isced11_x,2022,83.704
sdn,sex_t,age_aggregate_y15_24,edu_aggregate_adv,2008,39.208
sdn,sex_t,age_aggregate_y15_24,edu_aggregate_adv,2011,125.019
sdn,sex_t,age_aggregate_y15_24,edu_aggregate_adv,2022,38.532
sdn,sex_t,age_aggregate_y15_24,edu_aggregate_bas,2008,94.085
sdn,sex_t,age_aggregate_y15_24,edu_aggregate_bas,2011,195.975
sdn,sex_t,age_aggregate_y15_24,edu_aggregate_bas,2022,101.587
sdn,sex_t,age_aggregate_y15_24,edu_aggregate_int,2008,6.863
sdn,sex_t,age_aggregate_y15_24,edu_aggregate_int,2011,120.679
sdn,sex_t,age_aggregate_y15_24,edu_aggregate_int,2022,52.135
sdn,sex_t,age_aggregate_y15_24,edu_aggregate_ltb,2008,358.713
sdn,sex_t,age_aggregate_y15_24,edu_aggregate_ltb,2011,160.918
sdn,sex_t,age_aggregate_y15_24,edu_aggregate_ltb,2022,53.496
sdn,sex_t,age_aggregate_y15_24,edu_aggregate_total,2008,508.77
sdn,sex_t,age_aggregate_y15_24,edu_aggregate_total,2011,603.974
sdn,sex_t,age_aggregate_y15_24,edu_aggregate_total,2022,265.359
sdn,sex_t,age_aggregate_y15_24,edu_aggregate_x,2008,9.901
sdn,sex_t,age_aggregate_y15_24,edu_aggregate_x,2022,19.609
sdn,sex_t,age_aggregate_y15_24,edu_isced11_0,2008,15.387
sdn,sex_t,age_aggregate_y15_24,edu_isced11_0,2011,55.94
sdn,sex_t,age_aggregate_y15_24,edu_isced11_0,2022,27.306
sdn,sex_t,age_aggregate_y15_24,edu_isced11_1,2008,44.867
sdn,sex_t,age_aggregate_y15_24,edu_isced11_1,2011,191.541
sdn,sex_t,age_aggregate_y15_24,edu_isced11_1,2022,44.417
sdn,sex_t,age_aggregate_y15_24,edu_isced11_2,2008,49.219
sdn,sex_t,age_aggregate_y15_24,edu_isced11_2,2011,4.433
sdn,sex_t,age_aggregate_y15_24,edu_isced11_2,2022,57.17
sdn,sex_t,age_aggregate_y15_24,edu_isced11_3,2008,2.603
sdn,sex_t,age_aggregate_y15_24,edu_isced11_3,2011,118.909
sdn,sex_t,age_aggregate_y15_24,edu_isced11_3,2022,52.135
sdn,sex_t,age_aggregate_y15_24,edu_isced11_4,2008,4.259
sdn,sex_t,age_aggregate_y15_24,edu_isced11_5,2011,1.955
sdn,sex_t,age_aggregate_y15_24,edu_isced11_6,2008,38.799
sdn,sex_t,age_aggregate_y15_24,edu_isced11_6,2011,121.14
sdn,sex_t,age_aggregate_y15_24,edu_isced11_6,2022,38.055
sdn,sex_t,age_aggregate_y15_24,edu_isced11_7,2008,0.295
sdn,sex_t,age_aggregate_y15_24,edu_isced11_8,2008,0.114
sdn,sex_t,age_aggregate_y15_24,edu_isced11_8,2011,1.924
sdn,sex_t,age_aggregate_y15_24,edu_isced11_9,2008,9.901
sdn,sex_t,age_aggregate_y15_24,edu_isced11_9,2022,19.609
sdn,sex_t,age_aggregate_y15_24,edu_isced11_total,2008,508.77
sdn,sex_t,age_aggregate_y15_24,edu_isced11_total,2011,603.974
sdn,sex_t,age_aggregate_y15_24,edu_isced11_total,2022,265.359
sdn,sex_t,age_aggregate_y15_24,edu_isced11_x,2008,343.326
sdn,sex_t,age_aggregate_y15_24,edu_isced11_x,2011,104.978
sdn,sex_t,age_aggregate_y15_24,edu_isced11_x,2022,26.19
sdn,sex_t,age_aggregate_y25_54,edu_aggregate_adv,2008,93.099
sdn,sex_t,age_aggregate_y25_54,edu_aggregate_adv,2011,247.828
sdn,sex_t,age_aggregate_y25_54,edu_aggregate_adv,2022,167.461
sdn,sex_t,age_aggregate_y25_54,edu_aggregate_bas,2008,123.332
sdn,sex_t,age_aggregate_y25_54,edu_aggregate_bas,2011,193.481
sdn,sex_t,age_aggregate_y25_54,edu_aggregate_bas,2022,38.12
sdn,sex_t,age_aggregate_y25_54,edu_aggregate_int,2008,15.364
sdn,sex_t,age_aggregate_y25_54,edu_aggregate_int,2011,171.298
sdn,sex_t,age_aggregate_y25_54,edu_aggregate_int,2022,80.608
sdn,sex_t,age_aggregate_y25_54,edu_aggregate_ltb,2008,484.433
sdn,sex_t,age_aggregate_y25_54,edu_aggregate_ltb,2011,245.716
sdn,sex_t,age_aggregate_y25_54,edu_aggregate_ltb,2022,92.728
sdn,sex_t,age_aggregate_y25_54,edu_aggregate_total,2008,720.017
sdn,sex_t,age_aggregate_y25_54,edu_aggregate_total,2011,859.481
sdn,sex_t,age_aggregate_y25_54,edu_aggregate_total,2022,453.295
sdn,sex_t,age_aggregate_y25_54,edu_aggregate_x,2008,3.79
sdn,sex_t,age_aggregate_y25_54,edu_aggregate_x,2022,74.378
sdn,sex_t,age_aggregate_y25_54,edu_isced11_0,2008,37.352
sdn,sex_t,age_aggregate_y25_54,edu_isced11_0,2011,71.845
sdn,sex_t,age_aggregate_y25_54,edu_isced11_0,2022,41.537
sdn,sex_t,age_aggregate_y25_54,edu_isced11_1,2008,50.449
sdn,sex_t,age_aggregate_y25_54,edu_isced11_1,2011,159.019
sdn,sex_t,age_aggregate_y25_54,edu_isced11_1,2022,19.26
sdn,sex_t,age_aggregate_y25_54,edu_isced11_2,2008,72.883
sdn,sex_t,age_aggregate_y25_54,edu_isced11_2,2011,34.462
sdn,sex_t,age_aggregate_y25_54,edu_isced11_2,2022,18.86
sdn,sex_t,age_aggregate_y25_54,edu_isced11_3,2008,4.73
sdn,sex_t,age_aggregate_y25_54,edu_isced11_3,2011,167.722
sdn,sex_t,age_aggregate_y25_54,edu_isced11_3,2022,78.815
sdn,sex_t,age_aggregate_y25_54,edu_isced11_4,2008,10.633
sdn,sex_t,age_aggregate_y25_54,edu_isced11_4,2011,3.576
sdn,sex_t,age_aggregate_y25_54,edu_isced11_5,2011,9.463
sdn,sex_t,age_aggregate_y25_54,edu_isced11_5,2022,8.363
sdn,sex_t,age_aggregate_y25_54,edu_isced11_6,2008,90.893
sdn,sex_t,age_aggregate_y25_54,edu_isced11_6,2011,233.774
sdn,sex_t,age_aggregate_y25_54,edu_isced11_6,2022,157.381
sdn,sex_t,age_aggregate_y25_54,edu_isced11_7,2008,1.878
sdn,sex_t,age_aggregate_y25_54,edu_isced11_8,2008,0.328
sdn,sex_t,age_aggregate_y25_54,edu_isced11_8,2011,2.252
sdn,sex_t,age_aggregate_y25_54,edu_isced11_9,2008,3.79
sdn,sex_t,age_aggregate_y25_54,edu_isced11_9,2022,74.378
sdn,sex_t,age_aggregate_y25_54,edu_isced11_total,2008,720.017
sdn,sex_t,age_aggregate_y25_54,edu_isced11_total,2011,859.481
sdn,sex_t,age_aggregate_y25_54,edu_isced11_total,2022,453.295
sdn,sex_t,age_aggregate_y25_54,edu_isced11_x,2008,447.081
sdn,sex_t,age_aggregate_y25_54,edu_isced11_x,2011,173.872
sdn,sex_t,age_aggregate_y25_54,edu_isced11_x,2022,51.19
sdn,sex_t,age_aggregate_y55_64,edu_aggregate_adv,2008,1.715
sdn,sex_t,age_aggregate_y55_64,edu_aggregate_adv,2011,4.749
sdn,sex_t,age_aggregate_y55_64,edu_aggregate_bas,2008,4.05
sdn,sex_t,age_aggregate_y55_64,edu_aggregate_bas,2011,7.946
sdn,sex_t,age_aggregate_y55_64,edu_aggregate_int,2008,0.749
sdn,sex_t,age_aggregate_y55_64,edu_aggregate_ltb,2008,54.904
sdn,sex_t,age_aggregate_y55_64,edu_aggregate_ltb,2011,33.427
sdn,sex_t,age_aggregate_y55_64,edu_aggregate_ltb,2022,6.571
sdn,sex_t,age_aggregate_y55_64,edu_aggregate_total,2008,61.55
sdn,sex_t,age_aggregate_y55_64,edu_aggregate_total,2011,50.748
sdn,sex_t,age_aggregate_y55_64,edu_aggregate_total,2022,18.996
sdn,sex_t,age_aggregate_y55_64,edu_aggregate_x,2008,0.131
sdn,sex_t,age_aggregate_y55_64,edu_isced11_0,2008,6.057
sdn,sex_t,age_aggregate_y55_64,edu_isced11_0,2011,4.71
sdn,sex_t,age_aggregate_y55_64,edu_isced11_1,2008,2.292
sdn,sex_t,age_aggregate_y55_64,edu_isced11_1,2011,4.929
sdn,sex_t,age_aggregate_y55_64,edu_isced11_2,2008,1.758
sdn,sex_t,age_aggregate_y55_64,edu_isced11_3,2008,0.186
sdn,sex_t,age_aggregate_y55_64,edu_isced11_4,2008,0.563
sdn,sex_t,age_aggregate_y55_64,edu_isced11_6,2008,1.412
sdn,sex_t,age_aggregate_y55_64,edu_isced11_7,2008,0.239
sdn,sex_t,age_aggregate_y55_64,edu_isced11_8,2008,0.064
sdn,sex_t,age_aggregate_y55_64,edu_isced11_9,2008,0.131
sdn,sex_t,age_aggregate_y55_64,edu_isced11_total,2008,61.55
sdn,sex_t,age_aggregate_y55_64,edu_isced11_total,2011,50.748
sdn,sex_t,age_aggregate_y55_64,edu_isced11_total,2022,18.996
sdn,sex_t,age_aggregate_y55_64,edu_isced11_x,2008,48.847
sdn,sex_t,age_aggregate_y55_64,edu_isced11_x,2011,28.718
sdn,sex_t,age_aggregate_y55_64,edu_isced11_x,2022,6.323
sdn,sex_t,age_aggregate_yge65,edu_aggregate_adv,2008,0.702
sdn,sex_t,age_aggregate_yge65,edu_aggregate_bas,2008,1.972
sdn,sex_t,age_aggregate_yge65,edu_aggregate_bas,2011,4.248
sdn,sex_t,age_aggregate_yge65,edu_aggregate_int,2008,0.442
sdn,sex_t,age_aggregate_yge65,edu_aggregate_ltb,2008,42.956
sdn,sex_t,age_aggregate_yge65,edu_aggregate_ltb,2011,23.263
sdn,sex_t,age_aggregate_yge65,edu_aggregate_total,2008,46.412
sdn,sex_t,age_aggregate_yge65,edu_aggregate_total,2011,29.913
sdn,sex_t,age_aggregate_yge65,edu_aggregate_x,2008,0.34
sdn,sex_t,age_aggregate_yge65,edu_isced11_0,2008,5.256
sdn,sex_t,age_aggregate_yge65,edu_isced11_0,2011,2.648
sdn,sex_t,age_aggregate_yge65,edu_isced11_1,2008,1.108
sdn,sex_t,age_aggregate_yge65,edu_isced11_1,2011,3.51
sdn,sex_t,age_aggregate_yge65,edu_isced11_2,2008,0.864
sdn,sex_t,age_aggregate_yge65,edu_isced11_3,2008,0.193
sdn,sex_t,age_aggregate_yge65,edu_isced11_4,2008,0.25
sdn,sex_t,age_aggregate_yge65,edu_isced11_6,2008,0.554
sdn,sex_t,age_aggregate_yge65,edu_isced11_7,2008,0.086
sdn,sex_t,age_aggregate_yge65,edu_isced11_8,2008,0.062
sdn,sex_t,age_aggregate_yge65,edu_isced11_9,2008,0.34
sdn,sex_t,age_aggregate_yge65,edu_isced11_total,2008,46.412
sdn,sex_t,age_aggregate_yge65,edu_isced11_total,2011,29.913
sdn,sex_t,age_aggregate_yge65,edu_isced11_x,2008,37.699
sdn,sex_t,age_aggregate_yge65,edu_isced11_x,2011,20.615
sdn,sex_t,age_ythadult_y15_24,edu_aggregate_adv,2008,39.208
sdn,sex_t,age_ythadult_y15_24,edu_aggregate_adv,2011,125.019
sdn,sex_t,age_ythadult_y15_24,edu_aggregate_adv,2022,38.532
sdn,sex_t,age_ythadult_y15_24,edu_aggregate_bas,2008,94.085
sdn,sex_t,age_ythadult_y15_24,edu_aggregate_bas,2011,195.975
sdn,sex_t,age_ythadult_y15_24,edu_aggregate_bas,2022,101.587
sdn,sex_t,age_ythadult_y15_24,edu_aggregate_int,2008,6.863
sdn,sex_t,age_ythadult_y15_24,edu_aggregate_int,2011,120.679
sdn,sex_t,age_ythadult_y15_24,edu_aggregate_int,2022,52.135
sdn,sex_t,age_ythadult_y15_24,edu_aggregate_ltb,2008,358.713
sdn,sex_t,age_ythadult_y15_24,edu_aggregate_ltb,2011,160.918
sdn,sex_t,age_ythadult_y15_24,edu_aggregate_ltb,2022,53.496
sdn,sex_t,age_ythadult_y15_24,edu_aggregate_total,2008,508.77
sdn,sex_t,age_ythadult_y15_24,edu_aggregate_total,2011,603.974
sdn,sex_t,age_ythadult_y15_24,edu_aggregate_total,2022,265.359
sdn,sex_t,age_ythadult_y15_24,edu_aggregate_x,2008,9.901
sdn,sex_t,age_ythadult_y15_24,edu_aggregate_x,2022,19.609
sdn,sex_t,age_ythadult_y15_24,edu_isced11_0,2008,15.387
sdn,sex_t,age_ythadult_y15_24,edu_isced11_0,2011,55.94
sdn,sex_t,age_ythadult_y15_24,edu_isced11_0,2022,27.306
sdn,sex_t,age_ythadult_y15_24,edu_isced11_1,2008,44.867
sdn,sex_t,age_ythadult_y15_24,edu_isced11_1,2011,191.541
sdn,sex_t,age_ythadult_y15_24,edu_isced11_1,2022,44.417
sdn,sex_t,age_ythadult_y15_24,edu_isced11_2,2008,49.219
sdn,sex_t,age_ythadult_y15_24,edu_isced11_2,2011,4.433
sdn,sex_t,age_ythadult_y15_24,edu_isced11_2,2022,57.17
sdn,sex_t,age_ythadult_y15_24,edu_isced11_3,2008,2.603
sdn,sex_t,age_ythadult_y15_24,edu_isced11_3,2011,118.909
sdn,sex_t,age_ythadult_y15_24,edu_isced11_3,2022,52.135
sdn,sex_t,age_ythadult_y15_24,edu_isced11_4,2008,4.259
sdn,sex_t,age_ythadult_y15_24,edu_isced11_5,2011,1.955
sdn,sex_t,age_ythadult_y15_24,edu_isced11_6,2008,38.799
sdn,sex_t,age_ythadult_y15_24,edu_isced11_6,2011,121.14
sdn,sex_t,age_ythadult_y15_24,edu_isced11_6,2022,38.055
sdn,sex_t,age_ythadult_y15_24,edu_isced11_7,2008,0.295
sdn,sex_t,age_ythadult_y15_24,edu_isced11_8,2008,0.114
sdn,sex_t,age_ythadult_y15_24,edu_isced11_8,2011,1.924
sdn,sex_t,age_ythadult_y15_24,edu_isced11_9,2008,9.901
sdn,sex_t,age_ythadult_y15_24,edu_isced11_9,2022,19.609
sdn,sex_t,age_ythadult_y15_24,edu_isced11_total,2008,508.77
sdn,sex_t,age_ythadult_y15_24,edu_isced11_total,2011,603.974
sdn,sex_t,age_ythadult_y15_24,edu_isced11_total,2022,265.359
sdn,sex_t,age_ythadult_y15_24,edu_isced11_x,2008,343.326
sdn,sex_t,age_ythadult_y15_24,edu_isced11_x,2011,104.978
sdn,sex_t,age_ythadult_y15_24,edu_isced11_x,2022,26.19
sdn,sex_t,age_ythadult_y15_64,edu_aggregate_adv,2008,134.022
sdn,sex_t,age_ythadult_y15_64,edu_aggregate_adv,2011,377.595
sdn,sex_t,age_ythadult_y15_64,edu_aggregate_adv,2022,211.09
sdn,sex_t,age_ythadult_y15_64,edu_aggregate_bas,2008,221.467
sdn,sex_t,age_ythadult_y15_64,edu_aggregate_bas,2011,397.402
sdn,sex_t,age_ythadult_y15_64,edu_aggregate_bas,2022,144.232
sdn,sex_t,age_ythadult_y15_64,edu_aggregate_int,2008,22.976
sdn,sex_t,age_ythadult_y15_64,edu_aggregate_int,2011,296.344
sdn,sex_t,age_ythadult_y15_64,edu_aggregate_int,2022,133.851
sdn,sex_t,age_ythadult_y15_64,edu_aggregate_ltb,2008,898.05
sdn,sex_t,age_ythadult_y15_64,edu_aggregate_ltb,2011,440.062
sdn,sex_t,age_ythadult_y15_64,edu_aggregate_ltb,2022,152.795
sdn,sex_t,age_ythadult_y15_64,edu_aggregate_total,2008,1290.337
sdn,sex_t,age_ythadult_y15_64,edu_aggregate_total,2011,1514.204
sdn,sex_t,age_ythadult_y15_64,edu_aggregate_total,2022,737.65
sdn,sex_t,age_ythadult_y15_64,edu_aggregate_x,2008,13.822
sdn,sex_t,age_ythadult_y15_64,edu_aggregate_x,2011,2.8
sdn,sex_t,age_ythadult_y15_64,edu_aggregate_x,2022,95.682
sdn,sex_t,age_ythadult_y15_64,edu_isced11_0,2008,58.796
sdn,sex_t,age_ythadult_y15_64,edu_isced11_0,2011,132.494
sdn,sex_t,age_ythadult_y15_64,edu_isced11_0,2022,69.092
sdn,sex_t,age_ythadult_y15_64,edu_isced11_1,2008,97.608
sdn,sex_t,age_ythadult_y15_64,edu_isced11_1,2011,355.489
sdn,sex_t,age_ythadult_y15_64,edu_isced11_1,2022,68.202
sdn,sex_t,age_ythadult_y15_64,edu_isced11_2,2008,123.86
sdn,sex_t,age_ythadult_y15_64,edu_isced11_2,2011,41.913
sdn,sex_t,age_ythadult_y15_64,edu_isced11_3,2008,7.52
sdn,sex_t,age_ythadult_y15_64,edu_isced11_3,2011,290.998
sdn,sex_t,age_ythadult_y15_64,edu_isced11_3,2022,132.058
sdn,sex_t,age_ythadult_y15_64,edu_isced11_4,2008,15.455
sdn,sex_t,age_ythadult_y15_64,edu_isced11_5,2011,11.726
sdn,sex_t,age_ythadult_y15_64,edu_isced11_6,2008,131.104
sdn,sex_t,age_ythadult_y15_64,edu_isced11_6,2011,357.315
sdn,sex_t,age_ythadult_y15_64,edu_isced11_7,2008,2.412
sdn,sex_t,age_ythadult_y15_64,edu_isced11_8,2008,0.506
sdn,sex_t,age_ythadult_y15_64,edu_isced11_8,2011,5.45
sdn,sex_t,age_ythadult_y15_64,edu_isced11_9,2008,13.822
sdn,sex_t,age_ythadult_y15_64,edu_isced11_9,2011,2.8
sdn,sex_t,age_ythadult_y15_64,edu_isced11_9,2022,95.682
sdn,sex_t,age_ythadult_y15_64,edu_isced11_total,2008,1290.337
sdn,sex_t,age_ythadult_y15_64,edu_isced11_total,2011,1514.204
sdn,sex_t,age_ythadult_y15_64,edu_isced11_total,2022,737.65
sdn,sex_t,age_ythadult_y15_64,edu_isced11_x,2008,839.254
sdn,sex_t,age_ythadult_y15_64,edu_isced11_x,2011,307.568
sdn,sex_t,age_ythadult_y15_64,edu_isced11_x,2022,83.704
sdn,sex_t,age_ythadult_yge15,edu_aggregate_adv,2008,134.724
sdn,sex_t,age_ythadult_yge15,edu_aggregate_adv,2011,379.997
sdn,sex_t,age_ythadult_yge15,edu_aggregate_adv,2022,211.09
sdn,sex_t,age_ythadult_yge15,edu_aggregate_bas,2008,223.439
sdn,sex_t,age_ythadult_yge15,edu_aggregate_bas,2011,401.65
sdn,sex_t,age_ythadult_yge15,edu_aggregate_bas,2022,144.232
sdn,sex_t,age_ythadult_yge15,edu_aggregate_int,2008,23.418
sdn,sex_t,age_ythadult_yge15,edu_aggregate_int,2011,296.344
sdn,sex_t,age_ythadult_yge15,edu_aggregate_int,2022,133.851
sdn,sex_t,age_ythadult_yge15,edu_aggregate_ltb,2008,941.005
sdn,sex_t,age_ythadult_yge15,edu_aggregate_ltb,2011,463.325
sdn,sex_t,age_ythadult_yge15,edu_aggregate_ltb,2022,152.795
sdn,sex_t,age_ythadult_yge15,edu_aggregate_total,2008,1336.749
sdn,sex_t,age_ythadult_yge15,edu_aggregate_total,2011,1544.117
sdn,sex_t,age_ythadult_yge15,edu_aggregate_total,2022,737.65
sdn,sex_t,age_ythadult_yge15,edu_aggregate_x,2008,14.162
sdn,sex_t,age_ythadult_yge15,edu_aggregate_x,2011,2.8
sdn,sex_t,age_ythadult_yge15,edu_aggregate_x,2022,95.682
sdn,sex_t,age_ythadult_yge15,edu_isced11_0,2008,64.053
sdn,sex_t,age_ythadult_yge15,edu_isced11_0,2011,135.142
sdn,sex_t,age_ythadult_yge15,edu_isced11_0,2022,69.092
sdn,sex_t,age_ythadult_yge15,edu_isced11_1,2008,98.716
sdn,sex_t,age_ythadult_yge15,edu_isced11_1,2011,358.999
sdn,sex_t,age_ythadult_yge15,edu_isced11_1,2022,68.202
sdn,sex_t,age_ythadult_yge15,edu_isced11_2,2008,124.724
sdn,sex_t,age_ythadult_yge15,edu_isced11_2,2011,42.651
sdn,sex_t,age_ythadult_yge15,edu_isced11_2,2022,76.03
sdn,sex_t,age_ythadult_yge15,edu_isced11_3,2008,7.713
sdn,sex_t,age_ythadult_yge15,edu_isced11_3,2011,290.998
sdn,sex_t,age_ythadult_yge15,edu_isced11_3,2022,132.058
sdn,sex_t,age_ythadult_yge15,edu_isced11_4,2008,15.705
sdn,sex_t,age_ythadult_yge15,edu_isced11_4,2011,5.346
sdn,sex_t,age_ythadult_yge15,edu_isced11_5,2011,11.726
sdn,sex_t,age_ythadult_yge15,edu_isced11_5,2022,8.84
sdn,sex_t,age_ythadult_yge15,edu_isced11_6,2008,131.658
sdn,sex_t,age_ythadult_yge15,edu_isced11_6,2011,359.717
sdn,sex_t,age_ythadult_yge15,edu_isced11_6,2022,195.435
sdn,sex_t,age_ythadult_yge15,edu_isced11_7,2008,2.498
sdn,sex_t,age_ythadult_yge15,edu_isced11_8,2008,0.569
sdn,sex_t,age_ythadult_yge15,edu_isced11_8,2011,5.45
sdn,sex_t,age_ythadult_yge15,edu_isced11_9,2008,14.162
sdn,sex_t,age_ythadult_yge15,edu_isced11_9,2011,2.8
sdn,sex_t,age_ythadult_yge15,edu_isced11_9,2022,95.682
sdn,sex_t,age_ythadult_yge15,edu_isced11_total,2008,1336.749
sdn,sex_t,age_ythadult_yge15,edu_isced11_total,2011,1544.117
sdn,sex_t,age_ythadult_yge15,edu_isced11_total,2022,737.65
sdn,sex_t,age_ythadult_yge15,edu_isced11_x,2008,876.953
sdn,sex_t,age_ythadult_yge15,edu_isced11_x,2011,328.183
sdn,sex_t,age_ythadult_yge15,edu_isced11_x,2022,83.704
sdn,sex_t,age_ythadult_yge25,edu_aggregate_adv,2008,95.516
sdn,sex_t,age_ythadult_yge25,edu_aggregate_adv,2011,254.978
sdn,sex_t,age_ythadult_yge25,edu_aggregate_adv,2022,172.559
sdn,sex_t,age_ythadult_yge25,edu_aggregate_bas,2008,129.354
sdn,sex_t,age_ythadult_yge25,edu_aggregate_bas,2011,205.675
sdn,sex_t,age_ythadult_yge25,edu_aggregate_bas,2022,42.645
sdn,sex_t,age_ythadult_yge25,edu_aggregate_int,2008,16.555
sdn,sex_t,age_ythadult_yge25,edu_aggregate_int,2011,175.666
sdn,sex_t,age_ythadult_yge25,edu_aggregate_int,2022,81.716
sdn,sex_t,age_ythadult_yge25,edu_aggregate_ltb,2008,582.293
sdn,sex_t,age_ythadult_yge25,edu_aggregate_ltb,2011,302.407
sdn,sex_t,age_ythadult_yge25,edu_aggregate_ltb,2022,99.299
sdn,sex_t,age_ythadult_yge25,edu_aggregate_total,2008,827.979
sdn,sex_t,age_ythadult_yge25,edu_aggregate_total,2011,940.143
sdn,sex_t,age_ythadult_yge25,edu_aggregate_total,2022,472.291
sdn,sex_t,age_ythadult_yge25,edu_aggregate_x,2008,4.261
sdn,sex_t,age_ythadult_yge25,edu_aggregate_x,2022,76.073
sdn,sex_t,age_ythadult_yge25,edu_isced11_0,2008,48.666
sdn,sex_t,age_ythadult_yge25,edu_isced11_0,2011,79.202
sdn,sex_t,age_ythadult_yge25,edu_isced11_0,2022,41.786
sdn,sex_t,age_ythadult_yge25,edu_isced11_1,2008,53.849
sdn,sex_t,age_ythadult_yge25,edu_isced11_1,2011,167.458
sdn,sex_t,age_ythadult_yge25,edu_isced11_1,2022,23.785
sdn,sex_t,age_ythadult_yge25,edu_isced11_2,2008,75.505
sdn,sex_t,age_ythadult_yge25,edu_isced11_2,2011,38.218
sdn,sex_t,age_ythadult_yge25,edu_isced11_2,2022,18.86
sdn,sex_t,age_ythadult_yge25,edu_isced11_3,2008,5.109
sdn,sex_t,age_ythadult_yge25,edu_isced11_3,2011,172.089
sdn,sex_t,age_ythadult_yge25,edu_isced11_3,2022,79.923
sdn,sex_t,age_ythadult_yge25,edu_isced11_4,2008,11.446
sdn,sex_t,age_ythadult_yge25,edu_isced11_4,2011,3.576
sdn,sex_t,age_ythadult_yge25,edu_isced11_5,2011,9.771
sdn,sex_t,age_ythadult_yge25,edu_isced11_5,2022,8.363
sdn,sex_t,age_ythadult_yge25,edu_isced11_6,2008,92.859
sdn,sex_t,age_ythadult_yge25,edu_isced11_6,2011,238.577
sdn,sex_t,age_ythadult_yge25,edu_isced11_6,2022,157.381
sdn,sex_t,age_ythadult_yge25,edu_isced11_7,2008,2.203
sdn,sex_t,age_ythadult_yge25,edu_isced11_8,2008,0.454
sdn,sex_t,age_ythadult_yge25,edu_isced11_8,2011,3.526
sdn,sex_t,age_ythadult_yge25,edu_isced11_9,2008,4.261
sdn,sex_t,age_ythadult_yge25,edu_isced11_9,2022,76.073
sdn,sex_t,age_ythadult_yge25,edu_isced11_total,2008,827.979
sdn,sex_t,age_ythadult_yge25,edu_isced11_total,2011,940.143
sdn,sex_t,age_ythadult_yge25,edu_isced11_total,2022,472.291
sdn,sex_t,age_ythadult_yge25,edu_isced11_x,2008,533.627
sdn,sex_t,age_ythadult_yge25,edu_isced11_x,2011,223.205
sdn,sex_t,age_ythadult_yge25,edu_isced11_x,2022,57.513
