ref_area,sex,classif1,classif2,time,une_tune_sex_age_edu_nb
swe,sex_f,age_10yrbands_total,edu_aggregate_adv,1995,21.496
swe,sex_f,age_10yrbands_total,edu_aggregate_adv,1996,21.555
swe,sex_f,age_10yrbands_total,edu_aggregate_adv,1997,21.863
swe,sex_f,age_10yrbands_total,edu_aggregate_adv,1998,23.15
swe,sex_f,age_10yrbands_total,edu_aggregate_adv,1999,18.751
swe,sex_f,age_10yrbands_total,edu_aggregate_adv,2000,15.346
swe,sex_f,age_10yrbands_total,edu_aggregate_adv,2001,13.223
swe,sex_f,age_10yrbands_total,edu_aggregate_adv,2002,13.735
swe,sex_f,age_10yrbands_total,edu_aggregate_adv,2003,16.99
swe,sex_f,age_10yrbands_total,edu_aggregate_adv,2004,23.786
swe,sex_f,age_10yrbands_total,edu_aggregate_adv,2005,34.038
swe,sex_f,age_10yrbands_total,edu_aggregate_adv,2006,32.119
swe,sex_f,age_10yrbands_total,edu_aggregate_adv,2007,26.719
swe,sex_f,age_10yrbands_total,edu_aggregate_adv,2008,27.452
swe,sex_f,age_10yrbands_total,edu_aggregate_adv,2009,34.633
swe,sex_f,age_10yrbands_total,edu_aggregate_adv,2010,38.42
swe,sex_f,age_10yrbands_total,edu_aggregate_adv,2011,35.437
swe,sex_f,age_10yrbands_total,edu_aggregate_adv,2012,37.125
swe,sex_f,age_10yrbands_total,edu_aggregate_adv,2013,41.271
swe,sex_f,age_10yrbands_total,edu_aggregate_adv,2014,42.938
swe,sex_f,age_10yrbands_total,edu_aggregate_adv,2015,43.164
swe,sex_f,age_10yrbands_total,edu_aggregate_adv,2016,41.228
swe,sex_f,age_10yrbands_total,edu_aggregate_adv,2017,42.727
swe,sex_f,age_10yrbands_total,edu_aggregate_adv,2018,40.013
swe,sex_f,age_10yrbands_total,edu_aggregate_adv,2019,44.168
swe,sex_f,age_10yrbands_total,edu_aggregate_adv,2020,58.695
swe,sex_f,age_10yrbands_total,edu_aggregate_adv,2021,57.479
swe,sex_f,age_10yrbands_total,edu_aggregate_adv,2022,49.749
swe,sex_f,age_10yrbands_total,edu_aggregate_adv,2023,58.865
swe,sex_f,age_10yrbands_total,edu_aggregate_bas,1995,47.951
swe,sex_f,age_10yrbands_total,edu_aggregate_bas,1996,49.221
swe,sex_f,age_10yrbands_total,edu_aggregate_bas,1997,61.672
swe,sex_f,age_10yrbands_total,edu_aggregate_bas,1998,46.048
swe,sex_f,age_10yrbands_total,edu_aggregate_bas,1999,45.847
swe,sex_f,age_10yrbands_total,edu_aggregate_bas,2000,31.828
swe,sex_f,age_10yrbands_total,edu_aggregate_bas,2001,27.982
swe,sex_f,age_10yrbands_total,edu_aggregate_bas,2002,30.07
swe,sex_f,age_10yrbands_total,edu_aggregate_bas,2003,31.091
swe,sex_f,age_10yrbands_total,edu_aggregate_bas,2004,32.75
swe,sex_f,age_10yrbands_total,edu_aggregate_bas,2005,49.574
swe,sex_f,age_10yrbands_total,edu_aggregate_bas,2006,57.455
swe,sex_f,age_10yrbands_total,edu_aggregate_bas,2007,55.731
swe,sex_f,age_10yrbands_total,edu_aggregate_bas,2008,60.222
swe,sex_f,age_10yrbands_total,edu_aggregate_bas,2009,65.446
swe,sex_f,age_10yrbands_total,edu_aggregate_bas,2010,69.883
swe,sex_f,age_10yrbands_total,edu_aggregate_bas,2011,67.452
swe,sex_f,age_10yrbands_total,edu_aggregate_bas,2012,68.359
swe,sex_f,age_10yrbands_total,edu_aggregate_bas,2013,71.76
swe,sex_f,age_10yrbands_total,edu_aggregate_bas,2014,73.702
swe,sex_f,age_10yrbands_total,edu_aggregate_bas,2015,73.759
swe,sex_f,age_10yrbands_total,edu_aggregate_bas,2016,67.521
swe,sex_f,age_10yrbands_total,edu_aggregate_bas,2017,70.621
swe,sex_f,age_10yrbands_total,edu_aggregate_bas,2018,71.155
swe,sex_f,age_10yrbands_total,edu_aggregate_bas,2019,84.047
swe,sex_f,age_10yrbands_total,edu_aggregate_bas,2020,90.157
swe,sex_f,age_10yrbands_total,edu_aggregate_bas,2021,111.216
swe,sex_f,age_10yrbands_total,edu_aggregate_bas,2022,97.942
swe,sex_f,age_10yrbands_total,edu_aggregate_bas,2023,94.15
swe,sex_f,age_10yrbands_total,edu_aggregate_int,1995,97.353
swe,sex_f,age_10yrbands_total,edu_aggregate_int,1996,107.855
swe,sex_f,age_10yrbands_total,edu_aggregate_int,1997,114.739
swe,sex_f,age_10yrbands_total,edu_aggregate_int,1998,90.108
swe,sex_f,age_10yrbands_total,edu_aggregate_int,1999,75.778
swe,sex_f,age_10yrbands_total,edu_aggregate_int,2000,55.277
swe,sex_f,age_10yrbands_total,edu_aggregate_int,2001,47.611
swe,sex_f,age_10yrbands_total,edu_aggregate_int,2002,50.648
swe,sex_f,age_10yrbands_total,edu_aggregate_int,2003,55.702
swe,sex_f,age_10yrbands_total,edu_aggregate_int,2004,74.15
swe,sex_f,age_10yrbands_total,edu_aggregate_int,2005,80.588
swe,sex_f,age_10yrbands_total,edu_aggregate_int,2006,72.41
swe,sex_f,age_10yrbands_total,edu_aggregate_int,2007,63.94
swe,sex_f,age_10yrbands_total,edu_aggregate_int,2008,63.62
swe,sex_f,age_10yrbands_total,edu_aggregate_int,2009,83.747
swe,sex_f,age_10yrbands_total,edu_aggregate_int,2010,88.448
swe,sex_f,age_10yrbands_total,edu_aggregate_int,2011,79.62
swe,sex_f,age_10yrbands_total,edu_aggregate_int,2012,78.275
swe,sex_f,age_10yrbands_total,edu_aggregate_int,2013,77.025
swe,sex_f,age_10yrbands_total,edu_aggregate_int,2014,72.133
swe,sex_f,age_10yrbands_total,edu_aggregate_int,2015,63.673
swe,sex_f,age_10yrbands_total,edu_aggregate_int,2016,56.129
swe,sex_f,age_10yrbands_total,edu_aggregate_int,2017,50.689
swe,sex_f,age_10yrbands_total,edu_aggregate_int,2018,49.236
swe,sex_f,age_10yrbands_total,edu_aggregate_int,2019,51.532
swe,sex_f,age_10yrbands_total,edu_aggregate_int,2020,65.695
swe,sex_f,age_10yrbands_total,edu_aggregate_int,2021,67.282
swe,sex_f,age_10yrbands_total,edu_aggregate_int,2022,59.351
swe,sex_f,age_10yrbands_total,edu_aggregate_int,2023,58.678
swe,sex_f,age_10yrbands_total,edu_aggregate_total,1995,166.799
swe,sex_f,age_10yrbands_total,edu_aggregate_total,1996,180.548
swe,sex_f,age_10yrbands_total,edu_aggregate_total,1997,200.46
swe,sex_f,age_10yrbands_total,edu_aggregate_total,1998,162.085
swe,sex_f,age_10yrbands_total,edu_aggregate_total,1999,142.091
swe,sex_f,age_10yrbands_total,edu_aggregate_total,2000,103.974
swe,sex_f,age_10yrbands_total,edu_aggregate_total,2001,95.319
swe,sex_f,age_10yrbands_total,edu_aggregate_total,2002,100.872
swe,sex_f,age_10yrbands_total,edu_aggregate_total,2003,110.215
swe,sex_f,age_10yrbands_total,edu_aggregate_total,2004,135.948
swe,sex_f,age_10yrbands_total,edu_aggregate_total,2005,173.058
swe,sex_f,age_10yrbands_total,edu_aggregate_total,2006,164.157
swe,sex_f,age_10yrbands_total,edu_aggregate_total,2007,148.657
swe,sex_f,age_10yrbands_total,edu_aggregate_total,2008,152.553
swe,sex_f,age_10yrbands_total,edu_aggregate_total,2009,186.395
swe,sex_f,age_10yrbands_total,edu_aggregate_total,2010,198.416
swe,sex_f,age_10yrbands_total,edu_aggregate_total,2011,184.123
swe,sex_f,age_10yrbands_total,edu_aggregate_total,2012,185.047
swe,sex_f,age_10yrbands_total,edu_aggregate_total,2013,191.558
swe,sex_f,age_10yrbands_total,edu_aggregate_total,2014,189.179
swe,sex_f,age_10yrbands_total,edu_aggregate_total,2015,181.394
swe,sex_f,age_10yrbands_total,edu_aggregate_total,2016,165.554
swe,sex_f,age_10yrbands_total,edu_aggregate_total,2017,164.715
swe,sex_f,age_10yrbands_total,edu_aggregate_total,2018,161.568
swe,sex_f,age_10yrbands_total,edu_aggregate_total,2019,182.277
swe,sex_f,age_10yrbands_total,edu_aggregate_total,2020,215.802
swe,sex_f,age_10yrbands_total,edu_aggregate_total,2021,240.676
swe,sex_f,age_10yrbands_total,edu_aggregate_total,2022,211.251
swe,sex_f,age_10yrbands_total,edu_aggregate_total,2023,214.934
swe,sex_f,age_10yrbands_total,edu_aggregate_x,1996,1.918
swe,sex_f,age_10yrbands_total,edu_aggregate_x,1997,2.185
swe,sex_f,age_10yrbands_total,edu_aggregate_x,1998,2.779
swe,sex_f,age_10yrbands_total,edu_aggregate_x,1999,1.715
swe,sex_f,age_10yrbands_total,edu_aggregate_x,2001,6.503
swe,sex_f,age_10yrbands_total,edu_aggregate_x,2002,6.419
swe,sex_f,age_10yrbands_total,edu_aggregate_x,2003,6.432
swe,sex_f,age_10yrbands_total,edu_aggregate_x,2004,5.262
swe,sex_f,age_10yrbands_total,edu_aggregate_x,2005,8.858
swe,sex_f,age_10yrbands_total,edu_aggregate_x,2006,2.173
swe,sex_f,age_10yrbands_total,edu_aggregate_x,2007,2.267
swe,sex_f,age_10yrbands_total,edu_aggregate_x,2008,1.258
swe,sex_f,age_10yrbands_total,edu_aggregate_x,2009,2.568
swe,sex_f,age_10yrbands_total,edu_aggregate_x,2010,1.664
swe,sex_f,age_10yrbands_total,edu_aggregate_x,2011,1.614
swe,sex_f,age_10yrbands_total,edu_aggregate_x,2012,1.288
swe,sex_f,age_10yrbands_total,edu_aggregate_x,2013,1.502
swe,sex_f,age_10yrbands_total,edu_aggregate_x,2014,0.407
swe,sex_f,age_10yrbands_total,edu_aggregate_x,2015,0.799
swe,sex_f,age_10yrbands_total,edu_aggregate_x,2016,0.677
swe,sex_f,age_10yrbands_total,edu_aggregate_x,2017,0.678
swe,sex_f,age_10yrbands_total,edu_aggregate_x,2018,1.164
swe,sex_f,age_10yrbands_total,edu_aggregate_x,2019,2.529
swe,sex_f,age_10yrbands_total,edu_aggregate_x,2020,1.254
swe,sex_f,age_10yrbands_total,edu_aggregate_x,2021,4.698
swe,sex_f,age_10yrbands_total,edu_aggregate_x,2022,4.21
swe,sex_f,age_10yrbands_total,edu_aggregate_x,2023,3.241
swe,sex_f,age_10yrbands_total,edu_isced11_1,2006,11.097
swe,sex_f,age_10yrbands_total,edu_isced11_1,2007,9.314
swe,sex_f,age_10yrbands_total,edu_isced11_1,2008,14.877
swe,sex_f,age_10yrbands_total,edu_isced11_1,2009,12.699
swe,sex_f,age_10yrbands_total,edu_isced11_1,2010,13.546
swe,sex_f,age_10yrbands_total,edu_isced11_1,2011,14.107
swe,sex_f,age_10yrbands_total,edu_isced11_1,2012,14.993
swe,sex_f,age_10yrbands_total,edu_isced11_1,2013,15.419
swe,sex_f,age_10yrbands_total,edu_isced11_1,2014,18.814
swe,sex_f,age_10yrbands_total,edu_isced11_1,2015,19.948
swe,sex_f,age_10yrbands_total,edu_isced11_1,2016,21.548
swe,sex_f,age_10yrbands_total,edu_isced11_1,2017,21.373
swe,sex_f,age_10yrbands_total,edu_isced11_1,2018,26.239
swe,sex_f,age_10yrbands_total,edu_isced11_1,2019,23.797
swe,sex_f,age_10yrbands_total,edu_isced11_1,2020,25.142
swe,sex_f,age_10yrbands_total,edu_isced11_1,2021,35.765
swe,sex_f,age_10yrbands_total,edu_isced11_1,2022,34.12
swe,sex_f,age_10yrbands_total,edu_isced11_1,2023,29.112
swe,sex_f,age_10yrbands_total,edu_isced11_2,2006,46.358
swe,sex_f,age_10yrbands_total,edu_isced11_2,2007,46.417
swe,sex_f,age_10yrbands_total,edu_isced11_2,2008,45.345
swe,sex_f,age_10yrbands_total,edu_isced11_2,2009,52.748
swe,sex_f,age_10yrbands_total,edu_isced11_2,2010,56.337
swe,sex_f,age_10yrbands_total,edu_isced11_2,2011,53.345
swe,sex_f,age_10yrbands_total,edu_isced11_2,2012,53.366
swe,sex_f,age_10yrbands_total,edu_isced11_2,2013,56.342
swe,sex_f,age_10yrbands_total,edu_isced11_2,2014,54.887
swe,sex_f,age_10yrbands_total,edu_isced11_2,2015,53.812
swe,sex_f,age_10yrbands_total,edu_isced11_2,2016,45.973
swe,sex_f,age_10yrbands_total,edu_isced11_2,2017,49.248
swe,sex_f,age_10yrbands_total,edu_isced11_2,2018,44.916
swe,sex_f,age_10yrbands_total,edu_isced11_2,2019,60.25
swe,sex_f,age_10yrbands_total,edu_isced11_2,2020,65.015
swe,sex_f,age_10yrbands_total,edu_isced11_2,2021,75.451
swe,sex_f,age_10yrbands_total,edu_isced11_2,2022,63.821
swe,sex_f,age_10yrbands_total,edu_isced11_2,2023,65.037
swe,sex_f,age_10yrbands_total,edu_isced11_3,2006,63.308
swe,sex_f,age_10yrbands_total,edu_isced11_3,2007,55.176
swe,sex_f,age_10yrbands_total,edu_isced11_3,2008,54.99
swe,sex_f,age_10yrbands_total,edu_isced11_3,2009,72.436
swe,sex_f,age_10yrbands_total,edu_isced11_3,2010,75.476
swe,sex_f,age_10yrbands_total,edu_isced11_3,2011,67.919
swe,sex_f,age_10yrbands_total,edu_isced11_3,2012,65.053
swe,sex_f,age_10yrbands_total,edu_isced11_3,2013,63.473
swe,sex_f,age_10yrbands_total,edu_isced11_3,2014,57.694
swe,sex_f,age_10yrbands_total,edu_isced11_3,2015,51.807
swe,sex_f,age_10yrbands_total,edu_isced11_3,2016,45.168
swe,sex_f,age_10yrbands_total,edu_isced11_3,2017,39.902
swe,sex_f,age_10yrbands_total,edu_isced11_3,2018,38.349
swe,sex_f,age_10yrbands_total,edu_isced11_3,2019,36.431
swe,sex_f,age_10yrbands_total,edu_isced11_3,2020,49.899
swe,sex_f,age_10yrbands_total,edu_isced11_3,2021,52.618
swe,sex_f,age_10yrbands_total,edu_isced11_3,2022,45.337
swe,sex_f,age_10yrbands_total,edu_isced11_3,2023,39.444
swe,sex_f,age_10yrbands_total,edu_isced11_4,2006,9.102
swe,sex_f,age_10yrbands_total,edu_isced11_4,2007,8.764
swe,sex_f,age_10yrbands_total,edu_isced11_4,2008,8.631
swe,sex_f,age_10yrbands_total,edu_isced11_4,2009,11.311
swe,sex_f,age_10yrbands_total,edu_isced11_4,2010,12.972
swe,sex_f,age_10yrbands_total,edu_isced11_4,2011,11.701
swe,sex_f,age_10yrbands_total,edu_isced11_4,2012,13.222
swe,sex_f,age_10yrbands_total,edu_isced11_4,2013,13.552
swe,sex_f,age_10yrbands_total,edu_isced11_4,2014,14.439
swe,sex_f,age_10yrbands_total,edu_isced11_4,2015,11.866
swe,sex_f,age_10yrbands_total,edu_isced11_4,2016,10.961
swe,sex_f,age_10yrbands_total,edu_isced11_4,2017,10.788
swe,sex_f,age_10yrbands_total,edu_isced11_4,2018,10.887
swe,sex_f,age_10yrbands_total,edu_isced11_4,2019,15.101
swe,sex_f,age_10yrbands_total,edu_isced11_4,2020,15.796
swe,sex_f,age_10yrbands_total,edu_isced11_4,2021,14.664
swe,sex_f,age_10yrbands_total,edu_isced11_4,2022,14.014
swe,sex_f,age_10yrbands_total,edu_isced11_4,2023,19.234
swe,sex_f,age_10yrbands_total,edu_isced11_5,2006,32.119
swe,sex_f,age_10yrbands_total,edu_isced11_5,2007,26.719
swe,sex_f,age_10yrbands_total,edu_isced11_5,2008,27.452
swe,sex_f,age_10yrbands_total,edu_isced11_5,2009,34.633
swe,sex_f,age_10yrbands_total,edu_isced11_5,2010,38.42
swe,sex_f,age_10yrbands_total,edu_isced11_5,2011,35.437
swe,sex_f,age_10yrbands_total,edu_isced11_5,2012,37.125
swe,sex_f,age_10yrbands_total,edu_isced11_5,2013,41.271
swe,sex_f,age_10yrbands_total,edu_isced11_5,2014,15.859
swe,sex_f,age_10yrbands_total,edu_isced11_5,2015,16.424
swe,sex_f,age_10yrbands_total,edu_isced11_5,2016,14.188
swe,sex_f,age_10yrbands_total,edu_isced11_5,2017,13.756
swe,sex_f,age_10yrbands_total,edu_isced11_5,2018,13.503
swe,sex_f,age_10yrbands_total,edu_isced11_5,2019,15.447
swe,sex_f,age_10yrbands_total,edu_isced11_5,2020,19.565
swe,sex_f,age_10yrbands_total,edu_isced11_5,2021,19.703
swe,sex_f,age_10yrbands_total,edu_isced11_5,2022,14.653
swe,sex_f,age_10yrbands_total,edu_isced11_5,2023,19.653
swe,sex_f,age_10yrbands_total,edu_isced11_6,2014,16.544
swe,sex_f,age_10yrbands_total,edu_isced11_6,2015,17.284
swe,sex_f,age_10yrbands_total,edu_isced11_6,2016,14.958
swe,sex_f,age_10yrbands_total,edu_isced11_6,2017,17.001
swe,sex_f,age_10yrbands_total,edu_isced11_6,2018,14.774
swe,sex_f,age_10yrbands_total,edu_isced11_6,2019,16.482
swe,sex_f,age_10yrbands_total,edu_isced11_6,2020,23.268
swe,sex_f,age_10yrbands_total,edu_isced11_6,2021,22.48
swe,sex_f,age_10yrbands_total,edu_isced11_6,2022,23.339
swe,sex_f,age_10yrbands_total,edu_isced11_6,2023,23.452
swe,sex_f,age_10yrbands_total,edu_isced11_7,2014,9.829
swe,sex_f,age_10yrbands_total,edu_isced11_7,2015,8.726
swe,sex_f,age_10yrbands_total,edu_isced11_7,2016,11.435
swe,sex_f,age_10yrbands_total,edu_isced11_7,2017,11.034
swe,sex_f,age_10yrbands_total,edu_isced11_7,2018,11.135
swe,sex_f,age_10yrbands_total,edu_isced11_7,2019,10.394
swe,sex_f,age_10yrbands_total,edu_isced11_7,2020,13.454
swe,sex_f,age_10yrbands_total,edu_isced11_7,2021,13.978
swe,sex_f,age_10yrbands_total,edu_isced11_7,2022,10.887
swe,sex_f,age_10yrbands_total,edu_isced11_7,2023,13.915
swe,sex_f,age_10yrbands_total,edu_isced11_8,2014,0.705
swe,sex_f,age_10yrbands_total,edu_isced11_8,2015,0.729
swe,sex_f,age_10yrbands_total,edu_isced11_8,2016,0.646
swe,sex_f,age_10yrbands_total,edu_isced11_8,2017,0.936
swe,sex_f,age_10yrbands_total,edu_isced11_8,2018,0.6
swe,sex_f,age_10yrbands_total,edu_isced11_8,2019,1.845
swe,sex_f,age_10yrbands_total,edu_isced11_8,2020,2.409
swe,sex_f,age_10yrbands_total,edu_isced11_8,2021,1.318
swe,sex_f,age_10yrbands_total,edu_isced11_8,2022,0.87
swe,sex_f,age_10yrbands_total,edu_isced11_8,2023,1.844
swe,sex_f,age_10yrbands_total,edu_isced11_9,2006,2.173
swe,sex_f,age_10yrbands_total,edu_isced11_9,2007,2.267
swe,sex_f,age_10yrbands_total,edu_isced11_9,2008,1.258
swe,sex_f,age_10yrbands_total,edu_isced11_9,2009,2.568
swe,sex_f,age_10yrbands_total,edu_isced11_9,2010,1.664
swe,sex_f,age_10yrbands_total,edu_isced11_9,2011,1.614
swe,sex_f,age_10yrbands_total,edu_isced11_9,2012,1.288
swe,sex_f,age_10yrbands_total,edu_isced11_9,2013,1.502
swe,sex_f,age_10yrbands_total,edu_isced11_9,2014,0.407
swe,sex_f,age_10yrbands_total,edu_isced11_9,2015,0.799
swe,sex_f,age_10yrbands_total,edu_isced11_9,2016,0.677
swe,sex_f,age_10yrbands_total,edu_isced11_9,2017,0.678
swe,sex_f,age_10yrbands_total,edu_isced11_9,2018,1.164
swe,sex_f,age_10yrbands_total,edu_isced11_9,2019,2.529
swe,sex_f,age_10yrbands_total,edu_isced11_9,2020,1.254
swe,sex_f,age_10yrbands_total,edu_isced11_9,2021,4.698
swe,sex_f,age_10yrbands_total,edu_isced11_9,2022,4.21
swe,sex_f,age_10yrbands_total,edu_isced11_9,2023,3.241
swe,sex_f,age_10yrbands_total,edu_isced11_total,2006,164.157
swe,sex_f,age_10yrbands_total,edu_isced11_total,2007,148.657
swe,sex_f,age_10yrbands_total,edu_isced11_total,2008,152.553
swe,sex_f,age_10yrbands_total,edu_isced11_total,2009,186.395
swe,sex_f,age_10yrbands_total,edu_isced11_total,2010,198.416
swe,sex_f,age_10yrbands_total,edu_isced11_total,2011,184.123
swe,sex_f,age_10yrbands_total,edu_isced11_total,2012,185.047
swe,sex_f,age_10yrbands_total,edu_isced11_total,2013,191.558
swe,sex_f,age_10yrbands_total,edu_isced11_total,2014,189.179
swe,sex_f,age_10yrbands_total,edu_isced11_total,2015,181.394
swe,sex_f,age_10yrbands_total,edu_isced11_total,2016,165.554
swe,sex_f,age_10yrbands_total,edu_isced11_total,2017,164.715
swe,sex_f,age_10yrbands_total,edu_isced11_total,2018,161.568
swe,sex_f,age_10yrbands_total,edu_isced11_total,2019,182.277
swe,sex_f,age_10yrbands_total,edu_isced11_total,2020,215.802
swe,sex_f,age_10yrbands_total,edu_isced11_total,2021,240.676
swe,sex_f,age_10yrbands_total,edu_isced11_total,2022,211.251
swe,sex_f,age_10yrbands_total,edu_isced11_total,2023,214.934
swe,sex_f,age_10yrbands_y15_24,edu_aggregate_adv,1997,2.772
swe,sex_f,age_10yrbands_y15_24,edu_aggregate_adv,2001,0.767
swe,sex_f,age_10yrbands_y15_24,edu_aggregate_adv,2002,0.93
swe,sex_f,age_10yrbands_y15_24,edu_aggregate_adv,2003,1.034
swe,sex_f,age_10yrbands_y15_24,edu_aggregate_adv,2004,1.381
swe,sex_f,age_10yrbands_y15_24,edu_aggregate_adv,2005,3.292
swe,sex_f,age_10yrbands_y15_24,edu_aggregate_adv,2006,3.019
swe,sex_f,age_10yrbands_y15_24,edu_aggregate_adv,2007,3.106
swe,sex_f,age_10yrbands_y15_24,edu_aggregate_adv,2008,2.795
swe,sex_f,age_10yrbands_y15_24,edu_aggregate_adv,2009,3.053
swe,sex_f,age_10yrbands_y15_24,edu_aggregate_adv,2010,3.736
swe,sex_f,age_10yrbands_y15_24,edu_aggregate_adv,2011,2.855
swe,sex_f,age_10yrbands_y15_24,edu_aggregate_adv,2012,4.584
swe,sex_f,age_10yrbands_y15_24,edu_aggregate_adv,2013,6.158
swe,sex_f,age_10yrbands_y15_24,edu_aggregate_adv,2014,5.45
swe,sex_f,age_10yrbands_y15_24,edu_aggregate_adv,2015,5.27
swe,sex_f,age_10yrbands_y15_24,edu_aggregate_adv,2016,4.145
swe,sex_f,age_10yrbands_y15_24,edu_aggregate_adv,2017,3.691
swe,sex_f,age_10yrbands_y15_24,edu_aggregate_adv,2018,2.896
swe,sex_f,age_10yrbands_y15_24,edu_aggregate_adv,2019,4.377
swe,sex_f,age_10yrbands_y15_24,edu_aggregate_adv,2020,5.225
swe,sex_f,age_10yrbands_y15_24,edu_aggregate_adv,2021,3.155
swe,sex_f,age_10yrbands_y15_24,edu_aggregate_adv,2022,3.385
swe,sex_f,age_10yrbands_y15_24,edu_aggregate_adv,2023,4.303
swe,sex_f,age_10yrbands_y15_24,edu_aggregate_bas,1995,12.081
swe,sex_f,age_10yrbands_y15_24,edu_aggregate_bas,1996,13.856
swe,sex_f,age_10yrbands_y15_24,edu_aggregate_bas,1997,15.563
swe,sex_f,age_10yrbands_y15_24,edu_aggregate_bas,1998,11.703
swe,sex_f,age_10yrbands_y15_24,edu_aggregate_bas,1999,11.496
swe,sex_f,age_10yrbands_y15_24,edu_aggregate_bas,2000,6.31
swe,sex_f,age_10yrbands_y15_24,edu_aggregate_bas,2001,12.201
swe,sex_f,age_10yrbands_y15_24,edu_aggregate_bas,2002,15.474
swe,sex_f,age_10yrbands_y15_24,edu_aggregate_bas,2003,15.338
swe,sex_f,age_10yrbands_y15_24,edu_aggregate_bas,2004,19.376
swe,sex_f,age_10yrbands_y15_24,edu_aggregate_bas,2005,27.903
swe,sex_f,age_10yrbands_y15_24,edu_aggregate_bas,2006,31.996
swe,sex_f,age_10yrbands_y15_24,edu_aggregate_bas,2007,31.398
swe,sex_f,age_10yrbands_y15_24,edu_aggregate_bas,2008,36.74
swe,sex_f,age_10yrbands_y15_24,edu_aggregate_bas,2009,34.699
swe,sex_f,age_10yrbands_y15_24,edu_aggregate_bas,2010,34.424
swe,sex_f,age_10yrbands_y15_24,edu_aggregate_bas,2011,33.772
swe,sex_f,age_10yrbands_y15_24,edu_aggregate_bas,2012,34.693
swe,sex_f,age_10yrbands_y15_24,edu_aggregate_bas,2013,35.669
swe,sex_f,age_10yrbands_y15_24,edu_aggregate_bas,2014,35.026
swe,sex_f,age_10yrbands_y15_24,edu_aggregate_bas,2015,35.076
swe,sex_f,age_10yrbands_y15_24,edu_aggregate_bas,2016,31.167
swe,sex_f,age_10yrbands_y15_24,edu_aggregate_bas,2017,32.358
swe,sex_f,age_10yrbands_y15_24,edu_aggregate_bas,2018,29.852
swe,sex_f,age_10yrbands_y15_24,edu_aggregate_bas,2019,39.38
swe,sex_f,age_10yrbands_y15_24,edu_aggregate_bas,2020,38.361
swe,sex_f,age_10yrbands_y15_24,edu_aggregate_bas,2021,48.624
swe,sex_f,age_10yrbands_y15_24,edu_aggregate_bas,2022,48.048
swe,sex_f,age_10yrbands_y15_24,edu_aggregate_bas,2023,46.687
swe,sex_f,age_10yrbands_y15_24,edu_aggregate_int,1995,33.392
swe,sex_f,age_10yrbands_y15_24,edu_aggregate_int,1996,30.987
swe,sex_f,age_10yrbands_y15_24,edu_aggregate_int,1997,23.518
swe,sex_f,age_10yrbands_y15_24,edu_aggregate_int,1998,18.731
swe,sex_f,age_10yrbands_y15_24,edu_aggregate_int,1999,18.522
swe,sex_f,age_10yrbands_y15_24,edu_aggregate_int,2000,9.613
swe,sex_f,age_10yrbands_y15_24,edu_aggregate_int,2001,9.179
swe,sex_f,age_10yrbands_y15_24,edu_aggregate_int,2002,9.374
swe,sex_f,age_10yrbands_y15_24,edu_aggregate_int,2003,12.392
swe,sex_f,age_10yrbands_y15_24,edu_aggregate_int,2004,18.142
swe,sex_f,age_10yrbands_y15_24,edu_aggregate_int,2005,23.003
swe,sex_f,age_10yrbands_y15_24,edu_aggregate_int,2006,28.049
swe,sex_f,age_10yrbands_y15_24,edu_aggregate_int,2007,24.145
swe,sex_f,age_10yrbands_y15_24,edu_aggregate_int,2008,24.832
swe,sex_f,age_10yrbands_y15_24,edu_aggregate_int,2009,33.958
swe,sex_f,age_10yrbands_y15_24,edu_aggregate_int,2010,34.965
swe,sex_f,age_10yrbands_y15_24,edu_aggregate_int,2011,34.444
swe,sex_f,age_10yrbands_y15_24,edu_aggregate_int,2012,32.122
swe,sex_f,age_10yrbands_y15_24,edu_aggregate_int,2013,31.367
swe,sex_f,age_10yrbands_y15_24,edu_aggregate_int,2014,29.883
swe,sex_f,age_10yrbands_y15_24,edu_aggregate_int,2015,23.404
swe,sex_f,age_10yrbands_y15_24,edu_aggregate_int,2016,18.794
swe,sex_f,age_10yrbands_y15_24,edu_aggregate_int,2017,16.353
swe,sex_f,age_10yrbands_y15_24,edu_aggregate_int,2018,17.327
swe,sex_f,age_10yrbands_y15_24,edu_aggregate_int,2019,16.596
swe,sex_f,age_10yrbands_y15_24,edu_aggregate_int,2020,21.382
swe,sex_f,age_10yrbands_y15_24,edu_aggregate_int,2021,18.072
swe,sex_f,age_10yrbands_y15_24,edu_aggregate_int,2022,20.047
swe,sex_f,age_10yrbands_y15_24,edu_aggregate_int,2023,17.578
swe,sex_f,age_10yrbands_y15_24,edu_aggregate_total,1995,46.527
swe,sex_f,age_10yrbands_y15_24,edu_aggregate_total,1996,46.269
swe,sex_f,age_10yrbands_y15_24,edu_aggregate_total,1997,43.35
swe,sex_f,age_10yrbands_y15_24,edu_aggregate_total,1998,32.924
swe,sex_f,age_10yrbands_y15_24,edu_aggregate_total,1999,31.868
swe,sex_f,age_10yrbands_y15_24,edu_aggregate_total,2000,16.308
swe,sex_f,age_10yrbands_y15_24,edu_aggregate_total,2001,27.976
swe,sex_f,age_10yrbands_y15_24,edu_aggregate_total,2002,31.892
swe,sex_f,age_10yrbands_y15_24,edu_aggregate_total,2003,34.397
swe,sex_f,age_10yrbands_y15_24,edu_aggregate_total,2004,43.717
swe,sex_f,age_10yrbands_y15_24,edu_aggregate_total,2005,62.522
swe,sex_f,age_10yrbands_y15_24,edu_aggregate_total,2006,63.818
swe,sex_f,age_10yrbands_y15_24,edu_aggregate_total,2007,59.944
swe,sex_f,age_10yrbands_y15_24,edu_aggregate_total,2008,64.85
swe,sex_f,age_10yrbands_y15_24,edu_aggregate_total,2009,72.927
swe,sex_f,age_10yrbands_y15_24,edu_aggregate_total,2010,73.758
swe,sex_f,age_10yrbands_y15_24,edu_aggregate_total,2011,71.451
swe,sex_f,age_10yrbands_y15_24,edu_aggregate_total,2012,71.633
swe,sex_f,age_10yrbands_y15_24,edu_aggregate_total,2013,73.282
swe,sex_f,age_10yrbands_y15_24,edu_aggregate_total,2014,70.588
swe,sex_f,age_10yrbands_y15_24,edu_aggregate_total,2015,63.75
swe,sex_f,age_10yrbands_y15_24,edu_aggregate_total,2016,54.249
swe,sex_f,age_10yrbands_y15_24,edu_aggregate_total,2017,52.568
swe,sex_f,age_10yrbands_y15_24,edu_aggregate_total,2018,50.074
swe,sex_f,age_10yrbands_y15_24,edu_aggregate_total,2019,61.101
swe,sex_f,age_10yrbands_y15_24,edu_aggregate_total,2020,65.105
swe,sex_f,age_10yrbands_y15_24,edu_aggregate_total,2021,73.103
swe,sex_f,age_10yrbands_y15_24,edu_aggregate_total,2022,74.351
swe,sex_f,age_10yrbands_y15_24,edu_aggregate_total,2023,70.407
swe,sex_f,age_10yrbands_y15_24,edu_aggregate_x,1998,1.758
swe,sex_f,age_10yrbands_y15_24,edu_aggregate_x,2001,5.829
swe,sex_f,age_10yrbands_y15_24,edu_aggregate_x,2002,6.114
swe,sex_f,age_10yrbands_y15_24,edu_aggregate_x,2003,5.632
swe,sex_f,age_10yrbands_y15_24,edu_aggregate_x,2004,4.819
swe,sex_f,age_10yrbands_y15_24,edu_aggregate_x,2005,8.323
swe,sex_f,age_10yrbands_y15_24,edu_aggregate_x,2006,0.755
swe,sex_f,age_10yrbands_y15_24,edu_aggregate_x,2007,1.295
swe,sex_f,age_10yrbands_y15_24,edu_aggregate_x,2008,0.483
swe,sex_f,age_10yrbands_y15_24,edu_aggregate_x,2009,1.218
swe,sex_f,age_10yrbands_y15_24,edu_aggregate_x,2010,0.633
swe,sex_f,age_10yrbands_y15_24,edu_aggregate_x,2011,0.38
swe,sex_f,age_10yrbands_y15_24,edu_aggregate_x,2012,0.235
swe,sex_f,age_10yrbands_y15_24,edu_aggregate_x,2014,0.229
swe,sex_f,age_10yrbands_y15_24,edu_aggregate_x,2018,0
swe,sex_f,age_10yrbands_y15_24,edu_aggregate_x,2019,0.748
swe,sex_f,age_10yrbands_y15_24,edu_aggregate_x,2021,3.252
swe,sex_f,age_10yrbands_y15_24,edu_aggregate_x,2022,2.87
swe,sex_f,age_10yrbands_y15_24,edu_aggregate_x,2023,1.839
swe,sex_f,age_10yrbands_y15_24,edu_isced11_1,2006,4.295
swe,sex_f,age_10yrbands_y15_24,edu_isced11_1,2007,2.462
swe,sex_f,age_10yrbands_y15_24,edu_isced11_1,2008,6.848
swe,sex_f,age_10yrbands_y15_24,edu_isced11_1,2009,2.88
swe,sex_f,age_10yrbands_y15_24,edu_isced11_1,2010,3.341
swe,sex_f,age_10yrbands_y15_24,edu_isced11_1,2011,3.481
swe,sex_f,age_10yrbands_y15_24,edu_isced11_1,2012,5.519
swe,sex_f,age_10yrbands_y15_24,edu_isced11_1,2013,5.357
swe,sex_f,age_10yrbands_y15_24,edu_isced11_1,2014,6.008
swe,sex_f,age_10yrbands_y15_24,edu_isced11_1,2015,6.15
swe,sex_f,age_10yrbands_y15_24,edu_isced11_1,2016,6.313
swe,sex_f,age_10yrbands_y15_24,edu_isced11_1,2017,5.928
swe,sex_f,age_10yrbands_y15_24,edu_isced11_1,2018,6.928
swe,sex_f,age_10yrbands_y15_24,edu_isced11_1,2019,7.635
swe,sex_f,age_10yrbands_y15_24,edu_isced11_1,2020,7.269
swe,sex_f,age_10yrbands_y15_24,edu_isced11_1,2021,9.785
swe,sex_f,age_10yrbands_y15_24,edu_isced11_1,2022,9.331
swe,sex_f,age_10yrbands_y15_24,edu_isced11_1,2023,9.155
swe,sex_f,age_10yrbands_y15_24,edu_isced11_2,2006,27.701
swe,sex_f,age_10yrbands_y15_24,edu_isced11_2,2007,28.936
swe,sex_f,age_10yrbands_y15_24,edu_isced11_2,2008,29.892
swe,sex_f,age_10yrbands_y15_24,edu_isced11_2,2009,31.818
swe,sex_f,age_10yrbands_y15_24,edu_isced11_2,2010,31.083
swe,sex_f,age_10yrbands_y15_24,edu_isced11_2,2011,30.291
swe,sex_f,age_10yrbands_y15_24,edu_isced11_2,2012,29.174
swe,sex_f,age_10yrbands_y15_24,edu_isced11_2,2013,30.311
swe,sex_f,age_10yrbands_y15_24,edu_isced11_2,2014,29.018
swe,sex_f,age_10yrbands_y15_24,edu_isced11_2,2015,28.926
swe,sex_f,age_10yrbands_y15_24,edu_isced11_2,2016,24.854
swe,sex_f,age_10yrbands_y15_24,edu_isced11_2,2017,26.43
swe,sex_f,age_10yrbands_y15_24,edu_isced11_2,2018,22.923
swe,sex_f,age_10yrbands_y15_24,edu_isced11_2,2019,31.745
swe,sex_f,age_10yrbands_y15_24,edu_isced11_2,2020,31.092
swe,sex_f,age_10yrbands_y15_24,edu_isced11_2,2021,38.839
swe,sex_f,age_10yrbands_y15_24,edu_isced11_2,2022,38.718
swe,sex_f,age_10yrbands_y15_24,edu_isced11_2,2023,37.533
swe,sex_f,age_10yrbands_y15_24,edu_isced11_3,2006,25.003
swe,sex_f,age_10yrbands_y15_24,edu_isced11_3,2007,21.243
swe,sex_f,age_10yrbands_y15_24,edu_isced11_3,2008,21.197
swe,sex_f,age_10yrbands_y15_24,edu_isced11_3,2009,29.456
swe,sex_f,age_10yrbands_y15_24,edu_isced11_3,2010,30.226
swe,sex_f,age_10yrbands_y15_24,edu_isced11_3,2011,29.784
swe,sex_f,age_10yrbands_y15_24,edu_isced11_3,2012,27.209
swe,sex_f,age_10yrbands_y15_24,edu_isced11_3,2013,25.838
swe,sex_f,age_10yrbands_y15_24,edu_isced11_3,2014,23.669
swe,sex_f,age_10yrbands_y15_24,edu_isced11_3,2015,18.372
swe,sex_f,age_10yrbands_y15_24,edu_isced11_3,2016,14.286
swe,sex_f,age_10yrbands_y15_24,edu_isced11_3,2017,12.272
swe,sex_f,age_10yrbands_y15_24,edu_isced11_3,2018,13.364
swe,sex_f,age_10yrbands_y15_24,edu_isced11_3,2019,10.656
swe,sex_f,age_10yrbands_y15_24,edu_isced11_3,2020,16.274
swe,sex_f,age_10yrbands_y15_24,edu_isced11_3,2021,13.741
swe,sex_f,age_10yrbands_y15_24,edu_isced11_3,2022,14.776
swe,sex_f,age_10yrbands_y15_24,edu_isced11_3,2023,11.738
swe,sex_f,age_10yrbands_y15_24,edu_isced11_4,2006,3.046
swe,sex_f,age_10yrbands_y15_24,edu_isced11_4,2007,2.901
swe,sex_f,age_10yrbands_y15_24,edu_isced11_4,2008,3.635
swe,sex_f,age_10yrbands_y15_24,edu_isced11_4,2009,4.502
swe,sex_f,age_10yrbands_y15_24,edu_isced11_4,2010,4.739
swe,sex_f,age_10yrbands_y15_24,edu_isced11_4,2011,4.66
swe,sex_f,age_10yrbands_y15_24,edu_isced11_4,2012,4.913
swe,sex_f,age_10yrbands_y15_24,edu_isced11_4,2013,5.528
swe,sex_f,age_10yrbands_y15_24,edu_isced11_4,2014,6.214
swe,sex_f,age_10yrbands_y15_24,edu_isced11_4,2015,5.032
swe,sex_f,age_10yrbands_y15_24,edu_isced11_4,2016,4.508
swe,sex_f,age_10yrbands_y15_24,edu_isced11_4,2017,4.081
swe,sex_f,age_10yrbands_y15_24,edu_isced11_4,2018,3.963
swe,sex_f,age_10yrbands_y15_24,edu_isced11_4,2019,5.939
swe,sex_f,age_10yrbands_y15_24,edu_isced11_4,2020,5.108
swe,sex_f,age_10yrbands_y15_24,edu_isced11_4,2021,4.33
swe,sex_f,age_10yrbands_y15_24,edu_isced11_4,2022,5.271
swe,sex_f,age_10yrbands_y15_24,edu_isced11_4,2023,5.839
swe,sex_f,age_10yrbands_y15_24,edu_isced11_5,2006,3.019
swe,sex_f,age_10yrbands_y15_24,edu_isced11_5,2007,3.106
swe,sex_f,age_10yrbands_y15_24,edu_isced11_5,2008,2.795
swe,sex_f,age_10yrbands_y15_24,edu_isced11_5,2009,3.053
swe,sex_f,age_10yrbands_y15_24,edu_isced11_5,2010,3.736
swe,sex_f,age_10yrbands_y15_24,edu_isced11_5,2011,2.855
swe,sex_f,age_10yrbands_y15_24,edu_isced11_5,2012,4.584
swe,sex_f,age_10yrbands_y15_24,edu_isced11_5,2013,6.158
swe,sex_f,age_10yrbands_y15_24,edu_isced11_5,2014,2.842
swe,sex_f,age_10yrbands_y15_24,edu_isced11_5,2015,2.672
swe,sex_f,age_10yrbands_y15_24,edu_isced11_5,2016,2.292
swe,sex_f,age_10yrbands_y15_24,edu_isced11_5,2017,1.956
swe,sex_f,age_10yrbands_y15_24,edu_isced11_5,2018,2.269
swe,sex_f,age_10yrbands_y15_24,edu_isced11_5,2019,2.401
swe,sex_f,age_10yrbands_y15_24,edu_isced11_5,2020,2.913
swe,sex_f,age_10yrbands_y15_24,edu_isced11_5,2021,1.764
swe,sex_f,age_10yrbands_y15_24,edu_isced11_5,2022,1.491
swe,sex_f,age_10yrbands_y15_24,edu_isced11_5,2023,2.85
swe,sex_f,age_10yrbands_y15_24,edu_isced11_6,2014,2.322
swe,sex_f,age_10yrbands_y15_24,edu_isced11_6,2015,2.29
swe,sex_f,age_10yrbands_y15_24,edu_isced11_6,2016,1.564
swe,sex_f,age_10yrbands_y15_24,edu_isced11_6,2017,1.419
swe,sex_f,age_10yrbands_y15_24,edu_isced11_6,2018,0.505
swe,sex_f,age_10yrbands_y15_24,edu_isced11_6,2019,1.648
swe,sex_f,age_10yrbands_y15_24,edu_isced11_6,2020,1.492
swe,sex_f,age_10yrbands_y15_24,edu_isced11_6,2021,1.391
swe,sex_f,age_10yrbands_y15_24,edu_isced11_6,2022,1.748
swe,sex_f,age_10yrbands_y15_24,edu_isced11_6,2023,1.453
swe,sex_f,age_10yrbands_y15_24,edu_isced11_7,2014,0.286
swe,sex_f,age_10yrbands_y15_24,edu_isced11_7,2015,0.308
swe,sex_f,age_10yrbands_y15_24,edu_isced11_7,2016,0.288
swe,sex_f,age_10yrbands_y15_24,edu_isced11_7,2017,0.315
swe,sex_f,age_10yrbands_y15_24,edu_isced11_7,2020,0.82
swe,sex_f,age_10yrbands_y15_24,edu_isced11_9,2006,0.755
swe,sex_f,age_10yrbands_y15_24,edu_isced11_9,2007,1.295
swe,sex_f,age_10yrbands_y15_24,edu_isced11_9,2008,0.483
swe,sex_f,age_10yrbands_y15_24,edu_isced11_9,2009,1.218
swe,sex_f,age_10yrbands_y15_24,edu_isced11_9,2010,0.633
swe,sex_f,age_10yrbands_y15_24,edu_isced11_9,2011,0.38
swe,sex_f,age_10yrbands_y15_24,edu_isced11_9,2012,0.235
swe,sex_f,age_10yrbands_y15_24,edu_isced11_9,2014,0.229
swe,sex_f,age_10yrbands_y15_24,edu_isced11_9,2018,0
swe,sex_f,age_10yrbands_y15_24,edu_isced11_9,2019,0.748
swe,sex_f,age_10yrbands_y15_24,edu_isced11_9,2021,3.252
swe,sex_f,age_10yrbands_y15_24,edu_isced11_9,2022,2.87
swe,sex_f,age_10yrbands_y15_24,edu_isced11_9,2023,1.839
swe,sex_f,age_10yrbands_y15_24,edu_isced11_total,2006,63.818
swe,sex_f,age_10yrbands_y15_24,edu_isced11_total,2007,59.944
swe,sex_f,age_10yrbands_y15_24,edu_isced11_total,2008,64.85
swe,sex_f,age_10yrbands_y15_24,edu_isced11_total,2009,72.927
swe,sex_f,age_10yrbands_y15_24,edu_isced11_total,2010,73.758
swe,sex_f,age_10yrbands_y15_24,edu_isced11_total,2011,71.451
swe,sex_f,age_10yrbands_y15_24,edu_isced11_total,2012,71.633
swe,sex_f,age_10yrbands_y15_24,edu_isced11_total,2013,73.282
swe,sex_f,age_10yrbands_y15_24,edu_isced11_total,2014,70.588
swe,sex_f,age_10yrbands_y15_24,edu_isced11_total,2015,63.75
swe,sex_f,age_10yrbands_y15_24,edu_isced11_total,2016,54.249
swe,sex_f,age_10yrbands_y15_24,edu_isced11_total,2017,52.568
swe,sex_f,age_10yrbands_y15_24,edu_isced11_total,2018,50.074
swe,sex_f,age_10yrbands_y15_24,edu_isced11_total,2019,61.101
swe,sex_f,age_10yrbands_y15_24,edu_isced11_total,2020,65.105
swe,sex_f,age_10yrbands_y15_24,edu_isced11_total,2021,73.103
swe,sex_f,age_10yrbands_y15_24,edu_isced11_total,2022,74.351
swe,sex_f,age_10yrbands_y15_24,edu_isced11_total,2023,70.407
swe,sex_f,age_10yrbands_y25_34,edu_aggregate_adv,1995,9.405
swe,sex_f,age_10yrbands_y25_34,edu_aggregate_adv,1996,5.018
swe,sex_f,age_10yrbands_y25_34,edu_aggregate_adv,1997,5.621
swe,sex_f,age_10yrbands_y25_34,edu_aggregate_adv,1998,8.13
swe,sex_f,age_10yrbands_y25_34,edu_aggregate_adv,1999,6.285
swe,sex_f,age_10yrbands_y25_34,edu_aggregate_adv,2000,4.445
swe,sex_f,age_10yrbands_y25_34,edu_aggregate_adv,2001,3.953
swe,sex_f,age_10yrbands_y25_34,edu_aggregate_adv,2002,5.574
swe,sex_f,age_10yrbands_y25_34,edu_aggregate_adv,2003,5.566
swe,sex_f,age_10yrbands_y25_34,edu_aggregate_adv,2004,9.397
swe,sex_f,age_10yrbands_y25_34,edu_aggregate_adv,2005,15.264
swe,sex_f,age_10yrbands_y25_34,edu_aggregate_adv,2006,12.684
swe,sex_f,age_10yrbands_y25_34,edu_aggregate_adv,2007,10.531
swe,sex_f,age_10yrbands_y25_34,edu_aggregate_adv,2008,9.758
swe,sex_f,age_10yrbands_y25_34,edu_aggregate_adv,2009,11.559
swe,sex_f,age_10yrbands_y25_34,edu_aggregate_adv,2010,13.609
swe,sex_f,age_10yrbands_y25_34,edu_aggregate_adv,2011,12.849
swe,sex_f,age_10yrbands_y25_34,edu_aggregate_adv,2012,13.21
swe,sex_f,age_10yrbands_y25_34,edu_aggregate_adv,2013,14.245
swe,sex_f,age_10yrbands_y25_34,edu_aggregate_adv,2014,13.44
swe,sex_f,age_10yrbands_y25_34,edu_aggregate_adv,2015,14.503
swe,sex_f,age_10yrbands_y25_34,edu_aggregate_adv,2016,13.467
swe,sex_f,age_10yrbands_y25_34,edu_aggregate_adv,2017,14.351
swe,sex_f,age_10yrbands_y25_34,edu_aggregate_adv,2018,13.891
swe,sex_f,age_10yrbands_y25_34,edu_aggregate_adv,2019,15.401
swe,sex_f,age_10yrbands_y25_34,edu_aggregate_adv,2020,20.944
swe,sex_f,age_10yrbands_y25_34,edu_aggregate_adv,2021,20.409
swe,sex_f,age_10yrbands_y25_34,edu_aggregate_adv,2022,16.515
swe,sex_f,age_10yrbands_y25_34,edu_aggregate_adv,2023,19.846
swe,sex_f,age_10yrbands_y25_34,edu_aggregate_bas,1995,9.356
swe,sex_f,age_10yrbands_y25_34,edu_aggregate_bas,1996,11.136
swe,sex_f,age_10yrbands_y25_34,edu_aggregate_bas,1997,13.315
swe,sex_f,age_10yrbands_y25_34,edu_aggregate_bas,1998,8.656
swe,sex_f,age_10yrbands_y25_34,edu_aggregate_bas,1999,10.998
swe,sex_f,age_10yrbands_y25_34,edu_aggregate_bas,2000,10.33
swe,sex_f,age_10yrbands_y25_34,edu_aggregate_bas,2001,4.181
swe,sex_f,age_10yrbands_y25_34,edu_aggregate_bas,2002,3.312
swe,sex_f,age_10yrbands_y25_34,edu_aggregate_bas,2003,5.168
swe,sex_f,age_10yrbands_y25_34,edu_aggregate_bas,2004,3.602
swe,sex_f,age_10yrbands_y25_34,edu_aggregate_bas,2005,7.122
swe,sex_f,age_10yrbands_y25_34,edu_aggregate_bas,2006,7.248
swe,sex_f,age_10yrbands_y25_34,edu_aggregate_bas,2007,8.485
swe,sex_f,age_10yrbands_y25_34,edu_aggregate_bas,2008,7.15
swe,sex_f,age_10yrbands_y25_34,edu_aggregate_bas,2009,8.367
swe,sex_f,age_10yrbands_y25_34,edu_aggregate_bas,2010,9.222
swe,sex_f,age_10yrbands_y25_34,edu_aggregate_bas,2011,9.528
swe,sex_f,age_10yrbands_y25_34,edu_aggregate_bas,2012,9.97
swe,sex_f,age_10yrbands_y25_34,edu_aggregate_bas,2013,11.727
swe,sex_f,age_10yrbands_y25_34,edu_aggregate_bas,2014,12.233
swe,sex_f,age_10yrbands_y25_34,edu_aggregate_bas,2015,11.941
swe,sex_f,age_10yrbands_y25_34,edu_aggregate_bas,2016,10.24
swe,sex_f,age_10yrbands_y25_34,edu_aggregate_bas,2017,11.821
swe,sex_f,age_10yrbands_y25_34,edu_aggregate_bas,2018,14.452
swe,sex_f,age_10yrbands_y25_34,edu_aggregate_bas,2019,15.028
swe,sex_f,age_10yrbands_y25_34,edu_aggregate_bas,2020,15.176
swe,sex_f,age_10yrbands_y25_34,edu_aggregate_bas,2021,18.5
swe,sex_f,age_10yrbands_y25_34,edu_aggregate_bas,2022,14.084
swe,sex_f,age_10yrbands_y25_34,edu_aggregate_bas,2023,13.832
swe,sex_f,age_10yrbands_y25_34,edu_aggregate_int,1995,27.76
swe,sex_f,age_10yrbands_y25_34,edu_aggregate_int,1996,34.985
swe,sex_f,age_10yrbands_y25_34,edu_aggregate_int,1997,39.463
swe,sex_f,age_10yrbands_y25_34,edu_aggregate_int,1998,30.007
swe,sex_f,age_10yrbands_y25_34,edu_aggregate_int,1999,21.068
swe,sex_f,age_10yrbands_y25_34,edu_aggregate_int,2000,15.073
swe,sex_f,age_10yrbands_y25_34,edu_aggregate_int,2001,14.416
swe,sex_f,age_10yrbands_y25_34,edu_aggregate_int,2002,13.43
swe,sex_f,age_10yrbands_y25_34,edu_aggregate_int,2003,15.517
swe,sex_f,age_10yrbands_y25_34,edu_aggregate_int,2004,19.508
swe,sex_f,age_10yrbands_y25_34,edu_aggregate_int,2005,21.047
swe,sex_f,age_10yrbands_y25_34,edu_aggregate_int,2006,14.764
swe,sex_f,age_10yrbands_y25_34,edu_aggregate_int,2007,11.984
swe,sex_f,age_10yrbands_y25_34,edu_aggregate_int,2008,12.61
swe,sex_f,age_10yrbands_y25_34,edu_aggregate_int,2009,15.863
swe,sex_f,age_10yrbands_y25_34,edu_aggregate_int,2010,16.491
swe,sex_f,age_10yrbands_y25_34,edu_aggregate_int,2011,13.095
swe,sex_f,age_10yrbands_y25_34,edu_aggregate_int,2012,13.961
swe,sex_f,age_10yrbands_y25_34,edu_aggregate_int,2013,15.47
swe,sex_f,age_10yrbands_y25_34,edu_aggregate_int,2014,12.496
swe,sex_f,age_10yrbands_y25_34,edu_aggregate_int,2015,12.19
swe,sex_f,age_10yrbands_y25_34,edu_aggregate_int,2016,11.738
swe,sex_f,age_10yrbands_y25_34,edu_aggregate_int,2017,11.99
swe,sex_f,age_10yrbands_y25_34,edu_aggregate_int,2018,9.631
swe,sex_f,age_10yrbands_y25_34,edu_aggregate_int,2019,11.119
swe,sex_f,age_10yrbands_y25_34,edu_aggregate_int,2020,14.397
swe,sex_f,age_10yrbands_y25_34,edu_aggregate_int,2021,16.514
swe,sex_f,age_10yrbands_y25_34,edu_aggregate_int,2022,11.874
swe,sex_f,age_10yrbands_y25_34,edu_aggregate_int,2023,13.441
swe,sex_f,age_10yrbands_y25_34,edu_aggregate_total,1995,46.521
swe,sex_f,age_10yrbands_y25_34,edu_aggregate_total,1996,51.508
swe,sex_f,age_10yrbands_y25_34,edu_aggregate_total,1997,58.707
swe,sex_f,age_10yrbands_y25_34,edu_aggregate_total,1998,47.436
swe,sex_f,age_10yrbands_y25_34,edu_aggregate_total,1999,38.35
swe,sex_f,age_10yrbands_y25_34,edu_aggregate_total,2000,30.286
swe,sex_f,age_10yrbands_y25_34,edu_aggregate_total,2001,22.832
swe,sex_f,age_10yrbands_y25_34,edu_aggregate_total,2002,22.429
swe,sex_f,age_10yrbands_y25_34,edu_aggregate_total,2003,26.493
swe,sex_f,age_10yrbands_y25_34,edu_aggregate_total,2004,32.585
swe,sex_f,age_10yrbands_y25_34,edu_aggregate_total,2005,43.625
swe,sex_f,age_10yrbands_y25_34,edu_aggregate_total,2006,35.409
swe,sex_f,age_10yrbands_y25_34,edu_aggregate_total,2007,31.366
swe,sex_f,age_10yrbands_y25_34,edu_aggregate_total,2008,29.645
swe,sex_f,age_10yrbands_y25_34,edu_aggregate_total,2009,36.333
swe,sex_f,age_10yrbands_y25_34,edu_aggregate_total,2010,39.546
swe,sex_f,age_10yrbands_y25_34,edu_aggregate_total,2011,35.907
swe,sex_f,age_10yrbands_y25_34,edu_aggregate_total,2012,37.324
swe,sex_f,age_10yrbands_y25_34,edu_aggregate_total,2013,41.632
swe,sex_f,age_10yrbands_y25_34,edu_aggregate_total,2014,38.314
swe,sex_f,age_10yrbands_y25_34,edu_aggregate_total,2015,38.906
swe,sex_f,age_10yrbands_y25_34,edu_aggregate_total,2016,35.529
swe,sex_f,age_10yrbands_y25_34,edu_aggregate_total,2017,38.336
swe,sex_f,age_10yrbands_y25_34,edu_aggregate_total,2018,38.48
swe,sex_f,age_10yrbands_y25_34,edu_aggregate_total,2019,41.548
swe,sex_f,age_10yrbands_y25_34,edu_aggregate_total,2020,50.725
swe,sex_f,age_10yrbands_y25_34,edu_aggregate_total,2021,55.852
swe,sex_f,age_10yrbands_y25_34,edu_aggregate_total,2022,43.337
swe,sex_f,age_10yrbands_y25_34,edu_aggregate_total,2023,47.825
swe,sex_f,age_10yrbands_y25_34,edu_aggregate_x,2005,0.192
swe,sex_f,age_10yrbands_y25_34,edu_aggregate_x,2006,0.712
swe,sex_f,age_10yrbands_y25_34,edu_aggregate_x,2007,0.366
swe,sex_f,age_10yrbands_y25_34,edu_aggregate_x,2009,0.544
swe,sex_f,age_10yrbands_y25_34,edu_aggregate_x,2010,0.225
swe,sex_f,age_10yrbands_y25_34,edu_aggregate_x,2011,0.435
swe,sex_f,age_10yrbands_y25_34,edu_aggregate_x,2012,0.183
swe,sex_f,age_10yrbands_y25_34,edu_aggregate_x,2013,0.19
swe,sex_f,age_10yrbands_y25_34,edu_aggregate_x,2022,0.865
swe,sex_f,age_10yrbands_y25_34,edu_aggregate_x,2023,0.707
swe,sex_f,age_10yrbands_y25_34,edu_isced11_1,2006,1.546
swe,sex_f,age_10yrbands_y25_34,edu_isced11_1,2007,1.228
swe,sex_f,age_10yrbands_y25_34,edu_isced11_1,2008,1.575
swe,sex_f,age_10yrbands_y25_34,edu_isced11_1,2009,2.479
swe,sex_f,age_10yrbands_y25_34,edu_isced11_1,2010,2.757
swe,sex_f,age_10yrbands_y25_34,edu_isced11_1,2011,3.523
swe,sex_f,age_10yrbands_y25_34,edu_isced11_1,2012,2.854
swe,sex_f,age_10yrbands_y25_34,edu_isced11_1,2013,2.889
swe,sex_f,age_10yrbands_y25_34,edu_isced11_1,2014,3.559
swe,sex_f,age_10yrbands_y25_34,edu_isced11_1,2015,4.372
swe,sex_f,age_10yrbands_y25_34,edu_isced11_1,2016,3.982
swe,sex_f,age_10yrbands_y25_34,edu_isced11_1,2017,4.392
swe,sex_f,age_10yrbands_y25_34,edu_isced11_1,2018,6.709
swe,sex_f,age_10yrbands_y25_34,edu_isced11_1,2019,3.833
swe,sex_f,age_10yrbands_y25_34,edu_isced11_1,2020,3.915
swe,sex_f,age_10yrbands_y25_34,edu_isced11_1,2021,5.816
swe,sex_f,age_10yrbands_y25_34,edu_isced11_1,2022,4.84
swe,sex_f,age_10yrbands_y25_34,edu_isced11_1,2023,4.363
swe,sex_f,age_10yrbands_y25_34,edu_isced11_2,2006,5.702
swe,sex_f,age_10yrbands_y25_34,edu_isced11_2,2007,7.256
swe,sex_f,age_10yrbands_y25_34,edu_isced11_2,2008,5.575
swe,sex_f,age_10yrbands_y25_34,edu_isced11_2,2009,5.888
swe,sex_f,age_10yrbands_y25_34,edu_isced11_2,2010,6.464
swe,sex_f,age_10yrbands_y25_34,edu_isced11_2,2011,6.005
swe,sex_f,age_10yrbands_y25_34,edu_isced11_2,2012,7.115
swe,sex_f,age_10yrbands_y25_34,edu_isced11_2,2013,8.839
swe,sex_f,age_10yrbands_y25_34,edu_isced11_2,2014,8.674
swe,sex_f,age_10yrbands_y25_34,edu_isced11_2,2015,7.569
swe,sex_f,age_10yrbands_y25_34,edu_isced11_2,2016,6.258
swe,sex_f,age_10yrbands_y25_34,edu_isced11_2,2017,7.429
swe,sex_f,age_10yrbands_y25_34,edu_isced11_2,2018,7.743
swe,sex_f,age_10yrbands_y25_34,edu_isced11_2,2019,11.195
swe,sex_f,age_10yrbands_y25_34,edu_isced11_2,2020,11.261
swe,sex_f,age_10yrbands_y25_34,edu_isced11_2,2021,12.684
swe,sex_f,age_10yrbands_y25_34,edu_isced11_2,2022,9.243
swe,sex_f,age_10yrbands_y25_34,edu_isced11_2,2023,9.469
swe,sex_f,age_10yrbands_y25_34,edu_isced11_3,2006,12.335
swe,sex_f,age_10yrbands_y25_34,edu_isced11_3,2007,9.938
swe,sex_f,age_10yrbands_y25_34,edu_isced11_3,2008,11.02
swe,sex_f,age_10yrbands_y25_34,edu_isced11_3,2009,13.208
swe,sex_f,age_10yrbands_y25_34,edu_isced11_3,2010,12.937
swe,sex_f,age_10yrbands_y25_34,edu_isced11_3,2011,9.777
swe,sex_f,age_10yrbands_y25_34,edu_isced11_3,2012,9.994
swe,sex_f,age_10yrbands_y25_34,edu_isced11_3,2013,11.222
swe,sex_f,age_10yrbands_y25_34,edu_isced11_3,2014,9.289
swe,sex_f,age_10yrbands_y25_34,edu_isced11_3,2015,9.226
swe,sex_f,age_10yrbands_y25_34,edu_isced11_3,2016,8.454
swe,sex_f,age_10yrbands_y25_34,edu_isced11_3,2017,8.722
swe,sex_f,age_10yrbands_y25_34,edu_isced11_3,2018,7.153
swe,sex_f,age_10yrbands_y25_34,edu_isced11_3,2019,7.087
swe,sex_f,age_10yrbands_y25_34,edu_isced11_3,2020,9.792
swe,sex_f,age_10yrbands_y25_34,edu_isced11_3,2021,11.952
swe,sex_f,age_10yrbands_y25_34,edu_isced11_3,2022,8.095
swe,sex_f,age_10yrbands_y25_34,edu_isced11_3,2023,8.157
swe,sex_f,age_10yrbands_y25_34,edu_isced11_4,2006,2.429
swe,sex_f,age_10yrbands_y25_34,edu_isced11_4,2007,2.046
swe,sex_f,age_10yrbands_y25_34,edu_isced11_4,2008,1.589
swe,sex_f,age_10yrbands_y25_34,edu_isced11_4,2009,2.656
swe,sex_f,age_10yrbands_y25_34,edu_isced11_4,2010,3.554
swe,sex_f,age_10yrbands_y25_34,edu_isced11_4,2011,3.318
swe,sex_f,age_10yrbands_y25_34,edu_isced11_4,2012,3.967
swe,sex_f,age_10yrbands_y25_34,edu_isced11_4,2013,4.248
swe,sex_f,age_10yrbands_y25_34,edu_isced11_4,2014,3.208
swe,sex_f,age_10yrbands_y25_34,edu_isced11_4,2015,2.964
swe,sex_f,age_10yrbands_y25_34,edu_isced11_4,2016,3.284
swe,sex_f,age_10yrbands_y25_34,edu_isced11_4,2017,3.268
swe,sex_f,age_10yrbands_y25_34,edu_isced11_4,2018,2.478
swe,sex_f,age_10yrbands_y25_34,edu_isced11_4,2019,4.032
swe,sex_f,age_10yrbands_y25_34,edu_isced11_4,2020,4.605
swe,sex_f,age_10yrbands_y25_34,edu_isced11_4,2021,4.562
swe,sex_f,age_10yrbands_y25_34,edu_isced11_4,2022,3.78
swe,sex_f,age_10yrbands_y25_34,edu_isced11_4,2023,5.284
swe,sex_f,age_10yrbands_y25_34,edu_isced11_5,2006,12.684
swe,sex_f,age_10yrbands_y25_34,edu_isced11_5,2007,10.531
swe,sex_f,age_10yrbands_y25_34,edu_isced11_5,2008,9.758
swe,sex_f,age_10yrbands_y25_34,edu_isced11_5,2009,11.559
swe,sex_f,age_10yrbands_y25_34,edu_isced11_5,2010,13.609
swe,sex_f,age_10yrbands_y25_34,edu_isced11_5,2011,12.849
swe,sex_f,age_10yrbands_y25_34,edu_isced11_5,2012,13.21
swe,sex_f,age_10yrbands_y25_34,edu_isced11_5,2013,14.245
swe,sex_f,age_10yrbands_y25_34,edu_isced11_5,2014,4.03
swe,sex_f,age_10yrbands_y25_34,edu_isced11_5,2015,5.019
swe,sex_f,age_10yrbands_y25_34,edu_isced11_5,2016,3.388
swe,sex_f,age_10yrbands_y25_34,edu_isced11_5,2017,3.802
swe,sex_f,age_10yrbands_y25_34,edu_isced11_5,2018,4.52
swe,sex_f,age_10yrbands_y25_34,edu_isced11_5,2019,6.215
swe,sex_f,age_10yrbands_y25_34,edu_isced11_5,2020,6.316
swe,sex_f,age_10yrbands_y25_34,edu_isced11_5,2021,7.576
swe,sex_f,age_10yrbands_y25_34,edu_isced11_5,2022,4.529
swe,sex_f,age_10yrbands_y25_34,edu_isced11_5,2023,6.069
swe,sex_f,age_10yrbands_y25_34,edu_isced11_6,2014,6.447
swe,sex_f,age_10yrbands_y25_34,edu_isced11_6,2015,6.867
swe,sex_f,age_10yrbands_y25_34,edu_isced11_6,2016,5.655
swe,sex_f,age_10yrbands_y25_34,edu_isced11_6,2017,5.747
swe,sex_f,age_10yrbands_y25_34,edu_isced11_6,2018,5.926
swe,sex_f,age_10yrbands_y25_34,edu_isced11_6,2019,6.586
swe,sex_f,age_10yrbands_y25_34,edu_isced11_6,2020,10.377
swe,sex_f,age_10yrbands_y25_34,edu_isced11_6,2021,8.528
swe,sex_f,age_10yrbands_y25_34,edu_isced11_6,2022,9.466
swe,sex_f,age_10yrbands_y25_34,edu_isced11_6,2023,8.679
swe,sex_f,age_10yrbands_y25_34,edu_isced11_7,2014,2.963
swe,sex_f,age_10yrbands_y25_34,edu_isced11_7,2015,2.575
swe,sex_f,age_10yrbands_y25_34,edu_isced11_7,2016,4.223
swe,sex_f,age_10yrbands_y25_34,edu_isced11_7,2017,4.51
swe,sex_f,age_10yrbands_y25_34,edu_isced11_7,2018,3.365
swe,sex_f,age_10yrbands_y25_34,edu_isced11_7,2019,2.35
swe,sex_f,age_10yrbands_y25_34,edu_isced11_7,2020,3.909
swe,sex_f,age_10yrbands_y25_34,edu_isced11_7,2021,4.305
swe,sex_f,age_10yrbands_y25_34,edu_isced11_7,2022,2.29
swe,sex_f,age_10yrbands_y25_34,edu_isced11_7,2023,4.27
swe,sex_f,age_10yrbands_y25_34,edu_isced11_8,2017,0.292
swe,sex_f,age_10yrbands_y25_34,edu_isced11_8,2023,0.829
swe,sex_f,age_10yrbands_y25_34,edu_isced11_9,2006,0.712
swe,sex_f,age_10yrbands_y25_34,edu_isced11_9,2007,0.366
swe,sex_f,age_10yrbands_y25_34,edu_isced11_9,2009,0.544
swe,sex_f,age_10yrbands_y25_34,edu_isced11_9,2010,0.225
swe,sex_f,age_10yrbands_y25_34,edu_isced11_9,2011,0.435
swe,sex_f,age_10yrbands_y25_34,edu_isced11_9,2012,0.183
swe,sex_f,age_10yrbands_y25_34,edu_isced11_9,2013,0.19
swe,sex_f,age_10yrbands_y25_34,edu_isced11_9,2022,0.865
swe,sex_f,age_10yrbands_y25_34,edu_isced11_9,2023,0.707
swe,sex_f,age_10yrbands_y25_34,edu_isced11_total,2006,35.409
swe,sex_f,age_10yrbands_y25_34,edu_isced11_total,2007,31.366
swe,sex_f,age_10yrbands_y25_34,edu_isced11_total,2008,29.645
swe,sex_f,age_10yrbands_y25_34,edu_isced11_total,2009,36.333
swe,sex_f,age_10yrbands_y25_34,edu_isced11_total,2010,39.546
swe,sex_f,age_10yrbands_y25_34,edu_isced11_total,2011,35.907
swe,sex_f,age_10yrbands_y25_34,edu_isced11_total,2012,37.324
swe,sex_f,age_10yrbands_y25_34,edu_isced11_total,2013,41.632
swe,sex_f,age_10yrbands_y25_34,edu_isced11_total,2014,38.314
swe,sex_f,age_10yrbands_y25_34,edu_isced11_total,2015,38.906
swe,sex_f,age_10yrbands_y25_34,edu_isced11_total,2016,35.529
swe,sex_f,age_10yrbands_y25_34,edu_isced11_total,2017,38.336
swe,sex_f,age_10yrbands_y25_34,edu_isced11_total,2018,38.48
swe,sex_f,age_10yrbands_y25_34,edu_isced11_total,2019,41.548
swe,sex_f,age_10yrbands_y25_34,edu_isced11_total,2020,50.725
swe,sex_f,age_10yrbands_y25_34,edu_isced11_total,2021,55.852
swe,sex_f,age_10yrbands_y25_34,edu_isced11_total,2022,43.337
swe,sex_f,age_10yrbands_y25_34,edu_isced11_total,2023,47.825
swe,sex_f,age_10yrbands_y35_44,edu_aggregate_adv,1995,7.057
swe,sex_f,age_10yrbands_y35_44,edu_aggregate_adv,1996,7.832
swe,sex_f,age_10yrbands_y35_44,edu_aggregate_adv,1997,7.184
swe,sex_f,age_10yrbands_y35_44,edu_aggregate_adv,1998,8.553
swe,sex_f,age_10yrbands_y35_44,edu_aggregate_adv,1999,5.285
swe,sex_f,age_10yrbands_y35_44,edu_aggregate_adv,2000,3.386
swe,sex_f,age_10yrbands_y35_44,edu_aggregate_adv,2001,3.703
swe,sex_f,age_10yrbands_y35_44,edu_aggregate_adv,2002,3.846
swe,sex_f,age_10yrbands_y35_44,edu_aggregate_adv,2003,5.449
swe,sex_f,age_10yrbands_y35_44,edu_aggregate_adv,2004,6.593
swe,sex_f,age_10yrbands_y35_44,edu_aggregate_adv,2005,8.522
swe,sex_f,age_10yrbands_y35_44,edu_aggregate_adv,2006,7.856
swe,sex_f,age_10yrbands_y35_44,edu_aggregate_adv,2007,6.162
swe,sex_f,age_10yrbands_y35_44,edu_aggregate_adv,2008,6.217
swe,sex_f,age_10yrbands_y35_44,edu_aggregate_adv,2009,7.886
swe,sex_f,age_10yrbands_y35_44,edu_aggregate_adv,2010,9.296
swe,sex_f,age_10yrbands_y35_44,edu_aggregate_adv,2011,8.941
swe,sex_f,age_10yrbands_y35_44,edu_aggregate_adv,2012,8.396
swe,sex_f,age_10yrbands_y35_44,edu_aggregate_adv,2013,9.773
swe,sex_f,age_10yrbands_y35_44,edu_aggregate_adv,2014,12.066
swe,sex_f,age_10yrbands_y35_44,edu_aggregate_adv,2015,11.008
swe,sex_f,age_10yrbands_y35_44,edu_aggregate_adv,2016,10.444
swe,sex_f,age_10yrbands_y35_44,edu_aggregate_adv,2017,11.068
swe,sex_f,age_10yrbands_y35_44,edu_aggregate_adv,2018,10.167
swe,sex_f,age_10yrbands_y35_44,edu_aggregate_adv,2019,9.791
swe,sex_f,age_10yrbands_y35_44,edu_aggregate_adv,2020,15.85
swe,sex_f,age_10yrbands_y35_44,edu_aggregate_adv,2021,16.555
swe,sex_f,age_10yrbands_y35_44,edu_aggregate_adv,2022,11.991
swe,sex_f,age_10yrbands_y35_44,edu_aggregate_adv,2023,14.883
swe,sex_f,age_10yrbands_y35_44,edu_aggregate_bas,1995,6.251
swe,sex_f,age_10yrbands_y35_44,edu_aggregate_bas,1996,5.141
swe,sex_f,age_10yrbands_y35_44,edu_aggregate_bas,1997,9.216
swe,sex_f,age_10yrbands_y35_44,edu_aggregate_bas,1998,7.689
swe,sex_f,age_10yrbands_y35_44,edu_aggregate_bas,1999,10.088
swe,sex_f,age_10yrbands_y35_44,edu_aggregate_bas,2000,5.966
swe,sex_f,age_10yrbands_y35_44,edu_aggregate_bas,2001,2.582
swe,sex_f,age_10yrbands_y35_44,edu_aggregate_bas,2002,2.798
swe,sex_f,age_10yrbands_y35_44,edu_aggregate_bas,2003,3.798
swe,sex_f,age_10yrbands_y35_44,edu_aggregate_bas,2004,3.388
swe,sex_f,age_10yrbands_y35_44,edu_aggregate_bas,2005,5.823
swe,sex_f,age_10yrbands_y35_44,edu_aggregate_bas,2006,7.092
swe,sex_f,age_10yrbands_y35_44,edu_aggregate_bas,2007,6.694
swe,sex_f,age_10yrbands_y35_44,edu_aggregate_bas,2008,7.024
swe,sex_f,age_10yrbands_y35_44,edu_aggregate_bas,2009,8.894
swe,sex_f,age_10yrbands_y35_44,edu_aggregate_bas,2010,9.965
swe,sex_f,age_10yrbands_y35_44,edu_aggregate_bas,2011,9.444
swe,sex_f,age_10yrbands_y35_44,edu_aggregate_bas,2012,8.095
swe,sex_f,age_10yrbands_y35_44,edu_aggregate_bas,2013,9.129
swe,sex_f,age_10yrbands_y35_44,edu_aggregate_bas,2014,9.964
swe,sex_f,age_10yrbands_y35_44,edu_aggregate_bas,2015,11.717
swe,sex_f,age_10yrbands_y35_44,edu_aggregate_bas,2016,11.728
swe,sex_f,age_10yrbands_y35_44,edu_aggregate_bas,2017,10.237
swe,sex_f,age_10yrbands_y35_44,edu_aggregate_bas,2018,12.616
swe,sex_f,age_10yrbands_y35_44,edu_aggregate_bas,2019,13.226
swe,sex_f,age_10yrbands_y35_44,edu_aggregate_bas,2020,14.667
swe,sex_f,age_10yrbands_y35_44,edu_aggregate_bas,2021,19.44
swe,sex_f,age_10yrbands_y35_44,edu_aggregate_bas,2022,16.466
swe,sex_f,age_10yrbands_y35_44,edu_aggregate_bas,2023,15.226
swe,sex_f,age_10yrbands_y35_44,edu_aggregate_int,1995,14.679
swe,sex_f,age_10yrbands_y35_44,edu_aggregate_int,1996,20.529
swe,sex_f,age_10yrbands_y35_44,edu_aggregate_int,1997,25.504
swe,sex_f,age_10yrbands_y35_44,edu_aggregate_int,1998,20.334
swe,sex_f,age_10yrbands_y35_44,edu_aggregate_int,1999,14.213
swe,sex_f,age_10yrbands_y35_44,edu_aggregate_int,2000,14.474
swe,sex_f,age_10yrbands_y35_44,edu_aggregate_int,2001,10.846
swe,sex_f,age_10yrbands_y35_44,edu_aggregate_int,2002,11.846
swe,sex_f,age_10yrbands_y35_44,edu_aggregate_int,2003,12.962
swe,sex_f,age_10yrbands_y35_44,edu_aggregate_int,2004,16.728
swe,sex_f,age_10yrbands_y35_44,edu_aggregate_int,2005,17.682
swe,sex_f,age_10yrbands_y35_44,edu_aggregate_int,2006,13.446
swe,sex_f,age_10yrbands_y35_44,edu_aggregate_int,2007,12.261
swe,sex_f,age_10yrbands_y35_44,edu_aggregate_int,2008,10.594
swe,sex_f,age_10yrbands_y35_44,edu_aggregate_int,2009,14.126
swe,sex_f,age_10yrbands_y35_44,edu_aggregate_int,2010,15.873
swe,sex_f,age_10yrbands_y35_44,edu_aggregate_int,2011,12.835
swe,sex_f,age_10yrbands_y35_44,edu_aggregate_int,2012,11.484
swe,sex_f,age_10yrbands_y35_44,edu_aggregate_int,2013,10.311
swe,sex_f,age_10yrbands_y35_44,edu_aggregate_int,2014,9.515
swe,sex_f,age_10yrbands_y35_44,edu_aggregate_int,2015,8.773
swe,sex_f,age_10yrbands_y35_44,edu_aggregate_int,2016,8.066
swe,sex_f,age_10yrbands_y35_44,edu_aggregate_int,2017,7.286
swe,sex_f,age_10yrbands_y35_44,edu_aggregate_int,2018,6.677
swe,sex_f,age_10yrbands_y35_44,edu_aggregate_int,2019,5.52
swe,sex_f,age_10yrbands_y35_44,edu_aggregate_int,2020,8.856
swe,sex_f,age_10yrbands_y35_44,edu_aggregate_int,2021,9.52
swe,sex_f,age_10yrbands_y35_44,edu_aggregate_int,2022,7.948
swe,sex_f,age_10yrbands_y35_44,edu_aggregate_int,2023,7.084
swe,sex_f,age_10yrbands_y35_44,edu_aggregate_total,1995,27.986
swe,sex_f,age_10yrbands_y35_44,edu_aggregate_total,1996,34.304
swe,sex_f,age_10yrbands_y35_44,edu_aggregate_total,1997,42.283
swe,sex_f,age_10yrbands_y35_44,edu_aggregate_total,1998,36.957
swe,sex_f,age_10yrbands_y35_44,edu_aggregate_total,1999,29.586
swe,sex_f,age_10yrbands_y35_44,edu_aggregate_total,2000,24.578
swe,sex_f,age_10yrbands_y35_44,edu_aggregate_total,2001,17.259
swe,sex_f,age_10yrbands_y35_44,edu_aggregate_total,2002,18.49
swe,sex_f,age_10yrbands_y35_44,edu_aggregate_total,2003,22.453
swe,sex_f,age_10yrbands_y35_44,edu_aggregate_total,2004,26.996
swe,sex_f,age_10yrbands_y35_44,edu_aggregate_total,2005,32.219
swe,sex_f,age_10yrbands_y35_44,edu_aggregate_total,2006,28.887
swe,sex_f,age_10yrbands_y35_44,edu_aggregate_total,2007,25.496
swe,sex_f,age_10yrbands_y35_44,edu_aggregate_total,2008,24.211
swe,sex_f,age_10yrbands_y35_44,edu_aggregate_total,2009,31.45
swe,sex_f,age_10yrbands_y35_44,edu_aggregate_total,2010,35.526
swe,sex_f,age_10yrbands_y35_44,edu_aggregate_total,2011,31.567
swe,sex_f,age_10yrbands_y35_44,edu_aggregate_total,2012,28.495
swe,sex_f,age_10yrbands_y35_44,edu_aggregate_total,2013,29.841
swe,sex_f,age_10yrbands_y35_44,edu_aggregate_total,2014,31.578
swe,sex_f,age_10yrbands_y35_44,edu_aggregate_total,2015,31.698
swe,sex_f,age_10yrbands_y35_44,edu_aggregate_total,2016,30.303
swe,sex_f,age_10yrbands_y35_44,edu_aggregate_total,2017,28.805
swe,sex_f,age_10yrbands_y35_44,edu_aggregate_total,2018,29.959
swe,sex_f,age_10yrbands_y35_44,edu_aggregate_total,2019,29.67
swe,sex_f,age_10yrbands_y35_44,edu_aggregate_total,2020,39.807
swe,sex_f,age_10yrbands_y35_44,edu_aggregate_total,2021,46.013
swe,sex_f,age_10yrbands_y35_44,edu_aggregate_total,2022,36.694
swe,sex_f,age_10yrbands_y35_44,edu_aggregate_total,2023,37.8
swe,sex_f,age_10yrbands_y35_44,edu_aggregate_x,2006,0.493
swe,sex_f,age_10yrbands_y35_44,edu_aggregate_x,2007,0.378
swe,sex_f,age_10yrbands_y35_44,edu_aggregate_x,2008,0.376
swe,sex_f,age_10yrbands_y35_44,edu_aggregate_x,2009,0.544
swe,sex_f,age_10yrbands_y35_44,edu_aggregate_x,2010,0.392
swe,sex_f,age_10yrbands_y35_44,edu_aggregate_x,2011,0.348
swe,sex_f,age_10yrbands_y35_44,edu_aggregate_x,2012,0.52
swe,sex_f,age_10yrbands_y35_44,edu_aggregate_x,2013,0.629
swe,sex_f,age_10yrbands_y35_44,edu_aggregate_x,2015,0.2
swe,sex_f,age_10yrbands_y35_44,edu_aggregate_x,2018,0.5
swe,sex_f,age_10yrbands_y35_44,edu_aggregate_x,2019,1.134
swe,sex_f,age_10yrbands_y35_44,edu_aggregate_x,2020,0.433
swe,sex_f,age_10yrbands_y35_44,edu_aggregate_x,2023,0.606
swe,sex_f,age_10yrbands_y35_44,edu_isced11_1,2006,2.114
swe,sex_f,age_10yrbands_y35_44,edu_isced11_1,2007,1.844
swe,sex_f,age_10yrbands_y35_44,edu_isced11_1,2008,2.373
swe,sex_f,age_10yrbands_y35_44,edu_isced11_1,2009,2.336
swe,sex_f,age_10yrbands_y35_44,edu_isced11_1,2010,2.662
swe,sex_f,age_10yrbands_y35_44,edu_isced11_1,2011,2.826
swe,sex_f,age_10yrbands_y35_44,edu_isced11_1,2012,2.851
swe,sex_f,age_10yrbands_y35_44,edu_isced11_1,2013,3.102
swe,sex_f,age_10yrbands_y35_44,edu_isced11_1,2014,3.822
swe,sex_f,age_10yrbands_y35_44,edu_isced11_1,2015,4.422
swe,sex_f,age_10yrbands_y35_44,edu_isced11_1,2016,5.918
swe,sex_f,age_10yrbands_y35_44,edu_isced11_1,2017,5.073
swe,sex_f,age_10yrbands_y35_44,edu_isced11_1,2018,7.192
swe,sex_f,age_10yrbands_y35_44,edu_isced11_1,2019,6.005
swe,sex_f,age_10yrbands_y35_44,edu_isced11_1,2020,5.406
swe,sex_f,age_10yrbands_y35_44,edu_isced11_1,2021,7.687
swe,sex_f,age_10yrbands_y35_44,edu_isced11_1,2022,8.539
swe,sex_f,age_10yrbands_y35_44,edu_isced11_1,2023,6.302
swe,sex_f,age_10yrbands_y35_44,edu_isced11_2,2006,4.978
swe,sex_f,age_10yrbands_y35_44,edu_isced11_2,2007,4.85
swe,sex_f,age_10yrbands_y35_44,edu_isced11_2,2008,4.651
swe,sex_f,age_10yrbands_y35_44,edu_isced11_2,2009,6.558
swe,sex_f,age_10yrbands_y35_44,edu_isced11_2,2010,7.303
swe,sex_f,age_10yrbands_y35_44,edu_isced11_2,2011,6.618
swe,sex_f,age_10yrbands_y35_44,edu_isced11_2,2012,5.245
swe,sex_f,age_10yrbands_y35_44,edu_isced11_2,2013,6.027
swe,sex_f,age_10yrbands_y35_44,edu_isced11_2,2014,6.142
swe,sex_f,age_10yrbands_y35_44,edu_isced11_2,2015,7.295
swe,sex_f,age_10yrbands_y35_44,edu_isced11_2,2016,5.811
swe,sex_f,age_10yrbands_y35_44,edu_isced11_2,2017,5.164
swe,sex_f,age_10yrbands_y35_44,edu_isced11_2,2018,5.424
swe,sex_f,age_10yrbands_y35_44,edu_isced11_2,2019,7.221
swe,sex_f,age_10yrbands_y35_44,edu_isced11_2,2020,9.261
swe,sex_f,age_10yrbands_y35_44,edu_isced11_2,2021,11.753
swe,sex_f,age_10yrbands_y35_44,edu_isced11_2,2022,7.926
swe,sex_f,age_10yrbands_y35_44,edu_isced11_2,2023,8.924
swe,sex_f,age_10yrbands_y35_44,edu_isced11_3,2006,11.48
swe,sex_f,age_10yrbands_y35_44,edu_isced11_3,2007,10.399
swe,sex_f,age_10yrbands_y35_44,edu_isced11_3,2008,8.746
swe,sex_f,age_10yrbands_y35_44,edu_isced11_3,2009,11.989
swe,sex_f,age_10yrbands_y35_44,edu_isced11_3,2010,13.748
swe,sex_f,age_10yrbands_y35_44,edu_isced11_3,2011,11.237
swe,sex_f,age_10yrbands_y35_44,edu_isced11_3,2012,9.205
swe,sex_f,age_10yrbands_y35_44,edu_isced11_3,2013,8.514
swe,sex_f,age_10yrbands_y35_44,edu_isced11_3,2014,7.544
swe,sex_f,age_10yrbands_y35_44,edu_isced11_3,2015,7.564
swe,sex_f,age_10yrbands_y35_44,edu_isced11_3,2016,6.666
swe,sex_f,age_10yrbands_y35_44,edu_isced11_3,2017,5.185
swe,sex_f,age_10yrbands_y35_44,edu_isced11_3,2018,4.815
swe,sex_f,age_10yrbands_y35_44,edu_isced11_3,2019,3.956
swe,sex_f,age_10yrbands_y35_44,edu_isced11_3,2020,6.335
swe,sex_f,age_10yrbands_y35_44,edu_isced11_3,2021,7.397
swe,sex_f,age_10yrbands_y35_44,edu_isced11_3,2022,6.607
swe,sex_f,age_10yrbands_y35_44,edu_isced11_3,2023,3.967
swe,sex_f,age_10yrbands_y35_44,edu_isced11_4,2006,1.965
swe,sex_f,age_10yrbands_y35_44,edu_isced11_4,2007,1.862
swe,sex_f,age_10yrbands_y35_44,edu_isced11_4,2008,1.848
swe,sex_f,age_10yrbands_y35_44,edu_isced11_4,2009,2.137
swe,sex_f,age_10yrbands_y35_44,edu_isced11_4,2010,2.125
swe,sex_f,age_10yrbands_y35_44,edu_isced11_4,2011,1.598
swe,sex_f,age_10yrbands_y35_44,edu_isced11_4,2012,2.279
swe,sex_f,age_10yrbands_y35_44,edu_isced11_4,2013,1.797
swe,sex_f,age_10yrbands_y35_44,edu_isced11_4,2014,1.971
swe,sex_f,age_10yrbands_y35_44,edu_isced11_4,2015,1.209
swe,sex_f,age_10yrbands_y35_44,edu_isced11_4,2016,1.4
swe,sex_f,age_10yrbands_y35_44,edu_isced11_4,2017,2.101
swe,sex_f,age_10yrbands_y35_44,edu_isced11_4,2018,1.862
swe,sex_f,age_10yrbands_y35_44,edu_isced11_4,2019,1.564
swe,sex_f,age_10yrbands_y35_44,edu_isced11_4,2020,2.521
swe,sex_f,age_10yrbands_y35_44,edu_isced11_4,2021,2.123
swe,sex_f,age_10yrbands_y35_44,edu_isced11_4,2022,1.342
swe,sex_f,age_10yrbands_y35_44,edu_isced11_4,2023,3.117
swe,sex_f,age_10yrbands_y35_44,edu_isced11_5,2006,7.856
swe,sex_f,age_10yrbands_y35_44,edu_isced11_5,2007,6.162
swe,sex_f,age_10yrbands_y35_44,edu_isced11_5,2008,6.217
swe,sex_f,age_10yrbands_y35_44,edu_isced11_5,2009,7.886
swe,sex_f,age_10yrbands_y35_44,edu_isced11_5,2010,9.296
swe,sex_f,age_10yrbands_y35_44,edu_isced11_5,2011,8.941
swe,sex_f,age_10yrbands_y35_44,edu_isced11_5,2012,8.396
swe,sex_f,age_10yrbands_y35_44,edu_isced11_5,2013,9.773
swe,sex_f,age_10yrbands_y35_44,edu_isced11_5,2014,4.484
swe,sex_f,age_10yrbands_y35_44,edu_isced11_5,2015,3.778
swe,sex_f,age_10yrbands_y35_44,edu_isced11_5,2016,3.573
swe,sex_f,age_10yrbands_y35_44,edu_isced11_5,2017,3.138
swe,sex_f,age_10yrbands_y35_44,edu_isced11_5,2018,2.356
swe,sex_f,age_10yrbands_y35_44,edu_isced11_5,2019,2.192
swe,sex_f,age_10yrbands_y35_44,edu_isced11_5,2020,4.916
swe,sex_f,age_10yrbands_y35_44,edu_isced11_5,2021,3.66
swe,sex_f,age_10yrbands_y35_44,edu_isced11_5,2022,2.599
swe,sex_f,age_10yrbands_y35_44,edu_isced11_5,2023,3.381
swe,sex_f,age_10yrbands_y35_44,edu_isced11_6,2014,3.54
swe,sex_f,age_10yrbands_y35_44,edu_isced11_6,2015,3.901
swe,sex_f,age_10yrbands_y35_44,edu_isced11_6,2016,3.254
swe,sex_f,age_10yrbands_y35_44,edu_isced11_6,2017,3.94
swe,sex_f,age_10yrbands_y35_44,edu_isced11_6,2018,3.587
swe,sex_f,age_10yrbands_y35_44,edu_isced11_6,2019,3.736
swe,sex_f,age_10yrbands_y35_44,edu_isced11_6,2020,4.867
swe,sex_f,age_10yrbands_y35_44,edu_isced11_6,2021,6.899
swe,sex_f,age_10yrbands_y35_44,edu_isced11_6,2022,5.472
swe,sex_f,age_10yrbands_y35_44,edu_isced11_6,2023,6.04
swe,sex_f,age_10yrbands_y35_44,edu_isced11_7,2014,3.84
swe,sex_f,age_10yrbands_y35_44,edu_isced11_7,2015,2.864
swe,sex_f,age_10yrbands_y35_44,edu_isced11_7,2016,3.466
swe,sex_f,age_10yrbands_y35_44,edu_isced11_7,2017,3.603
swe,sex_f,age_10yrbands_y35_44,edu_isced11_7,2018,3.91
swe,sex_f,age_10yrbands_y35_44,edu_isced11_7,2019,3.037
swe,sex_f,age_10yrbands_y35_44,edu_isced11_7,2020,4.496
swe,sex_f,age_10yrbands_y35_44,edu_isced11_7,2021,5.209
swe,sex_f,age_10yrbands_y35_44,edu_isced11_7,2022,3.728
swe,sex_f,age_10yrbands_y35_44,edu_isced11_7,2023,4.902
swe,sex_f,age_10yrbands_y35_44,edu_isced11_8,2014,0.201
swe,sex_f,age_10yrbands_y35_44,edu_isced11_8,2015,0.465
swe,sex_f,age_10yrbands_y35_44,edu_isced11_8,2017,0.386
swe,sex_f,age_10yrbands_y35_44,edu_isced11_8,2018,0.314
swe,sex_f,age_10yrbands_y35_44,edu_isced11_8,2019,0.825
swe,sex_f,age_10yrbands_y35_44,edu_isced11_8,2020,1.571
swe,sex_f,age_10yrbands_y35_44,edu_isced11_8,2021,0.788
swe,sex_f,age_10yrbands_y35_44,edu_isced11_9,2006,0.493
swe,sex_f,age_10yrbands_y35_44,edu_isced11_9,2007,0.378
swe,sex_f,age_10yrbands_y35_44,edu_isced11_9,2008,0.376
swe,sex_f,age_10yrbands_y35_44,edu_isced11_9,2009,0.544
swe,sex_f,age_10yrbands_y35_44,edu_isced11_9,2010,0.392
swe,sex_f,age_10yrbands_y35_44,edu_isced11_9,2011,0.348
swe,sex_f,age_10yrbands_y35_44,edu_isced11_9,2012,0.52
swe,sex_f,age_10yrbands_y35_44,edu_isced11_9,2013,0.629
swe,sex_f,age_10yrbands_y35_44,edu_isced11_9,2015,0.2
swe,sex_f,age_10yrbands_y35_44,edu_isced11_9,2018,0.5
swe,sex_f,age_10yrbands_y35_44,edu_isced11_9,2019,1.134
swe,sex_f,age_10yrbands_y35_44,edu_isced11_9,2020,0.433
swe,sex_f,age_10yrbands_y35_44,edu_isced11_9,2023,0.606
swe,sex_f,age_10yrbands_y35_44,edu_isced11_total,2006,28.887
swe,sex_f,age_10yrbands_y35_44,edu_isced11_total,2007,25.496
swe,sex_f,age_10yrbands_y35_44,edu_isced11_total,2008,24.211
swe,sex_f,age_10yrbands_y35_44,edu_isced11_total,2009,31.45
swe,sex_f,age_10yrbands_y35_44,edu_isced11_total,2010,35.526
swe,sex_f,age_10yrbands_y35_44,edu_isced11_total,2011,31.567
swe,sex_f,age_10yrbands_y35_44,edu_isced11_total,2012,28.495
swe,sex_f,age_10yrbands_y35_44,edu_isced11_total,2013,29.841
swe,sex_f,age_10yrbands_y35_44,edu_isced11_total,2014,31.578
swe,sex_f,age_10yrbands_y35_44,edu_isced11_total,2015,31.698
swe,sex_f,age_10yrbands_y35_44,edu_isced11_total,2016,30.303
swe,sex_f,age_10yrbands_y35_44,edu_isced11_total,2017,28.805
swe,sex_f,age_10yrbands_y35_44,edu_isced11_total,2018,29.959
swe,sex_f,age_10yrbands_y35_44,edu_isced11_total,2019,29.67
swe,sex_f,age_10yrbands_y35_44,edu_isced11_total,2020,39.807
swe,sex_f,age_10yrbands_y35_44,edu_isced11_total,2021,46.013
swe,sex_f,age_10yrbands_y35_44,edu_isced11_total,2022,36.694
swe,sex_f,age_10yrbands_y35_44,edu_isced11_total,2023,37.8
swe,sex_f,age_10yrbands_y45_54,edu_aggregate_adv,1995,2.889
swe,sex_f,age_10yrbands_y45_54,edu_aggregate_adv,1996,5.675
swe,sex_f,age_10yrbands_y45_54,edu_aggregate_adv,1997,4.192
swe,sex_f,age_10yrbands_y45_54,edu_aggregate_adv,1998,2.611
swe,sex_f,age_10yrbands_y45_54,edu_aggregate_adv,1999,4.407
swe,sex_f,age_10yrbands_y45_54,edu_aggregate_adv,2000,4.835
swe,sex_f,age_10yrbands_y45_54,edu_aggregate_adv,2001,1.978
swe,sex_f,age_10yrbands_y45_54,edu_aggregate_adv,2002,2.087
swe,sex_f,age_10yrbands_y45_54,edu_aggregate_adv,2003,2.83
swe,sex_f,age_10yrbands_y45_54,edu_aggregate_adv,2004,3.187
swe,sex_f,age_10yrbands_y45_54,edu_aggregate_adv,2005,4.825
swe,sex_f,age_10yrbands_y45_54,edu_aggregate_adv,2006,5.449
swe,sex_f,age_10yrbands_y45_54,edu_aggregate_adv,2007,4.113
swe,sex_f,age_10yrbands_y45_54,edu_aggregate_adv,2008,4.662
swe,sex_f,age_10yrbands_y45_54,edu_aggregate_adv,2009,7.123
swe,sex_f,age_10yrbands_y45_54,edu_aggregate_adv,2010,7.169
swe,sex_f,age_10yrbands_y45_54,edu_aggregate_adv,2011,6.818
swe,sex_f,age_10yrbands_y45_54,edu_aggregate_adv,2012,6.067
swe,sex_f,age_10yrbands_y45_54,edu_aggregate_adv,2013,6.392
swe,sex_f,age_10yrbands_y45_54,edu_aggregate_adv,2014,6.559
swe,sex_f,age_10yrbands_y45_54,edu_aggregate_adv,2015,7.825
swe,sex_f,age_10yrbands_y45_54,edu_aggregate_adv,2016,7.436
swe,sex_f,age_10yrbands_y45_54,edu_aggregate_adv,2017,6.953
swe,sex_f,age_10yrbands_y45_54,edu_aggregate_adv,2018,7.71
swe,sex_f,age_10yrbands_y45_54,edu_aggregate_adv,2019,8.746
swe,sex_f,age_10yrbands_y45_54,edu_aggregate_adv,2020,9.156
swe,sex_f,age_10yrbands_y45_54,edu_aggregate_adv,2021,10.573
swe,sex_f,age_10yrbands_y45_54,edu_aggregate_adv,2022,8.649
swe,sex_f,age_10yrbands_y45_54,edu_aggregate_adv,2023,10.118
swe,sex_f,age_10yrbands_y45_54,edu_aggregate_bas,1995,9.086
swe,sex_f,age_10yrbands_y45_54,edu_aggregate_bas,1996,8.304
swe,sex_f,age_10yrbands_y45_54,edu_aggregate_bas,1997,11.498
swe,sex_f,age_10yrbands_y45_54,edu_aggregate_bas,1998,11.026
swe,sex_f,age_10yrbands_y45_54,edu_aggregate_bas,1999,6.328
swe,sex_f,age_10yrbands_y45_54,edu_aggregate_bas,2000,3.388
swe,sex_f,age_10yrbands_y45_54,edu_aggregate_bas,2001,3.553
swe,sex_f,age_10yrbands_y45_54,edu_aggregate_bas,2002,2.798
swe,sex_f,age_10yrbands_y45_54,edu_aggregate_bas,2003,1.926
swe,sex_f,age_10yrbands_y45_54,edu_aggregate_bas,2004,2.983
swe,sex_f,age_10yrbands_y45_54,edu_aggregate_bas,2005,3.793
swe,sex_f,age_10yrbands_y45_54,edu_aggregate_bas,2006,4.979
swe,sex_f,age_10yrbands_y45_54,edu_aggregate_bas,2007,4.352
swe,sex_f,age_10yrbands_y45_54,edu_aggregate_bas,2008,4.892
swe,sex_f,age_10yrbands_y45_54,edu_aggregate_bas,2009,6.399
swe,sex_f,age_10yrbands_y45_54,edu_aggregate_bas,2010,8.115
swe,sex_f,age_10yrbands_y45_54,edu_aggregate_bas,2011,7.129
swe,sex_f,age_10yrbands_y45_54,edu_aggregate_bas,2012,7.76
swe,sex_f,age_10yrbands_y45_54,edu_aggregate_bas,2013,8.674
swe,sex_f,age_10yrbands_y45_54,edu_aggregate_bas,2014,9.408
swe,sex_f,age_10yrbands_y45_54,edu_aggregate_bas,2015,8.008
swe,sex_f,age_10yrbands_y45_54,edu_aggregate_bas,2016,8.352
swe,sex_f,age_10yrbands_y45_54,edu_aggregate_bas,2017,8.918
swe,sex_f,age_10yrbands_y45_54,edu_aggregate_bas,2018,9.264
swe,sex_f,age_10yrbands_y45_54,edu_aggregate_bas,2019,10.767
swe,sex_f,age_10yrbands_y45_54,edu_aggregate_bas,2020,14.081
swe,sex_f,age_10yrbands_y45_54,edu_aggregate_bas,2021,12.066
swe,sex_f,age_10yrbands_y45_54,edu_aggregate_bas,2022,10.71
swe,sex_f,age_10yrbands_y45_54,edu_aggregate_bas,2023,10.451
swe,sex_f,age_10yrbands_y45_54,edu_aggregate_int,1995,12.052
swe,sex_f,age_10yrbands_y45_54,edu_aggregate_int,1996,12.684
swe,sex_f,age_10yrbands_y45_54,edu_aggregate_int,1997,16.714
swe,sex_f,age_10yrbands_y45_54,edu_aggregate_int,1998,14.487
swe,sex_f,age_10yrbands_y45_54,edu_aggregate_int,1999,12.233
swe,sex_f,age_10yrbands_y45_54,edu_aggregate_int,2000,9.629
swe,sex_f,age_10yrbands_y45_54,edu_aggregate_int,2001,6.614
swe,sex_f,age_10yrbands_y45_54,edu_aggregate_int,2002,8.194
swe,sex_f,age_10yrbands_y45_54,edu_aggregate_int,2003,7.572
swe,sex_f,age_10yrbands_y45_54,edu_aggregate_int,2004,9.712
swe,sex_f,age_10yrbands_y45_54,edu_aggregate_int,2005,11.495
swe,sex_f,age_10yrbands_y45_54,edu_aggregate_int,2006,8.541
swe,sex_f,age_10yrbands_y45_54,edu_aggregate_int,2007,7.49
swe,sex_f,age_10yrbands_y45_54,edu_aggregate_int,2008,8.878
swe,sex_f,age_10yrbands_y45_54,edu_aggregate_int,2009,11.287
swe,sex_f,age_10yrbands_y45_54,edu_aggregate_int,2010,12.706
swe,sex_f,age_10yrbands_y45_54,edu_aggregate_int,2011,10.799
swe,sex_f,age_10yrbands_y45_54,edu_aggregate_int,2012,11.682
swe,sex_f,age_10yrbands_y45_54,edu_aggregate_int,2013,11.899
swe,sex_f,age_10yrbands_y45_54,edu_aggregate_int,2014,10.727
swe,sex_f,age_10yrbands_y45_54,edu_aggregate_int,2015,9.463
swe,sex_f,age_10yrbands_y45_54,edu_aggregate_int,2016,8.363
swe,sex_f,age_10yrbands_y45_54,edu_aggregate_int,2017,6.856
swe,sex_f,age_10yrbands_y45_54,edu_aggregate_int,2018,6.437
swe,sex_f,age_10yrbands_y45_54,edu_aggregate_int,2019,8.481
swe,sex_f,age_10yrbands_y45_54,edu_aggregate_int,2020,10.988
swe,sex_f,age_10yrbands_y45_54,edu_aggregate_int,2021,10.712
swe,sex_f,age_10yrbands_y45_54,edu_aggregate_int,2022,9.266
swe,sex_f,age_10yrbands_y45_54,edu_aggregate_int,2023,8.732
swe,sex_f,age_10yrbands_y45_54,edu_aggregate_total,1995,24.027
swe,sex_f,age_10yrbands_y45_54,edu_aggregate_total,1996,26.663
swe,sex_f,age_10yrbands_y45_54,edu_aggregate_total,1997,32.404
swe,sex_f,age_10yrbands_y45_54,edu_aggregate_total,1998,28.125
swe,sex_f,age_10yrbands_y45_54,edu_aggregate_total,1999,22.969
swe,sex_f,age_10yrbands_y45_54,edu_aggregate_total,2000,18.185
swe,sex_f,age_10yrbands_y45_54,edu_aggregate_total,2001,12.41
swe,sex_f,age_10yrbands_y45_54,edu_aggregate_total,2002,13.078
swe,sex_f,age_10yrbands_y45_54,edu_aggregate_total,2003,12.416
swe,sex_f,age_10yrbands_y45_54,edu_aggregate_total,2004,15.961
swe,sex_f,age_10yrbands_y45_54,edu_aggregate_total,2005,20.265
swe,sex_f,age_10yrbands_y45_54,edu_aggregate_total,2006,19.094
swe,sex_f,age_10yrbands_y45_54,edu_aggregate_total,2007,16.096
swe,sex_f,age_10yrbands_y45_54,edu_aggregate_total,2008,18.574
swe,sex_f,age_10yrbands_y45_54,edu_aggregate_total,2009,24.991
swe,sex_f,age_10yrbands_y45_54,edu_aggregate_total,2010,28.208
swe,sex_f,age_10yrbands_y45_54,edu_aggregate_total,2011,25.031
swe,sex_f,age_10yrbands_y45_54,edu_aggregate_total,2012,25.695
swe,sex_f,age_10yrbands_y45_54,edu_aggregate_total,2013,27.364
swe,sex_f,age_10yrbands_y45_54,edu_aggregate_total,2014,26.695
swe,sex_f,age_10yrbands_y45_54,edu_aggregate_total,2015,25.529
swe,sex_f,age_10yrbands_y45_54,edu_aggregate_total,2016,24.365
swe,sex_f,age_10yrbands_y45_54,edu_aggregate_total,2017,22.85
swe,sex_f,age_10yrbands_y45_54,edu_aggregate_total,2018,23.497
swe,sex_f,age_10yrbands_y45_54,edu_aggregate_total,2019,28.506
swe,sex_f,age_10yrbands_y45_54,edu_aggregate_total,2020,34.322
swe,sex_f,age_10yrbands_y45_54,edu_aggregate_total,2021,33.75
swe,sex_f,age_10yrbands_y45_54,edu_aggregate_total,2022,28.812
swe,sex_f,age_10yrbands_y45_54,edu_aggregate_total,2023,29.301
swe,sex_f,age_10yrbands_y45_54,edu_aggregate_x,2009,0.182
swe,sex_f,age_10yrbands_y45_54,edu_aggregate_x,2010,0.219
swe,sex_f,age_10yrbands_y45_54,edu_aggregate_x,2011,0.284
swe,sex_f,age_10yrbands_y45_54,edu_aggregate_x,2012,0.186
swe,sex_f,age_10yrbands_y45_54,edu_aggregate_x,2013,0.399
swe,sex_f,age_10yrbands_y45_54,edu_aggregate_x,2015,0.232
swe,sex_f,age_10yrbands_y45_54,edu_aggregate_x,2016,0.213
swe,sex_f,age_10yrbands_y45_54,edu_isced11_1,2006,1.012
swe,sex_f,age_10yrbands_y45_54,edu_isced11_1,2007,1.761
swe,sex_f,age_10yrbands_y45_54,edu_isced11_1,2008,2.233
swe,sex_f,age_10yrbands_y45_54,edu_isced11_1,2009,1.848
swe,sex_f,age_10yrbands_y45_54,edu_isced11_1,2010,2.492
swe,sex_f,age_10yrbands_y45_54,edu_isced11_1,2011,2.105
swe,sex_f,age_10yrbands_y45_54,edu_isced11_1,2012,1.794
swe,sex_f,age_10yrbands_y45_54,edu_isced11_1,2013,2.48
swe,sex_f,age_10yrbands_y45_54,edu_isced11_1,2014,3.811
swe,sex_f,age_10yrbands_y45_54,edu_isced11_1,2015,3.233
swe,sex_f,age_10yrbands_y45_54,edu_isced11_1,2016,3.716
swe,sex_f,age_10yrbands_y45_54,edu_isced11_1,2017,4.151
swe,sex_f,age_10yrbands_y45_54,edu_isced11_1,2018,4.401
swe,sex_f,age_10yrbands_y45_54,edu_isced11_1,2019,5.241
swe,sex_f,age_10yrbands_y45_54,edu_isced11_1,2020,6.848
swe,sex_f,age_10yrbands_y45_54,edu_isced11_1,2021,7.13
swe,sex_f,age_10yrbands_y45_54,edu_isced11_1,2022,7.18
swe,sex_f,age_10yrbands_y45_54,edu_isced11_1,2023,6.316
swe,sex_f,age_10yrbands_y45_54,edu_isced11_2,2006,3.967
swe,sex_f,age_10yrbands_y45_54,edu_isced11_2,2007,2.591
swe,sex_f,age_10yrbands_y45_54,edu_isced11_2,2008,2.659
swe,sex_f,age_10yrbands_y45_54,edu_isced11_2,2009,4.551
swe,sex_f,age_10yrbands_y45_54,edu_isced11_2,2010,5.622
swe,sex_f,age_10yrbands_y45_54,edu_isced11_2,2011,5.025
swe,sex_f,age_10yrbands_y45_54,edu_isced11_2,2012,5.965
swe,sex_f,age_10yrbands_y45_54,edu_isced11_2,2013,6.194
swe,sex_f,age_10yrbands_y45_54,edu_isced11_2,2014,5.598
swe,sex_f,age_10yrbands_y45_54,edu_isced11_2,2015,4.776
swe,sex_f,age_10yrbands_y45_54,edu_isced11_2,2016,4.636
swe,sex_f,age_10yrbands_y45_54,edu_isced11_2,2017,4.768
swe,sex_f,age_10yrbands_y45_54,edu_isced11_2,2018,4.864
swe,sex_f,age_10yrbands_y45_54,edu_isced11_2,2019,5.527
swe,sex_f,age_10yrbands_y45_54,edu_isced11_2,2020,7.233
swe,sex_f,age_10yrbands_y45_54,edu_isced11_2,2021,4.937
swe,sex_f,age_10yrbands_y45_54,edu_isced11_2,2022,3.529
swe,sex_f,age_10yrbands_y45_54,edu_isced11_2,2023,4.135
swe,sex_f,age_10yrbands_y45_54,edu_isced11_3,2006,7.74
swe,sex_f,age_10yrbands_y45_54,edu_isced11_3,2007,6.242
swe,sex_f,age_10yrbands_y45_54,edu_isced11_3,2008,7.815
swe,sex_f,age_10yrbands_y45_54,edu_isced11_3,2009,10.154
swe,sex_f,age_10yrbands_y45_54,edu_isced11_3,2010,11.077
swe,sex_f,age_10yrbands_y45_54,edu_isced11_3,2011,9.642
swe,sex_f,age_10yrbands_y45_54,edu_isced11_3,2012,10.493
swe,sex_f,age_10yrbands_y45_54,edu_isced11_3,2013,10.65
swe,sex_f,age_10yrbands_y45_54,edu_isced11_3,2014,8.898
swe,sex_f,age_10yrbands_y45_54,edu_isced11_3,2015,8.5
swe,sex_f,age_10yrbands_y45_54,edu_isced11_3,2016,7.782
swe,sex_f,age_10yrbands_y45_54,edu_isced11_3,2017,6.251
swe,sex_f,age_10yrbands_y45_54,edu_isced11_3,2018,5.324
swe,sex_f,age_10yrbands_y45_54,edu_isced11_3,2019,6.441
swe,sex_f,age_10yrbands_y45_54,edu_isced11_3,2020,9.483
swe,sex_f,age_10yrbands_y45_54,edu_isced11_3,2021,8.645
swe,sex_f,age_10yrbands_y45_54,edu_isced11_3,2022,7.032
swe,sex_f,age_10yrbands_y45_54,edu_isced11_3,2023,5.747
swe,sex_f,age_10yrbands_y45_54,edu_isced11_4,2006,0.801
swe,sex_f,age_10yrbands_y45_54,edu_isced11_4,2007,1.247
swe,sex_f,age_10yrbands_y45_54,edu_isced11_4,2008,1.063
swe,sex_f,age_10yrbands_y45_54,edu_isced11_4,2009,1.132
swe,sex_f,age_10yrbands_y45_54,edu_isced11_4,2010,1.628
swe,sex_f,age_10yrbands_y45_54,edu_isced11_4,2011,1.156
swe,sex_f,age_10yrbands_y45_54,edu_isced11_4,2012,1.189
swe,sex_f,age_10yrbands_y45_54,edu_isced11_4,2013,1.248
swe,sex_f,age_10yrbands_y45_54,edu_isced11_4,2014,1.83
swe,sex_f,age_10yrbands_y45_54,edu_isced11_4,2015,0.963
swe,sex_f,age_10yrbands_y45_54,edu_isced11_4,2016,0.581
swe,sex_f,age_10yrbands_y45_54,edu_isced11_4,2017,0.605
swe,sex_f,age_10yrbands_y45_54,edu_isced11_4,2018,1.113
swe,sex_f,age_10yrbands_y45_54,edu_isced11_4,2019,2.04
swe,sex_f,age_10yrbands_y45_54,edu_isced11_4,2020,1.505
swe,sex_f,age_10yrbands_y45_54,edu_isced11_4,2021,2.067
swe,sex_f,age_10yrbands_y45_54,edu_isced11_4,2022,2.235
swe,sex_f,age_10yrbands_y45_54,edu_isced11_4,2023,2.986
swe,sex_f,age_10yrbands_y45_54,edu_isced11_5,2006,5.449
swe,sex_f,age_10yrbands_y45_54,edu_isced11_5,2007,4.113
swe,sex_f,age_10yrbands_y45_54,edu_isced11_5,2008,4.662
swe,sex_f,age_10yrbands_y45_54,edu_isced11_5,2009,7.123
swe,sex_f,age_10yrbands_y45_54,edu_isced11_5,2010,7.169
swe,sex_f,age_10yrbands_y45_54,edu_isced11_5,2011,6.818
swe,sex_f,age_10yrbands_y45_54,edu_isced11_5,2012,6.067
swe,sex_f,age_10yrbands_y45_54,edu_isced11_5,2013,6.392
swe,sex_f,age_10yrbands_y45_54,edu_isced11_5,2014,2.677
swe,sex_f,age_10yrbands_y45_54,edu_isced11_5,2015,3.177
swe,sex_f,age_10yrbands_y45_54,edu_isced11_5,2016,2.947
swe,sex_f,age_10yrbands_y45_54,edu_isced11_5,2017,2.381
swe,sex_f,age_10yrbands_y45_54,edu_isced11_5,2018,2.272
swe,sex_f,age_10yrbands_y45_54,edu_isced11_5,2019,2.968
swe,sex_f,age_10yrbands_y45_54,edu_isced11_5,2020,2.799
swe,sex_f,age_10yrbands_y45_54,edu_isced11_5,2021,3.834
swe,sex_f,age_10yrbands_y45_54,edu_isced11_5,2022,2.203
swe,sex_f,age_10yrbands_y45_54,edu_isced11_5,2023,2.176
swe,sex_f,age_10yrbands_y45_54,edu_isced11_6,2014,2.186
swe,sex_f,age_10yrbands_y45_54,edu_isced11_6,2015,2.422
swe,sex_f,age_10yrbands_y45_54,edu_isced11_6,2016,2.229
swe,sex_f,age_10yrbands_y45_54,edu_isced11_6,2017,2.969
swe,sex_f,age_10yrbands_y45_54,edu_isced11_6,2018,3.286
swe,sex_f,age_10yrbands_y45_54,edu_isced11_6,2019,2.713
swe,sex_f,age_10yrbands_y45_54,edu_isced11_6,2020,3.957
swe,sex_f,age_10yrbands_y45_54,edu_isced11_6,2021,4.233
swe,sex_f,age_10yrbands_y45_54,edu_isced11_6,2022,3.524
swe,sex_f,age_10yrbands_y45_54,edu_isced11_6,2023,4.515
swe,sex_f,age_10yrbands_y45_54,edu_isced11_7,2014,1.452
swe,sex_f,age_10yrbands_y45_54,edu_isced11_7,2015,2.098
swe,sex_f,age_10yrbands_y45_54,edu_isced11_7,2016,2.167
swe,sex_f,age_10yrbands_y45_54,edu_isced11_7,2017,1.499
swe,sex_f,age_10yrbands_y45_54,edu_isced11_7,2018,1.946
swe,sex_f,age_10yrbands_y45_54,edu_isced11_7,2019,2.423
swe,sex_f,age_10yrbands_y45_54,edu_isced11_7,2020,2.268
swe,sex_f,age_10yrbands_y45_54,edu_isced11_7,2021,2.417
swe,sex_f,age_10yrbands_y45_54,edu_isced11_7,2022,2.713
swe,sex_f,age_10yrbands_y45_54,edu_isced11_7,2023,3.063
swe,sex_f,age_10yrbands_y45_54,edu_isced11_8,2014,0.244
swe,sex_f,age_10yrbands_y45_54,edu_isced11_8,2018,0.206
swe,sex_f,age_10yrbands_y45_54,edu_isced11_8,2019,0.642
swe,sex_f,age_10yrbands_y45_54,edu_isced11_9,2009,0.182
swe,sex_f,age_10yrbands_y45_54,edu_isced11_9,2010,0.219
swe,sex_f,age_10yrbands_y45_54,edu_isced11_9,2011,0.284
swe,sex_f,age_10yrbands_y45_54,edu_isced11_9,2012,0.186
swe,sex_f,age_10yrbands_y45_54,edu_isced11_9,2013,0.399
swe,sex_f,age_10yrbands_y45_54,edu_isced11_9,2015,0.232
swe,sex_f,age_10yrbands_y45_54,edu_isced11_9,2016,0.213
swe,sex_f,age_10yrbands_y45_54,edu_isced11_total,2006,19.094
swe,sex_f,age_10yrbands_y45_54,edu_isced11_total,2007,16.096
swe,sex_f,age_10yrbands_y45_54,edu_isced11_total,2008,18.574
swe,sex_f,age_10yrbands_y45_54,edu_isced11_total,2009,24.991
swe,sex_f,age_10yrbands_y45_54,edu_isced11_total,2010,28.208
swe,sex_f,age_10yrbands_y45_54,edu_isced11_total,2011,25.031
swe,sex_f,age_10yrbands_y45_54,edu_isced11_total,2012,25.695
swe,sex_f,age_10yrbands_y45_54,edu_isced11_total,2013,27.364
swe,sex_f,age_10yrbands_y45_54,edu_isced11_total,2014,26.695
swe,sex_f,age_10yrbands_y45_54,edu_isced11_total,2015,25.529
swe,sex_f,age_10yrbands_y45_54,edu_isced11_total,2016,24.365
swe,sex_f,age_10yrbands_y45_54,edu_isced11_total,2017,22.85
swe,sex_f,age_10yrbands_y45_54,edu_isced11_total,2018,23.497
swe,sex_f,age_10yrbands_y45_54,edu_isced11_total,2019,28.506
swe,sex_f,age_10yrbands_y45_54,edu_isced11_total,2020,34.322
swe,sex_f,age_10yrbands_y45_54,edu_isced11_total,2021,33.75
swe,sex_f,age_10yrbands_y45_54,edu_isced11_total,2022,28.812
swe,sex_f,age_10yrbands_y45_54,edu_isced11_total,2023,29.301
swe,sex_f,age_10yrbands_y55_64,edu_aggregate_adv,1996,2.35
swe,sex_f,age_10yrbands_y55_64,edu_aggregate_adv,1997,2.094
swe,sex_f,age_10yrbands_y55_64,edu_aggregate_adv,1998,2.336
swe,sex_f,age_10yrbands_y55_64,edu_aggregate_adv,1999,2.068
swe,sex_f,age_10yrbands_y55_64,edu_aggregate_adv,2000,2.295
swe,sex_f,age_10yrbands_y55_64,edu_aggregate_adv,2001,2.009
swe,sex_f,age_10yrbands_y55_64,edu_aggregate_adv,2002,1.299
swe,sex_f,age_10yrbands_y55_64,edu_aggregate_adv,2003,1.796
swe,sex_f,age_10yrbands_y55_64,edu_aggregate_adv,2004,3.228
swe,sex_f,age_10yrbands_y55_64,edu_aggregate_adv,2005,2.135
swe,sex_f,age_10yrbands_y55_64,edu_aggregate_adv,2006,2.931
swe,sex_f,age_10yrbands_y55_64,edu_aggregate_adv,2007,2.383
swe,sex_f,age_10yrbands_y55_64,edu_aggregate_adv,2008,3.84
swe,sex_f,age_10yrbands_y55_64,edu_aggregate_adv,2009,4.452
swe,sex_f,age_10yrbands_y55_64,edu_aggregate_adv,2010,4.108
swe,sex_f,age_10yrbands_y55_64,edu_aggregate_adv,2011,3.45
swe,sex_f,age_10yrbands_y55_64,edu_aggregate_adv,2012,4.134
swe,sex_f,age_10yrbands_y55_64,edu_aggregate_adv,2013,3.813
swe,sex_f,age_10yrbands_y55_64,edu_aggregate_adv,2014,4.578
swe,sex_f,age_10yrbands_y55_64,edu_aggregate_adv,2015,3.878
swe,sex_f,age_10yrbands_y55_64,edu_aggregate_adv,2016,4.79
swe,sex_f,age_10yrbands_y55_64,edu_aggregate_adv,2017,5.303
swe,sex_f,age_10yrbands_y55_64,edu_aggregate_adv,2018,4.131
swe,sex_f,age_10yrbands_y55_64,edu_aggregate_adv,2019,4.714
swe,sex_f,age_10yrbands_y55_64,edu_aggregate_adv,2020,6.802
swe,sex_f,age_10yrbands_y55_64,edu_aggregate_adv,2021,5.497
swe,sex_f,age_10yrbands_y55_64,edu_aggregate_adv,2022,6.792
swe,sex_f,age_10yrbands_y55_64,edu_aggregate_adv,2023,7.291
swe,sex_f,age_10yrbands_y55_64,edu_aggregate_bas,1995,11.176
swe,sex_f,age_10yrbands_y55_64,edu_aggregate_bas,1996,10.783
swe,sex_f,age_10yrbands_y55_64,edu_aggregate_bas,1997,12.082
swe,sex_f,age_10yrbands_y55_64,edu_aggregate_bas,1998,6.973
swe,sex_f,age_10yrbands_y55_64,edu_aggregate_bas,1999,6.655
swe,sex_f,age_10yrbands_y55_64,edu_aggregate_bas,2000,5.835
swe,sex_f,age_10yrbands_y55_64,edu_aggregate_bas,2001,5.057
swe,sex_f,age_10yrbands_y55_64,edu_aggregate_bas,2002,5.688
swe,sex_f,age_10yrbands_y55_64,edu_aggregate_bas,2003,4.861
swe,sex_f,age_10yrbands_y55_64,edu_aggregate_bas,2004,3.4
swe,sex_f,age_10yrbands_y55_64,edu_aggregate_bas,2005,4.182
swe,sex_f,age_10yrbands_y55_64,edu_aggregate_bas,2006,5.546
swe,sex_f,age_10yrbands_y55_64,edu_aggregate_bas,2007,4.732
swe,sex_f,age_10yrbands_y55_64,edu_aggregate_bas,2008,4.322
swe,sex_f,age_10yrbands_y55_64,edu_aggregate_bas,2009,6.763
swe,sex_f,age_10yrbands_y55_64,edu_aggregate_bas,2010,7.926
swe,sex_f,age_10yrbands_y55_64,edu_aggregate_bas,2011,7.352
swe,sex_f,age_10yrbands_y55_64,edu_aggregate_bas,2012,7.142
swe,sex_f,age_10yrbands_y55_64,edu_aggregate_bas,2013,6.227
swe,sex_f,age_10yrbands_y55_64,edu_aggregate_bas,2014,6.178
swe,sex_f,age_10yrbands_y55_64,edu_aggregate_bas,2015,6.526
swe,sex_f,age_10yrbands_y55_64,edu_aggregate_bas,2016,5.704
swe,sex_f,age_10yrbands_y55_64,edu_aggregate_bas,2017,6.568
swe,sex_f,age_10yrbands_y55_64,edu_aggregate_bas,2018,4.533
swe,sex_f,age_10yrbands_y55_64,edu_aggregate_bas,2019,5.255
swe,sex_f,age_10yrbands_y55_64,edu_aggregate_bas,2020,7.67
swe,sex_f,age_10yrbands_y55_64,edu_aggregate_bas,2021,11.542
swe,sex_f,age_10yrbands_y55_64,edu_aggregate_bas,2022,8.37
swe,sex_f,age_10yrbands_y55_64,edu_aggregate_bas,2023,7.329
swe,sex_f,age_10yrbands_y55_64,edu_aggregate_int,1995,9.47
swe,sex_f,age_10yrbands_y55_64,edu_aggregate_int,1996,8.67
swe,sex_f,age_10yrbands_y55_64,edu_aggregate_int,1997,9.54
swe,sex_f,age_10yrbands_y55_64,edu_aggregate_int,1998,6.549
swe,sex_f,age_10yrbands_y55_64,edu_aggregate_int,1999,9.741
swe,sex_f,age_10yrbands_y55_64,edu_aggregate_int,2000,6.487
swe,sex_f,age_10yrbands_y55_64,edu_aggregate_int,2001,6.555
swe,sex_f,age_10yrbands_y55_64,edu_aggregate_int,2002,7.385
swe,sex_f,age_10yrbands_y55_64,edu_aggregate_int,2003,6.944
swe,sex_f,age_10yrbands_y55_64,edu_aggregate_int,2004,9.826
swe,sex_f,age_10yrbands_y55_64,edu_aggregate_int,2005,7.361
swe,sex_f,age_10yrbands_y55_64,edu_aggregate_int,2006,7.497
swe,sex_f,age_10yrbands_y55_64,edu_aggregate_int,2007,7.674
swe,sex_f,age_10yrbands_y55_64,edu_aggregate_int,2008,6.092
swe,sex_f,age_10yrbands_y55_64,edu_aggregate_int,2009,8.065
swe,sex_f,age_10yrbands_y55_64,edu_aggregate_int,2010,7.988
swe,sex_f,age_10yrbands_y55_64,edu_aggregate_int,2011,8.025
swe,sex_f,age_10yrbands_y55_64,edu_aggregate_int,2012,8.202
swe,sex_f,age_10yrbands_y55_64,edu_aggregate_int,2013,7.689
swe,sex_f,age_10yrbands_y55_64,edu_aggregate_int,2014,8.699
swe,sex_f,age_10yrbands_y55_64,edu_aggregate_int,2015,9.196
swe,sex_f,age_10yrbands_y55_64,edu_aggregate_int,2016,8.471
swe,sex_f,age_10yrbands_y55_64,edu_aggregate_int,2017,7.62
swe,sex_f,age_10yrbands_y55_64,edu_aggregate_int,2018,8.298
swe,sex_f,age_10yrbands_y55_64,edu_aggregate_int,2019,9.273
swe,sex_f,age_10yrbands_y55_64,edu_aggregate_int,2020,9.174
swe,sex_f,age_10yrbands_y55_64,edu_aggregate_int,2021,11.117
swe,sex_f,age_10yrbands_y55_64,edu_aggregate_int,2022,9.695
swe,sex_f,age_10yrbands_y55_64,edu_aggregate_int,2023,10.088
swe,sex_f,age_10yrbands_y55_64,edu_aggregate_total,1995,21.738
swe,sex_f,age_10yrbands_y55_64,edu_aggregate_total,1996,21.804
swe,sex_f,age_10yrbands_y55_64,edu_aggregate_total,1997,23.715
swe,sex_f,age_10yrbands_y55_64,edu_aggregate_total,1998,15.858
swe,sex_f,age_10yrbands_y55_64,edu_aggregate_total,1999,19.035
swe,sex_f,age_10yrbands_y55_64,edu_aggregate_total,2000,14.617
swe,sex_f,age_10yrbands_y55_64,edu_aggregate_total,2001,13.622
swe,sex_f,age_10yrbands_y55_64,edu_aggregate_total,2002,14.563
swe,sex_f,age_10yrbands_y55_64,edu_aggregate_total,2003,13.826
swe,sex_f,age_10yrbands_y55_64,edu_aggregate_total,2004,16.454
swe,sex_f,age_10yrbands_y55_64,edu_aggregate_total,2005,13.678
swe,sex_f,age_10yrbands_y55_64,edu_aggregate_total,2006,16.062
swe,sex_f,age_10yrbands_y55_64,edu_aggregate_total,2007,14.875
swe,sex_f,age_10yrbands_y55_64,edu_aggregate_total,2008,14.363
swe,sex_f,age_10yrbands_y55_64,edu_aggregate_total,2009,19.36
swe,sex_f,age_10yrbands_y55_64,edu_aggregate_total,2010,20.196
swe,sex_f,age_10yrbands_y55_64,edu_aggregate_total,2011,18.994
swe,sex_f,age_10yrbands_y55_64,edu_aggregate_total,2012,19.562
swe,sex_f,age_10yrbands_y55_64,edu_aggregate_total,2013,17.832
swe,sex_f,age_10yrbands_y55_64,edu_aggregate_total,2014,19.455
swe,sex_f,age_10yrbands_y55_64,edu_aggregate_total,2015,19.599
swe,sex_f,age_10yrbands_y55_64,edu_aggregate_total,2016,19.135
swe,sex_f,age_10yrbands_y55_64,edu_aggregate_total,2017,19.491
swe,sex_f,age_10yrbands_y55_64,edu_aggregate_total,2018,17.036
swe,sex_f,age_10yrbands_y55_64,edu_aggregate_total,2019,19.379
swe,sex_f,age_10yrbands_y55_64,edu_aggregate_total,2020,24.025
swe,sex_f,age_10yrbands_y55_64,edu_aggregate_total,2021,28.277
swe,sex_f,age_10yrbands_y55_64,edu_aggregate_total,2022,24.857
swe,sex_f,age_10yrbands_y55_64,edu_aggregate_total,2023,24.798
swe,sex_f,age_10yrbands_y55_64,edu_aggregate_x,2010,0.174
swe,sex_f,age_10yrbands_y55_64,edu_aggregate_x,2011,0.167
swe,sex_f,age_10yrbands_y55_64,edu_aggregate_x,2016,0.171
swe,sex_f,age_10yrbands_y55_64,edu_aggregate_x,2020,0.38
swe,sex_f,age_10yrbands_y55_64,edu_isced11_1,2006,2.089
swe,sex_f,age_10yrbands_y55_64,edu_isced11_1,2007,1.947
swe,sex_f,age_10yrbands_y55_64,edu_isced11_1,2008,1.778
swe,sex_f,age_10yrbands_y55_64,edu_isced11_1,2009,2.915
swe,sex_f,age_10yrbands_y55_64,edu_isced11_1,2010,2.248
swe,sex_f,age_10yrbands_y55_64,edu_isced11_1,2011,2.106
swe,sex_f,age_10yrbands_y55_64,edu_isced11_1,2012,1.874
swe,sex_f,age_10yrbands_y55_64,edu_isced11_1,2013,1.591
swe,sex_f,age_10yrbands_y55_64,edu_isced11_1,2014,1.316
swe,sex_f,age_10yrbands_y55_64,edu_isced11_1,2015,1.532
swe,sex_f,age_10yrbands_y55_64,edu_isced11_1,2016,1.575
swe,sex_f,age_10yrbands_y55_64,edu_isced11_1,2017,1.83
swe,sex_f,age_10yrbands_y55_64,edu_isced11_1,2018,1.009
swe,sex_f,age_10yrbands_y55_64,edu_isced11_1,2019,0.961
swe,sex_f,age_10yrbands_y55_64,edu_isced11_1,2020,1.615
swe,sex_f,age_10yrbands_y55_64,edu_isced11_1,2021,5.347
swe,sex_f,age_10yrbands_y55_64,edu_isced11_1,2022,4.229
swe,sex_f,age_10yrbands_y55_64,edu_isced11_1,2023,2.977
swe,sex_f,age_10yrbands_y55_64,edu_isced11_2,2006,3.456
swe,sex_f,age_10yrbands_y55_64,edu_isced11_2,2007,2.784
swe,sex_f,age_10yrbands_y55_64,edu_isced11_2,2008,2.545
swe,sex_f,age_10yrbands_y55_64,edu_isced11_2,2009,3.848
swe,sex_f,age_10yrbands_y55_64,edu_isced11_2,2010,5.678
swe,sex_f,age_10yrbands_y55_64,edu_isced11_2,2011,5.246
swe,sex_f,age_10yrbands_y55_64,edu_isced11_2,2012,5.268
swe,sex_f,age_10yrbands_y55_64,edu_isced11_2,2013,4.637
swe,sex_f,age_10yrbands_y55_64,edu_isced11_2,2014,4.863
swe,sex_f,age_10yrbands_y55_64,edu_isced11_2,2015,4.994
swe,sex_f,age_10yrbands_y55_64,edu_isced11_2,2016,4.129
swe,sex_f,age_10yrbands_y55_64,edu_isced11_2,2017,4.738
swe,sex_f,age_10yrbands_y55_64,edu_isced11_2,2018,3.525
swe,sex_f,age_10yrbands_y55_64,edu_isced11_2,2019,4.294
swe,sex_f,age_10yrbands_y55_64,edu_isced11_2,2020,6.055
swe,sex_f,age_10yrbands_y55_64,edu_isced11_2,2021,6.196
swe,sex_f,age_10yrbands_y55_64,edu_isced11_2,2022,4.141
swe,sex_f,age_10yrbands_y55_64,edu_isced11_2,2023,4.352
swe,sex_f,age_10yrbands_y55_64,edu_isced11_3,2006,6.636
swe,sex_f,age_10yrbands_y55_64,edu_isced11_3,2007,6.967
swe,sex_f,age_10yrbands_y55_64,edu_isced11_3,2008,5.596
swe,sex_f,age_10yrbands_y55_64,edu_isced11_3,2009,7.296
swe,sex_f,age_10yrbands_y55_64,edu_isced11_3,2010,7.127
swe,sex_f,age_10yrbands_y55_64,edu_isced11_3,2011,7.095
swe,sex_f,age_10yrbands_y55_64,edu_isced11_3,2012,7.395
swe,sex_f,age_10yrbands_y55_64,edu_isced11_3,2013,6.992
swe,sex_f,age_10yrbands_y55_64,edu_isced11_3,2014,7.524
swe,sex_f,age_10yrbands_y55_64,edu_isced11_3,2015,7.54
swe,sex_f,age_10yrbands_y55_64,edu_isced11_3,2016,7.364
swe,sex_f,age_10yrbands_y55_64,edu_isced11_3,2017,6.888
swe,sex_f,age_10yrbands_y55_64,edu_isced11_3,2018,6.827
swe,sex_f,age_10yrbands_y55_64,edu_isced11_3,2019,7.774
swe,sex_f,age_10yrbands_y55_64,edu_isced11_3,2020,7.241
swe,sex_f,age_10yrbands_y55_64,edu_isced11_3,2021,9.592
swe,sex_f,age_10yrbands_y55_64,edu_isced11_3,2022,8.309
swe,sex_f,age_10yrbands_y55_64,edu_isced11_3,2023,8.176
swe,sex_f,age_10yrbands_y55_64,edu_isced11_4,2006,0.861
swe,sex_f,age_10yrbands_y55_64,edu_isced11_4,2007,0.707
swe,sex_f,age_10yrbands_y55_64,edu_isced11_4,2008,0.496
swe,sex_f,age_10yrbands_y55_64,edu_isced11_4,2009,0.769
swe,sex_f,age_10yrbands_y55_64,edu_isced11_4,2010,0.861
swe,sex_f,age_10yrbands_y55_64,edu_isced11_4,2011,0.93
swe,sex_f,age_10yrbands_y55_64,edu_isced11_4,2012,0.807
swe,sex_f,age_10yrbands_y55_64,edu_isced11_4,2013,0.696
swe,sex_f,age_10yrbands_y55_64,edu_isced11_4,2014,1.176
swe,sex_f,age_10yrbands_y55_64,edu_isced11_4,2015,1.656
swe,sex_f,age_10yrbands_y55_64,edu_isced11_4,2016,1.107
swe,sex_f,age_10yrbands_y55_64,edu_isced11_4,2017,0.732
swe,sex_f,age_10yrbands_y55_64,edu_isced11_4,2018,1.471
swe,sex_f,age_10yrbands_y55_64,edu_isced11_4,2019,1.499
swe,sex_f,age_10yrbands_y55_64,edu_isced11_4,2020,1.933
swe,sex_f,age_10yrbands_y55_64,edu_isced11_4,2021,1.525
swe,sex_f,age_10yrbands_y55_64,edu_isced11_4,2022,1.386
swe,sex_f,age_10yrbands_y55_64,edu_isced11_4,2023,1.913
swe,sex_f,age_10yrbands_y55_64,edu_isced11_5,2006,2.931
swe,sex_f,age_10yrbands_y55_64,edu_isced11_5,2007,2.383
swe,sex_f,age_10yrbands_y55_64,edu_isced11_5,2008,3.84
swe,sex_f,age_10yrbands_y55_64,edu_isced11_5,2009,4.452
swe,sex_f,age_10yrbands_y55_64,edu_isced11_5,2010,4.108
swe,sex_f,age_10yrbands_y55_64,edu_isced11_5,2011,3.45
swe,sex_f,age_10yrbands_y55_64,edu_isced11_5,2012,4.134
swe,sex_f,age_10yrbands_y55_64,edu_isced11_5,2013,3.813
swe,sex_f,age_10yrbands_y55_64,edu_isced11_5,2014,1.569
swe,sex_f,age_10yrbands_y55_64,edu_isced11_5,2015,1.462
swe,sex_f,age_10yrbands_y55_64,edu_isced11_5,2016,1.87
swe,sex_f,age_10yrbands_y55_64,edu_isced11_5,2017,2.26
swe,sex_f,age_10yrbands_y55_64,edu_isced11_5,2018,1.934
swe,sex_f,age_10yrbands_y55_64,edu_isced11_5,2019,1.319
swe,sex_f,age_10yrbands_y55_64,edu_isced11_5,2020,2.3
swe,sex_f,age_10yrbands_y55_64,edu_isced11_5,2021,2.412
swe,sex_f,age_10yrbands_y55_64,edu_isced11_5,2022,2.511
swe,sex_f,age_10yrbands_y55_64,edu_isced11_5,2023,4.255
swe,sex_f,age_10yrbands_y55_64,edu_isced11_6,2014,1.854
swe,sex_f,age_10yrbands_y55_64,edu_isced11_6,2015,1.612
swe,sex_f,age_10yrbands_y55_64,edu_isced11_6,2016,1.768
swe,sex_f,age_10yrbands_y55_64,edu_isced11_6,2017,1.978
swe,sex_f,age_10yrbands_y55_64,edu_isced11_6,2018,0.923
swe,sex_f,age_10yrbands_y55_64,edu_isced11_6,2019,1.23
swe,sex_f,age_10yrbands_y55_64,edu_isced11_6,2020,2.282
swe,sex_f,age_10yrbands_y55_64,edu_isced11_6,2021,1.06
swe,sex_f,age_10yrbands_y55_64,edu_isced11_6,2022,2.846
swe,sex_f,age_10yrbands_y55_64,edu_isced11_6,2023,1.938
swe,sex_f,age_10yrbands_y55_64,edu_isced11_7,2014,1.033
swe,sex_f,age_10yrbands_y55_64,edu_isced11_7,2015,0.71
swe,sex_f,age_10yrbands_y55_64,edu_isced11_7,2016,1.008
swe,sex_f,age_10yrbands_y55_64,edu_isced11_7,2017,0.953
swe,sex_f,age_10yrbands_y55_64,edu_isced11_7,2018,1.274
swe,sex_f,age_10yrbands_y55_64,edu_isced11_7,2019,2.036
swe,sex_f,age_10yrbands_y55_64,edu_isced11_7,2020,1.855
swe,sex_f,age_10yrbands_y55_64,edu_isced11_7,2021,1.768
swe,sex_f,age_10yrbands_y55_64,edu_isced11_7,2022,1.195
swe,sex_f,age_10yrbands_y55_64,edu_isced11_7,2023,1.098
swe,sex_f,age_10yrbands_y55_64,edu_isced11_8,2014,0.121
swe,sex_f,age_10yrbands_y55_64,edu_isced11_8,2015,0.094
swe,sex_f,age_10yrbands_y55_64,edu_isced11_8,2016,0.143
swe,sex_f,age_10yrbands_y55_64,edu_isced11_8,2017,0.113
swe,sex_f,age_10yrbands_y55_64,edu_isced11_8,2018,0
swe,sex_f,age_10yrbands_y55_64,edu_isced11_8,2020,0.364
swe,sex_f,age_10yrbands_y55_64,edu_isced11_9,2010,0.174
swe,sex_f,age_10yrbands_y55_64,edu_isced11_9,2011,0.167
swe,sex_f,age_10yrbands_y55_64,edu_isced11_9,2016,0.171
swe,sex_f,age_10yrbands_y55_64,edu_isced11_9,2020,0.38
swe,sex_f,age_10yrbands_y55_64,edu_isced11_total,2006,16.062
swe,sex_f,age_10yrbands_y55_64,edu_isced11_total,2007,14.875
swe,sex_f,age_10yrbands_y55_64,edu_isced11_total,2008,14.363
swe,sex_f,age_10yrbands_y55_64,edu_isced11_total,2009,19.36
swe,sex_f,age_10yrbands_y55_64,edu_isced11_total,2010,20.196
swe,sex_f,age_10yrbands_y55_64,edu_isced11_total,2011,18.994
swe,sex_f,age_10yrbands_y55_64,edu_isced11_total,2012,19.562
swe,sex_f,age_10yrbands_y55_64,edu_isced11_total,2013,17.832
swe,sex_f,age_10yrbands_y55_64,edu_isced11_total,2014,19.455
swe,sex_f,age_10yrbands_y55_64,edu_isced11_total,2015,19.599
swe,sex_f,age_10yrbands_y55_64,edu_isced11_total,2016,19.135
swe,sex_f,age_10yrbands_y55_64,edu_isced11_total,2017,19.491
swe,sex_f,age_10yrbands_y55_64,edu_isced11_total,2018,17.036
swe,sex_f,age_10yrbands_y55_64,edu_isced11_total,2019,19.379
swe,sex_f,age_10yrbands_y55_64,edu_isced11_total,2020,24.025
swe,sex_f,age_10yrbands_y55_64,edu_isced11_total,2021,28.277
swe,sex_f,age_10yrbands_y55_64,edu_isced11_total,2022,24.857
swe,sex_f,age_10yrbands_y55_64,edu_isced11_total,2023,24.798
swe,sex_f,age_10yrbands_yge65,edu_aggregate_adv,2006,0.178
swe,sex_f,age_10yrbands_yge65,edu_aggregate_adv,2007,0.423
swe,sex_f,age_10yrbands_yge65,edu_aggregate_adv,2008,0.18
swe,sex_f,age_10yrbands_yge65,edu_aggregate_adv,2009,0.56
swe,sex_f,age_10yrbands_yge65,edu_aggregate_adv,2010,0.502
swe,sex_f,age_10yrbands_yge65,edu_aggregate_adv,2011,0.524
swe,sex_f,age_10yrbands_yge65,edu_aggregate_adv,2012,0.734
swe,sex_f,age_10yrbands_yge65,edu_aggregate_adv,2013,0.891
swe,sex_f,age_10yrbands_yge65,edu_aggregate_adv,2014,0.845
swe,sex_f,age_10yrbands_yge65,edu_aggregate_adv,2015,0.678
swe,sex_f,age_10yrbands_yge65,edu_aggregate_adv,2016,0.946
swe,sex_f,age_10yrbands_yge65,edu_aggregate_adv,2017,1.361
swe,sex_f,age_10yrbands_yge65,edu_aggregate_adv,2018,1.219
swe,sex_f,age_10yrbands_yge65,edu_aggregate_adv,2019,1.139
swe,sex_f,age_10yrbands_yge65,edu_aggregate_adv,2020,0.718
swe,sex_f,age_10yrbands_yge65,edu_aggregate_adv,2021,1.29
swe,sex_f,age_10yrbands_yge65,edu_aggregate_adv,2022,2.417
swe,sex_f,age_10yrbands_yge65,edu_aggregate_adv,2023,2.424
swe,sex_f,age_10yrbands_yge65,edu_aggregate_bas,2010,0.232
swe,sex_f,age_10yrbands_yge65,edu_aggregate_bas,2011,0.226
swe,sex_f,age_10yrbands_yge65,edu_aggregate_bas,2012,0.7
swe,sex_f,age_10yrbands_yge65,edu_aggregate_bas,2013,0.334
swe,sex_f,age_10yrbands_yge65,edu_aggregate_bas,2014,0.892
swe,sex_f,age_10yrbands_yge65,edu_aggregate_bas,2015,0.492
swe,sex_f,age_10yrbands_yge65,edu_aggregate_bas,2016,0.33
swe,sex_f,age_10yrbands_yge65,edu_aggregate_bas,2017,0.72
swe,sex_f,age_10yrbands_yge65,edu_aggregate_bas,2018,0.438
swe,sex_f,age_10yrbands_yge65,edu_aggregate_bas,2021,1.043
swe,sex_f,age_10yrbands_yge65,edu_aggregate_bas,2023,0.624
swe,sex_f,age_10yrbands_yge65,edu_aggregate_int,2007,0.387
swe,sex_f,age_10yrbands_yge65,edu_aggregate_int,2008,0.616
swe,sex_f,age_10yrbands_yge65,edu_aggregate_int,2009,0.448
swe,sex_f,age_10yrbands_yge65,edu_aggregate_int,2010,0.426
swe,sex_f,age_10yrbands_yge65,edu_aggregate_int,2011,0.422
swe,sex_f,age_10yrbands_yge65,edu_aggregate_int,2012,0.823
swe,sex_f,age_10yrbands_yge65,edu_aggregate_int,2013,0.29
swe,sex_f,age_10yrbands_yge65,edu_aggregate_int,2014,0.812
swe,sex_f,age_10yrbands_yge65,edu_aggregate_int,2015,0.646
swe,sex_f,age_10yrbands_yge65,edu_aggregate_int,2016,0.697
swe,sex_f,age_10yrbands_yge65,edu_aggregate_int,2017,0.585
swe,sex_f,age_10yrbands_yge65,edu_aggregate_int,2018,0.866
swe,sex_f,age_10yrbands_yge65,edu_aggregate_int,2019,0.544
swe,sex_f,age_10yrbands_yge65,edu_aggregate_int,2020,0.898
swe,sex_f,age_10yrbands_yge65,edu_aggregate_int,2021,1.348
swe,sex_f,age_10yrbands_yge65,edu_aggregate_int,2022,0.519
swe,sex_f,age_10yrbands_yge65,edu_aggregate_int,2023,1.755
swe,sex_f,age_10yrbands_yge65,edu_aggregate_total,2006,0.886
swe,sex_f,age_10yrbands_yge65,edu_aggregate_total,2007,0.881
swe,sex_f,age_10yrbands_yge65,edu_aggregate_total,2008,0.91
swe,sex_f,age_10yrbands_yge65,edu_aggregate_total,2009,1.333
swe,sex_f,age_10yrbands_yge65,edu_aggregate_total,2010,1.181
swe,sex_f,age_10yrbands_yge65,edu_aggregate_total,2011,1.172
swe,sex_f,age_10yrbands_yge65,edu_aggregate_total,2012,2.337
swe,sex_f,age_10yrbands_yge65,edu_aggregate_total,2013,1.606
swe,sex_f,age_10yrbands_yge65,edu_aggregate_total,2014,2.55
swe,sex_f,age_10yrbands_yge65,edu_aggregate_total,2015,1.912
swe,sex_f,age_10yrbands_yge65,edu_aggregate_total,2016,1.973
swe,sex_f,age_10yrbands_yge65,edu_aggregate_total,2017,2.665
swe,sex_f,age_10yrbands_yge65,edu_aggregate_total,2018,2.523
swe,sex_f,age_10yrbands_yge65,edu_aggregate_total,2019,2.073
swe,sex_f,age_10yrbands_yge65,edu_aggregate_total,2020,1.818
swe,sex_f,age_10yrbands_yge65,edu_aggregate_total,2021,3.681
swe,sex_f,age_10yrbands_yge65,edu_aggregate_total,2022,3.2
swe,sex_f,age_10yrbands_yge65,edu_aggregate_total,2023,4.802
swe,sex_f,age_10yrbands_yge65,edu_isced11_1,2014,0.299
swe,sex_f,age_10yrbands_yge65,edu_isced11_1,2015,0.239
swe,sex_f,age_10yrbands_yge65,edu_isced11_2,2010,0.186
swe,sex_f,age_10yrbands_yge65,edu_isced11_2,2011,0.16
swe,sex_f,age_10yrbands_yge65,edu_isced11_2,2012,0.599
swe,sex_f,age_10yrbands_yge65,edu_isced11_2,2013,0.334
swe,sex_f,age_10yrbands_yge65,edu_isced11_2,2014,0.593
swe,sex_f,age_10yrbands_yge65,edu_isced11_2,2015,0.253
swe,sex_f,age_10yrbands_yge65,edu_isced11_2,2016,0.285
swe,sex_f,age_10yrbands_yge65,edu_isced11_2,2017,0.72
swe,sex_f,age_10yrbands_yge65,edu_isced11_2,2018,0.438
swe,sex_f,age_10yrbands_yge65,edu_isced11_2,2021,1.043
swe,sex_f,age_10yrbands_yge65,edu_isced11_2,2023,0.624
swe,sex_f,age_10yrbands_yge65,edu_isced11_3,2007,0.387
swe,sex_f,age_10yrbands_yge65,edu_isced11_3,2008,0.616
swe,sex_f,age_10yrbands_yge65,edu_isced11_3,2009,0.333
swe,sex_f,age_10yrbands_yge65,edu_isced11_3,2010,0.361
swe,sex_f,age_10yrbands_yge65,edu_isced11_3,2011,0.384
swe,sex_f,age_10yrbands_yge65,edu_isced11_3,2012,0.757
swe,sex_f,age_10yrbands_yge65,edu_isced11_3,2013,0.256
swe,sex_f,age_10yrbands_yge65,edu_isced11_3,2014,0.771
swe,sex_f,age_10yrbands_yge65,edu_isced11_3,2015,0.604
swe,sex_f,age_10yrbands_yge65,edu_isced11_3,2016,0.615
swe,sex_f,age_10yrbands_yge65,edu_isced11_3,2017,0.585
swe,sex_f,age_10yrbands_yge65,edu_isced11_3,2018,0.866
swe,sex_f,age_10yrbands_yge65,edu_isced11_3,2019,0.517
swe,sex_f,age_10yrbands_yge65,edu_isced11_3,2020,0.773
swe,sex_f,age_10yrbands_yge65,edu_isced11_3,2021,1.291
swe,sex_f,age_10yrbands_yge65,edu_isced11_3,2022,0.519
swe,sex_f,age_10yrbands_yge65,edu_isced11_3,2023,1.659
swe,sex_f,age_10yrbands_yge65,edu_isced11_5,2006,0.178
swe,sex_f,age_10yrbands_yge65,edu_isced11_5,2007,0.423
swe,sex_f,age_10yrbands_yge65,edu_isced11_5,2008,0.18
swe,sex_f,age_10yrbands_yge65,edu_isced11_5,2009,0.56
swe,sex_f,age_10yrbands_yge65,edu_isced11_5,2010,0.502
swe,sex_f,age_10yrbands_yge65,edu_isced11_5,2011,0.524
swe,sex_f,age_10yrbands_yge65,edu_isced11_5,2012,0.734
swe,sex_f,age_10yrbands_yge65,edu_isced11_5,2013,0.891
swe,sex_f,age_10yrbands_yge65,edu_isced11_5,2014,0.256
swe,sex_f,age_10yrbands_yge65,edu_isced11_5,2015,0.315
swe,sex_f,age_10yrbands_yge65,edu_isced11_5,2019,0.351
swe,sex_f,age_10yrbands_yge65,edu_isced11_5,2022,1.319
swe,sex_f,age_10yrbands_yge65,edu_isced11_5,2023,0.922
swe,sex_f,age_10yrbands_yge65,edu_isced11_6,2016,0.486
swe,sex_f,age_10yrbands_yge65,edu_isced11_6,2017,0.948
swe,sex_f,age_10yrbands_yge65,edu_isced11_6,2018,0.548
swe,sex_f,age_10yrbands_yge65,edu_isced11_6,2023,0.827
swe,sex_f,age_10yrbands_yge65,edu_isced11_7,2014,0.256
swe,sex_f,age_10yrbands_yge65,edu_isced11_7,2016,0.284
swe,sex_f,age_10yrbands_yge65,edu_isced11_7,2018,0.518
swe,sex_f,age_10yrbands_yge65,edu_isced11_7,2022,0.815
swe,sex_f,age_10yrbands_yge65,edu_isced11_7,2023,0.583
swe,sex_f,age_10yrbands_yge65,edu_isced11_total,2006,0.886
swe,sex_f,age_10yrbands_yge65,edu_isced11_total,2007,0.881
swe,sex_f,age_10yrbands_yge65,edu_isced11_total,2008,0.91
swe,sex_f,age_10yrbands_yge65,edu_isced11_total,2009,1.333
swe,sex_f,age_10yrbands_yge65,edu_isced11_total,2010,1.181
swe,sex_f,age_10yrbands_yge65,edu_isced11_total,2011,1.172
swe,sex_f,age_10yrbands_yge65,edu_isced11_total,2012,2.337
swe,sex_f,age_10yrbands_yge65,edu_isced11_total,2013,1.606
swe,sex_f,age_10yrbands_yge65,edu_isced11_total,2014,2.55
swe,sex_f,age_10yrbands_yge65,edu_isced11_total,2015,1.912
swe,sex_f,age_10yrbands_yge65,edu_isced11_total,2016,1.973
swe,sex_f,age_10yrbands_yge65,edu_isced11_total,2017,2.665
swe,sex_f,age_10yrbands_yge65,edu_isced11_total,2018,2.523
swe,sex_f,age_10yrbands_yge65,edu_isced11_total,2019,2.073
swe,sex_f,age_10yrbands_yge65,edu_isced11_total,2020,1.818
swe,sex_f,age_10yrbands_yge65,edu_isced11_total,2021,3.681
swe,sex_f,age_10yrbands_yge65,edu_isced11_total,2022,3.2
swe,sex_f,age_10yrbands_yge65,edu_isced11_total,2023,4.802
swe,sex_f,age_aggregate_total,edu_aggregate_adv,1987,4
swe,sex_f,age_aggregate_total,edu_aggregate_adv,1988,4
swe,sex_f,age_aggregate_total,edu_aggregate_adv,1989,4
swe,sex_f,age_aggregate_total,edu_aggregate_adv,1990,4
swe,sex_f,age_aggregate_total,edu_aggregate_adv,1991,7
swe,sex_f,age_aggregate_total,edu_aggregate_adv,1992,12
swe,sex_f,age_aggregate_total,edu_aggregate_adv,1993,19
swe,sex_f,age_aggregate_total,edu_aggregate_adv,1994,20
swe,sex_f,age_aggregate_total,edu_aggregate_adv,1995,21.496
swe,sex_f,age_aggregate_total,edu_aggregate_adv,1996,21.555
swe,sex_f,age_aggregate_total,edu_aggregate_adv,1997,21.863
swe,sex_f,age_aggregate_total,edu_aggregate_adv,1998,23.15
swe,sex_f,age_aggregate_total,edu_aggregate_adv,1999,18.751
swe,sex_f,age_aggregate_total,edu_aggregate_adv,2000,15.346
swe,sex_f,age_aggregate_total,edu_aggregate_adv,2001,13.223
swe,sex_f,age_aggregate_total,edu_aggregate_adv,2002,13.735
swe,sex_f,age_aggregate_total,edu_aggregate_adv,2003,16.99
swe,sex_f,age_aggregate_total,edu_aggregate_adv,2004,23.786
swe,sex_f,age_aggregate_total,edu_aggregate_adv,2005,34.038
swe,sex_f,age_aggregate_total,edu_aggregate_adv,2006,32.119
swe,sex_f,age_aggregate_total,edu_aggregate_adv,2007,26.719
swe,sex_f,age_aggregate_total,edu_aggregate_adv,2008,27.452
swe,sex_f,age_aggregate_total,edu_aggregate_adv,2009,34.633
swe,sex_f,age_aggregate_total,edu_aggregate_adv,2010,38.42
swe,sex_f,age_aggregate_total,edu_aggregate_adv,2011,35.437
swe,sex_f,age_aggregate_total,edu_aggregate_adv,2012,37.125
swe,sex_f,age_aggregate_total,edu_aggregate_adv,2013,41.271
swe,sex_f,age_aggregate_total,edu_aggregate_adv,2014,42.938
swe,sex_f,age_aggregate_total,edu_aggregate_adv,2015,43.164
swe,sex_f,age_aggregate_total,edu_aggregate_adv,2016,41.228
swe,sex_f,age_aggregate_total,edu_aggregate_adv,2017,42.727
swe,sex_f,age_aggregate_total,edu_aggregate_adv,2018,40.013
swe,sex_f,age_aggregate_total,edu_aggregate_adv,2019,44.168
swe,sex_f,age_aggregate_total,edu_aggregate_adv,2020,58.695
swe,sex_f,age_aggregate_total,edu_aggregate_adv,2021,57.479
swe,sex_f,age_aggregate_total,edu_aggregate_adv,2022,49.749
swe,sex_f,age_aggregate_total,edu_aggregate_adv,2023,58.865
swe,sex_f,age_aggregate_total,edu_aggregate_bas,1987,19
swe,sex_f,age_aggregate_total,edu_aggregate_bas,1988,15
swe,sex_f,age_aggregate_total,edu_aggregate_bas,1989,13
swe,sex_f,age_aggregate_total,edu_aggregate_bas,1990,15
swe,sex_f,age_aggregate_total,edu_aggregate_bas,1991,21
swe,sex_f,age_aggregate_total,edu_aggregate_bas,1992,29
swe,sex_f,age_aggregate_total,edu_aggregate_bas,1993,42
swe,sex_f,age_aggregate_total,edu_aggregate_bas,1994,43
swe,sex_f,age_aggregate_total,edu_aggregate_bas,1995,47.951
swe,sex_f,age_aggregate_total,edu_aggregate_bas,1996,49.221
swe,sex_f,age_aggregate_total,edu_aggregate_bas,1997,61.672
swe,sex_f,age_aggregate_total,edu_aggregate_bas,1998,46.048
swe,sex_f,age_aggregate_total,edu_aggregate_bas,1999,45.847
swe,sex_f,age_aggregate_total,edu_aggregate_bas,2000,31.828
swe,sex_f,age_aggregate_total,edu_aggregate_bas,2001,27.982
swe,sex_f,age_aggregate_total,edu_aggregate_bas,2002,30.07
swe,sex_f,age_aggregate_total,edu_aggregate_bas,2003,31.091
swe,sex_f,age_aggregate_total,edu_aggregate_bas,2004,32.75
swe,sex_f,age_aggregate_total,edu_aggregate_bas,2005,49.574
swe,sex_f,age_aggregate_total,edu_aggregate_bas,2006,57.455
swe,sex_f,age_aggregate_total,edu_aggregate_bas,2007,55.731
swe,sex_f,age_aggregate_total,edu_aggregate_bas,2008,60.222
swe,sex_f,age_aggregate_total,edu_aggregate_bas,2009,65.446
swe,sex_f,age_aggregate_total,edu_aggregate_bas,2010,69.883
swe,sex_f,age_aggregate_total,edu_aggregate_bas,2011,67.452
swe,sex_f,age_aggregate_total,edu_aggregate_bas,2012,68.359
swe,sex_f,age_aggregate_total,edu_aggregate_bas,2013,71.76
swe,sex_f,age_aggregate_total,edu_aggregate_bas,2014,73.702
swe,sex_f,age_aggregate_total,edu_aggregate_bas,2015,73.759
swe,sex_f,age_aggregate_total,edu_aggregate_bas,2016,67.521
swe,sex_f,age_aggregate_total,edu_aggregate_bas,2017,70.621
swe,sex_f,age_aggregate_total,edu_aggregate_bas,2018,71.155
swe,sex_f,age_aggregate_total,edu_aggregate_bas,2019,84.047
swe,sex_f,age_aggregate_total,edu_aggregate_bas,2020,90.157
swe,sex_f,age_aggregate_total,edu_aggregate_bas,2021,111.216
swe,sex_f,age_aggregate_total,edu_aggregate_bas,2022,97.942
swe,sex_f,age_aggregate_total,edu_aggregate_bas,2023,94.15
swe,sex_f,age_aggregate_total,edu_aggregate_int,1987,22
swe,sex_f,age_aggregate_total,edu_aggregate_int,1988,18
swe,sex_f,age_aggregate_total,edu_aggregate_int,1989,16
swe,sex_f,age_aggregate_total,edu_aggregate_int,1990,16
swe,sex_f,age_aggregate_total,edu_aggregate_int,1991,28
swe,sex_f,age_aggregate_total,edu_aggregate_int,1992,47
swe,sex_f,age_aggregate_total,edu_aggregate_int,1993,76
swe,sex_f,age_aggregate_total,edu_aggregate_int,1994,76
swe,sex_f,age_aggregate_total,edu_aggregate_int,1995,97.353
swe,sex_f,age_aggregate_total,edu_aggregate_int,1996,107.855
swe,sex_f,age_aggregate_total,edu_aggregate_int,1997,114.739
swe,sex_f,age_aggregate_total,edu_aggregate_int,1998,90.108
swe,sex_f,age_aggregate_total,edu_aggregate_int,1999,75.778
swe,sex_f,age_aggregate_total,edu_aggregate_int,2000,55.277
swe,sex_f,age_aggregate_total,edu_aggregate_int,2001,47.611
swe,sex_f,age_aggregate_total,edu_aggregate_int,2002,50.648
swe,sex_f,age_aggregate_total,edu_aggregate_int,2003,55.702
swe,sex_f,age_aggregate_total,edu_aggregate_int,2004,74.15
swe,sex_f,age_aggregate_total,edu_aggregate_int,2005,80.588
swe,sex_f,age_aggregate_total,edu_aggregate_int,2006,72.41
swe,sex_f,age_aggregate_total,edu_aggregate_int,2007,63.94
swe,sex_f,age_aggregate_total,edu_aggregate_int,2008,63.62
swe,sex_f,age_aggregate_total,edu_aggregate_int,2009,83.747
swe,sex_f,age_aggregate_total,edu_aggregate_int,2010,88.448
swe,sex_f,age_aggregate_total,edu_aggregate_int,2011,79.62
swe,sex_f,age_aggregate_total,edu_aggregate_int,2012,78.275
swe,sex_f,age_aggregate_total,edu_aggregate_int,2013,77.025
swe,sex_f,age_aggregate_total,edu_aggregate_int,2014,72.133
swe,sex_f,age_aggregate_total,edu_aggregate_int,2015,63.673
swe,sex_f,age_aggregate_total,edu_aggregate_int,2016,56.129
swe,sex_f,age_aggregate_total,edu_aggregate_int,2017,50.689
swe,sex_f,age_aggregate_total,edu_aggregate_int,2018,49.236
swe,sex_f,age_aggregate_total,edu_aggregate_int,2019,51.532
swe,sex_f,age_aggregate_total,edu_aggregate_int,2020,65.695
swe,sex_f,age_aggregate_total,edu_aggregate_int,2021,67.282
swe,sex_f,age_aggregate_total,edu_aggregate_int,2022,59.351
swe,sex_f,age_aggregate_total,edu_aggregate_int,2023,58.678
swe,sex_f,age_aggregate_total,edu_aggregate_total,1987,45
swe,sex_f,age_aggregate_total,edu_aggregate_total,1988,37
swe,sex_f,age_aggregate_total,edu_aggregate_total,1989,33
swe,sex_f,age_aggregate_total,edu_aggregate_total,1990,36
swe,sex_f,age_aggregate_total,edu_aggregate_total,1991,56
swe,sex_f,age_aggregate_total,edu_aggregate_total,1992,89
swe,sex_f,age_aggregate_total,edu_aggregate_total,1993,137
swe,sex_f,age_aggregate_total,edu_aggregate_total,1994,138
swe,sex_f,age_aggregate_total,edu_aggregate_total,1995,166.799
swe,sex_f,age_aggregate_total,edu_aggregate_total,1996,180.548
swe,sex_f,age_aggregate_total,edu_aggregate_total,1997,200.46
swe,sex_f,age_aggregate_total,edu_aggregate_total,1998,162.085
swe,sex_f,age_aggregate_total,edu_aggregate_total,1999,142.091
swe,sex_f,age_aggregate_total,edu_aggregate_total,2000,103.974
swe,sex_f,age_aggregate_total,edu_aggregate_total,2001,95.319
swe,sex_f,age_aggregate_total,edu_aggregate_total,2002,100.872
swe,sex_f,age_aggregate_total,edu_aggregate_total,2003,110.215
swe,sex_f,age_aggregate_total,edu_aggregate_total,2004,135.948
swe,sex_f,age_aggregate_total,edu_aggregate_total,2005,173.058
swe,sex_f,age_aggregate_total,edu_aggregate_total,2006,164.157
swe,sex_f,age_aggregate_total,edu_aggregate_total,2007,148.657
swe,sex_f,age_aggregate_total,edu_aggregate_total,2008,152.553
swe,sex_f,age_aggregate_total,edu_aggregate_total,2009,186.395
swe,sex_f,age_aggregate_total,edu_aggregate_total,2010,198.416
swe,sex_f,age_aggregate_total,edu_aggregate_total,2011,184.123
swe,sex_f,age_aggregate_total,edu_aggregate_total,2012,185.047
swe,sex_f,age_aggregate_total,edu_aggregate_total,2013,191.558
swe,sex_f,age_aggregate_total,edu_aggregate_total,2014,189.179
swe,sex_f,age_aggregate_total,edu_aggregate_total,2015,181.394
swe,sex_f,age_aggregate_total,edu_aggregate_total,2016,165.554
swe,sex_f,age_aggregate_total,edu_aggregate_total,2017,164.715
swe,sex_f,age_aggregate_total,edu_aggregate_total,2018,161.568
swe,sex_f,age_aggregate_total,edu_aggregate_total,2019,182.277
swe,sex_f,age_aggregate_total,edu_aggregate_total,2020,215.802
swe,sex_f,age_aggregate_total,edu_aggregate_total,2021,240.676
swe,sex_f,age_aggregate_total,edu_aggregate_total,2022,211.251
swe,sex_f,age_aggregate_total,edu_aggregate_total,2023,214.934
swe,sex_f,age_aggregate_total,edu_aggregate_x,1996,1.918
swe,sex_f,age_aggregate_total,edu_aggregate_x,1997,2.185
swe,sex_f,age_aggregate_total,edu_aggregate_x,1998,2.779
swe,sex_f,age_aggregate_total,edu_aggregate_x,1999,1.715
swe,sex_f,age_aggregate_total,edu_aggregate_x,2001,6.503
swe,sex_f,age_aggregate_total,edu_aggregate_x,2002,6.419
swe,sex_f,age_aggregate_total,edu_aggregate_x,2003,6.432
swe,sex_f,age_aggregate_total,edu_aggregate_x,2004,5.262
swe,sex_f,age_aggregate_total,edu_aggregate_x,2005,8.858
swe,sex_f,age_aggregate_total,edu_aggregate_x,2006,2.173
swe,sex_f,age_aggregate_total,edu_aggregate_x,2007,2.267
swe,sex_f,age_aggregate_total,edu_aggregate_x,2008,1.258
swe,sex_f,age_aggregate_total,edu_aggregate_x,2009,2.568
swe,sex_f,age_aggregate_total,edu_aggregate_x,2010,1.664
swe,sex_f,age_aggregate_total,edu_aggregate_x,2011,1.614
swe,sex_f,age_aggregate_total,edu_aggregate_x,2012,1.288
swe,sex_f,age_aggregate_total,edu_aggregate_x,2013,1.502
swe,sex_f,age_aggregate_total,edu_aggregate_x,2014,0.407
swe,sex_f,age_aggregate_total,edu_aggregate_x,2015,0.799
swe,sex_f,age_aggregate_total,edu_aggregate_x,2016,0.677
swe,sex_f,age_aggregate_total,edu_aggregate_x,2017,0.678
swe,sex_f,age_aggregate_total,edu_aggregate_x,2018,1.164
swe,sex_f,age_aggregate_total,edu_aggregate_x,2019,2.529
swe,sex_f,age_aggregate_total,edu_aggregate_x,2020,1.254
swe,sex_f,age_aggregate_total,edu_aggregate_x,2021,4.698
swe,sex_f,age_aggregate_total,edu_aggregate_x,2022,4.21
swe,sex_f,age_aggregate_total,edu_aggregate_x,2023,3.241
swe,sex_f,age_aggregate_total,edu_isced11_1,2006,11.097
swe,sex_f,age_aggregate_total,edu_isced11_1,2007,9.314
swe,sex_f,age_aggregate_total,edu_isced11_1,2008,14.877
swe,sex_f,age_aggregate_total,edu_isced11_1,2009,12.699
swe,sex_f,age_aggregate_total,edu_isced11_1,2010,13.546
swe,sex_f,age_aggregate_total,edu_isced11_1,2011,14.107
swe,sex_f,age_aggregate_total,edu_isced11_1,2012,14.993
swe,sex_f,age_aggregate_total,edu_isced11_1,2013,15.419
swe,sex_f,age_aggregate_total,edu_isced11_1,2014,18.814
swe,sex_f,age_aggregate_total,edu_isced11_1,2015,19.948
swe,sex_f,age_aggregate_total,edu_isced11_1,2016,21.548
swe,sex_f,age_aggregate_total,edu_isced11_1,2017,21.373
swe,sex_f,age_aggregate_total,edu_isced11_1,2018,26.239
swe,sex_f,age_aggregate_total,edu_isced11_1,2019,23.797
swe,sex_f,age_aggregate_total,edu_isced11_1,2020,25.142
swe,sex_f,age_aggregate_total,edu_isced11_1,2021,35.765
swe,sex_f,age_aggregate_total,edu_isced11_1,2022,34.12
swe,sex_f,age_aggregate_total,edu_isced11_1,2023,29.112
swe,sex_f,age_aggregate_total,edu_isced11_2,2006,46.358
swe,sex_f,age_aggregate_total,edu_isced11_2,2007,46.417
swe,sex_f,age_aggregate_total,edu_isced11_2,2008,45.345
swe,sex_f,age_aggregate_total,edu_isced11_2,2009,52.748
swe,sex_f,age_aggregate_total,edu_isced11_2,2010,56.337
swe,sex_f,age_aggregate_total,edu_isced11_2,2011,53.345
swe,sex_f,age_aggregate_total,edu_isced11_2,2012,53.366
swe,sex_f,age_aggregate_total,edu_isced11_2,2013,56.342
swe,sex_f,age_aggregate_total,edu_isced11_2,2014,54.887
swe,sex_f,age_aggregate_total,edu_isced11_2,2015,53.812
swe,sex_f,age_aggregate_total,edu_isced11_2,2016,45.973
swe,sex_f,age_aggregate_total,edu_isced11_2,2017,49.248
swe,sex_f,age_aggregate_total,edu_isced11_2,2018,44.916
swe,sex_f,age_aggregate_total,edu_isced11_2,2019,60.25
swe,sex_f,age_aggregate_total,edu_isced11_2,2020,65.015
swe,sex_f,age_aggregate_total,edu_isced11_2,2021,75.451
swe,sex_f,age_aggregate_total,edu_isced11_2,2022,63.821
swe,sex_f,age_aggregate_total,edu_isced11_2,2023,65.037
swe,sex_f,age_aggregate_total,edu_isced11_3,2006,63.308
swe,sex_f,age_aggregate_total,edu_isced11_3,2007,55.176
swe,sex_f,age_aggregate_total,edu_isced11_3,2008,54.99
swe,sex_f,age_aggregate_total,edu_isced11_3,2009,72.436
swe,sex_f,age_aggregate_total,edu_isced11_3,2010,75.476
swe,sex_f,age_aggregate_total,edu_isced11_3,2011,67.919
swe,sex_f,age_aggregate_total,edu_isced11_3,2012,65.053
swe,sex_f,age_aggregate_total,edu_isced11_3,2013,63.473
swe,sex_f,age_aggregate_total,edu_isced11_3,2014,57.694
swe,sex_f,age_aggregate_total,edu_isced11_3,2015,51.807
swe,sex_f,age_aggregate_total,edu_isced11_3,2016,45.168
swe,sex_f,age_aggregate_total,edu_isced11_3,2017,39.902
swe,sex_f,age_aggregate_total,edu_isced11_3,2018,38.349
swe,sex_f,age_aggregate_total,edu_isced11_3,2019,36.431
swe,sex_f,age_aggregate_total,edu_isced11_3,2020,49.899
swe,sex_f,age_aggregate_total,edu_isced11_3,2021,52.618
swe,sex_f,age_aggregate_total,edu_isced11_3,2022,45.337
swe,sex_f,age_aggregate_total,edu_isced11_3,2023,39.444
swe,sex_f,age_aggregate_total,edu_isced11_4,2006,9.102
swe,sex_f,age_aggregate_total,edu_isced11_4,2007,8.764
swe,sex_f,age_aggregate_total,edu_isced11_4,2008,8.631
swe,sex_f,age_aggregate_total,edu_isced11_4,2009,11.311
swe,sex_f,age_aggregate_total,edu_isced11_4,2010,12.972
swe,sex_f,age_aggregate_total,edu_isced11_4,2011,11.701
swe,sex_f,age_aggregate_total,edu_isced11_4,2012,13.222
swe,sex_f,age_aggregate_total,edu_isced11_4,2013,13.552
swe,sex_f,age_aggregate_total,edu_isced11_4,2014,14.439
swe,sex_f,age_aggregate_total,edu_isced11_4,2015,11.866
swe,sex_f,age_aggregate_total,edu_isced11_4,2016,10.961
swe,sex_f,age_aggregate_total,edu_isced11_4,2017,10.788
swe,sex_f,age_aggregate_total,edu_isced11_4,2018,10.887
swe,sex_f,age_aggregate_total,edu_isced11_4,2019,15.101
swe,sex_f,age_aggregate_total,edu_isced11_4,2020,15.796
swe,sex_f,age_aggregate_total,edu_isced11_4,2021,14.664
swe,sex_f,age_aggregate_total,edu_isced11_4,2022,14.014
swe,sex_f,age_aggregate_total,edu_isced11_4,2023,19.234
swe,sex_f,age_aggregate_total,edu_isced11_5,2006,32.119
swe,sex_f,age_aggregate_total,edu_isced11_5,2007,26.719
swe,sex_f,age_aggregate_total,edu_isced11_5,2008,27.452
swe,sex_f,age_aggregate_total,edu_isced11_5,2009,34.633
swe,sex_f,age_aggregate_total,edu_isced11_5,2010,38.42
swe,sex_f,age_aggregate_total,edu_isced11_5,2011,35.437
swe,sex_f,age_aggregate_total,edu_isced11_5,2012,37.125
swe,sex_f,age_aggregate_total,edu_isced11_5,2013,41.271
swe,sex_f,age_aggregate_total,edu_isced11_5,2014,15.859
swe,sex_f,age_aggregate_total,edu_isced11_5,2015,16.424
swe,sex_f,age_aggregate_total,edu_isced11_5,2016,14.188
swe,sex_f,age_aggregate_total,edu_isced11_5,2017,13.756
swe,sex_f,age_aggregate_total,edu_isced11_5,2018,13.503
swe,sex_f,age_aggregate_total,edu_isced11_5,2019,15.447
swe,sex_f,age_aggregate_total,edu_isced11_5,2020,19.565
swe,sex_f,age_aggregate_total,edu_isced11_5,2021,19.703
swe,sex_f,age_aggregate_total,edu_isced11_5,2022,14.653
swe,sex_f,age_aggregate_total,edu_isced11_5,2023,19.653
swe,sex_f,age_aggregate_total,edu_isced11_6,2014,16.544
swe,sex_f,age_aggregate_total,edu_isced11_6,2015,17.284
swe,sex_f,age_aggregate_total,edu_isced11_6,2016,14.958
swe,sex_f,age_aggregate_total,edu_isced11_6,2017,17.001
swe,sex_f,age_aggregate_total,edu_isced11_6,2018,14.774
swe,sex_f,age_aggregate_total,edu_isced11_6,2019,16.482
swe,sex_f,age_aggregate_total,edu_isced11_6,2020,23.268
swe,sex_f,age_aggregate_total,edu_isced11_6,2021,22.48
swe,sex_f,age_aggregate_total,edu_isced11_6,2022,23.339
swe,sex_f,age_aggregate_total,edu_isced11_6,2023,23.452
swe,sex_f,age_aggregate_total,edu_isced11_7,2014,9.829
swe,sex_f,age_aggregate_total,edu_isced11_7,2015,8.726
swe,sex_f,age_aggregate_total,edu_isced11_7,2016,11.435
swe,sex_f,age_aggregate_total,edu_isced11_7,2017,11.034
swe,sex_f,age_aggregate_total,edu_isced11_7,2018,11.135
swe,sex_f,age_aggregate_total,edu_isced11_7,2019,10.394
swe,sex_f,age_aggregate_total,edu_isced11_7,2020,13.454
swe,sex_f,age_aggregate_total,edu_isced11_7,2021,13.978
swe,sex_f,age_aggregate_total,edu_isced11_7,2022,10.887
swe,sex_f,age_aggregate_total,edu_isced11_7,2023,13.915
swe,sex_f,age_aggregate_total,edu_isced11_8,2014,0.705
swe,sex_f,age_aggregate_total,edu_isced11_8,2015,0.729
swe,sex_f,age_aggregate_total,edu_isced11_8,2016,0.646
swe,sex_f,age_aggregate_total,edu_isced11_8,2017,0.936
swe,sex_f,age_aggregate_total,edu_isced11_8,2018,0.6
swe,sex_f,age_aggregate_total,edu_isced11_8,2019,1.845
swe,sex_f,age_aggregate_total,edu_isced11_8,2020,2.409
swe,sex_f,age_aggregate_total,edu_isced11_8,2021,1.318
swe,sex_f,age_aggregate_total,edu_isced11_8,2022,0.87
swe,sex_f,age_aggregate_total,edu_isced11_8,2023,1.844
swe,sex_f,age_aggregate_total,edu_isced11_9,2006,2.173
swe,sex_f,age_aggregate_total,edu_isced11_9,2007,2.267
swe,sex_f,age_aggregate_total,edu_isced11_9,2008,1.258
swe,sex_f,age_aggregate_total,edu_isced11_9,2009,2.568
swe,sex_f,age_aggregate_total,edu_isced11_9,2010,1.664
swe,sex_f,age_aggregate_total,edu_isced11_9,2011,1.614
swe,sex_f,age_aggregate_total,edu_isced11_9,2012,1.288
swe,sex_f,age_aggregate_total,edu_isced11_9,2013,1.502
swe,sex_f,age_aggregate_total,edu_isced11_9,2014,0.407
swe,sex_f,age_aggregate_total,edu_isced11_9,2015,0.799
swe,sex_f,age_aggregate_total,edu_isced11_9,2016,0.677
swe,sex_f,age_aggregate_total,edu_isced11_9,2017,0.678
swe,sex_f,age_aggregate_total,edu_isced11_9,2018,1.164
swe,sex_f,age_aggregate_total,edu_isced11_9,2019,2.529
swe,sex_f,age_aggregate_total,edu_isced11_9,2020,1.254
swe,sex_f,age_aggregate_total,edu_isced11_9,2021,4.698
swe,sex_f,age_aggregate_total,edu_isced11_9,2022,4.21
swe,sex_f,age_aggregate_total,edu_isced11_9,2023,3.241
swe,sex_f,age_aggregate_total,edu_isced11_total,2006,164.157
swe,sex_f,age_aggregate_total,edu_isced11_total,2007,148.657
swe,sex_f,age_aggregate_total,edu_isced11_total,2008,152.553
swe,sex_f,age_aggregate_total,edu_isced11_total,2009,186.395
swe,sex_f,age_aggregate_total,edu_isced11_total,2010,198.416
swe,sex_f,age_aggregate_total,edu_isced11_total,2011,184.123
swe,sex_f,age_aggregate_total,edu_isced11_total,2012,185.047
swe,sex_f,age_aggregate_total,edu_isced11_total,2013,191.558
swe,sex_f,age_aggregate_total,edu_isced11_total,2014,189.179
swe,sex_f,age_aggregate_total,edu_isced11_total,2015,181.394
swe,sex_f,age_aggregate_total,edu_isced11_total,2016,165.554
swe,sex_f,age_aggregate_total,edu_isced11_total,2017,164.715
swe,sex_f,age_aggregate_total,edu_isced11_total,2018,161.568
swe,sex_f,age_aggregate_total,edu_isced11_total,2019,182.277
swe,sex_f,age_aggregate_total,edu_isced11_total,2020,215.802
swe,sex_f,age_aggregate_total,edu_isced11_total,2021,240.676
swe,sex_f,age_aggregate_total,edu_isced11_total,2022,211.251
swe,sex_f,age_aggregate_total,edu_isced11_total,2023,214.934
swe,sex_f,age_aggregate_y15_24,edu_aggregate_adv,1997,2.772
swe,sex_f,age_aggregate_y15_24,edu_aggregate_adv,2001,0.767
swe,sex_f,age_aggregate_y15_24,edu_aggregate_adv,2002,0.93
swe,sex_f,age_aggregate_y15_24,edu_aggregate_adv,2003,1.034
swe,sex_f,age_aggregate_y15_24,edu_aggregate_adv,2004,1.381
swe,sex_f,age_aggregate_y15_24,edu_aggregate_adv,2005,3.292
swe,sex_f,age_aggregate_y15_24,edu_aggregate_adv,2006,3.019
swe,sex_f,age_aggregate_y15_24,edu_aggregate_adv,2007,3.106
swe,sex_f,age_aggregate_y15_24,edu_aggregate_adv,2008,2.795
swe,sex_f,age_aggregate_y15_24,edu_aggregate_adv,2009,3.053
swe,sex_f,age_aggregate_y15_24,edu_aggregate_adv,2010,3.736
swe,sex_f,age_aggregate_y15_24,edu_aggregate_adv,2011,2.855
swe,sex_f,age_aggregate_y15_24,edu_aggregate_adv,2012,4.584
swe,sex_f,age_aggregate_y15_24,edu_aggregate_adv,2013,6.158
swe,sex_f,age_aggregate_y15_24,edu_aggregate_adv,2014,5.45
swe,sex_f,age_aggregate_y15_24,edu_aggregate_adv,2015,5.27
swe,sex_f,age_aggregate_y15_24,edu_aggregate_adv,2016,4.145
swe,sex_f,age_aggregate_y15_24,edu_aggregate_adv,2017,3.691
swe,sex_f,age_aggregate_y15_24,edu_aggregate_adv,2018,2.896
swe,sex_f,age_aggregate_y15_24,edu_aggregate_adv,2019,4.377
swe,sex_f,age_aggregate_y15_24,edu_aggregate_adv,2020,5.225
swe,sex_f,age_aggregate_y15_24,edu_aggregate_adv,2021,3.155
swe,sex_f,age_aggregate_y15_24,edu_aggregate_adv,2022,3.385
swe,sex_f,age_aggregate_y15_24,edu_aggregate_adv,2023,4.303
swe,sex_f,age_aggregate_y15_24,edu_aggregate_bas,1995,12.081
swe,sex_f,age_aggregate_y15_24,edu_aggregate_bas,1996,13.856
swe,sex_f,age_aggregate_y15_24,edu_aggregate_bas,1997,15.563
swe,sex_f,age_aggregate_y15_24,edu_aggregate_bas,1998,11.703
swe,sex_f,age_aggregate_y15_24,edu_aggregate_bas,1999,11.496
swe,sex_f,age_aggregate_y15_24,edu_aggregate_bas,2000,6.31
swe,sex_f,age_aggregate_y15_24,edu_aggregate_bas,2001,12.201
swe,sex_f,age_aggregate_y15_24,edu_aggregate_bas,2002,15.474
swe,sex_f,age_aggregate_y15_24,edu_aggregate_bas,2003,15.338
swe,sex_f,age_aggregate_y15_24,edu_aggregate_bas,2004,19.376
swe,sex_f,age_aggregate_y15_24,edu_aggregate_bas,2005,27.903
swe,sex_f,age_aggregate_y15_24,edu_aggregate_bas,2006,31.996
swe,sex_f,age_aggregate_y15_24,edu_aggregate_bas,2007,31.398
swe,sex_f,age_aggregate_y15_24,edu_aggregate_bas,2008,36.74
swe,sex_f,age_aggregate_y15_24,edu_aggregate_bas,2009,34.699
swe,sex_f,age_aggregate_y15_24,edu_aggregate_bas,2010,34.424
swe,sex_f,age_aggregate_y15_24,edu_aggregate_bas,2011,33.772
swe,sex_f,age_aggregate_y15_24,edu_aggregate_bas,2012,34.693
swe,sex_f,age_aggregate_y15_24,edu_aggregate_bas,2013,35.669
swe,sex_f,age_aggregate_y15_24,edu_aggregate_bas,2014,35.026
swe,sex_f,age_aggregate_y15_24,edu_aggregate_bas,2015,35.076
swe,sex_f,age_aggregate_y15_24,edu_aggregate_bas,2016,31.167
swe,sex_f,age_aggregate_y15_24,edu_aggregate_bas,2017,32.358
swe,sex_f,age_aggregate_y15_24,edu_aggregate_bas,2018,29.852
swe,sex_f,age_aggregate_y15_24,edu_aggregate_bas,2019,39.38
swe,sex_f,age_aggregate_y15_24,edu_aggregate_bas,2020,38.361
swe,sex_f,age_aggregate_y15_24,edu_aggregate_bas,2021,48.624
swe,sex_f,age_aggregate_y15_24,edu_aggregate_bas,2022,48.048
swe,sex_f,age_aggregate_y15_24,edu_aggregate_bas,2023,46.687
swe,sex_f,age_aggregate_y15_24,edu_aggregate_int,1995,33.392
swe,sex_f,age_aggregate_y15_24,edu_aggregate_int,1996,30.987
swe,sex_f,age_aggregate_y15_24,edu_aggregate_int,1997,23.518
swe,sex_f,age_aggregate_y15_24,edu_aggregate_int,1998,18.731
swe,sex_f,age_aggregate_y15_24,edu_aggregate_int,1999,18.522
swe,sex_f,age_aggregate_y15_24,edu_aggregate_int,2000,9.613
swe,sex_f,age_aggregate_y15_24,edu_aggregate_int,2001,9.179
swe,sex_f,age_aggregate_y15_24,edu_aggregate_int,2002,9.374
swe,sex_f,age_aggregate_y15_24,edu_aggregate_int,2003,12.392
swe,sex_f,age_aggregate_y15_24,edu_aggregate_int,2004,18.142
swe,sex_f,age_aggregate_y15_24,edu_aggregate_int,2005,23.003
swe,sex_f,age_aggregate_y15_24,edu_aggregate_int,2006,28.049
swe,sex_f,age_aggregate_y15_24,edu_aggregate_int,2007,24.145
swe,sex_f,age_aggregate_y15_24,edu_aggregate_int,2008,24.832
swe,sex_f,age_aggregate_y15_24,edu_aggregate_int,2009,33.958
swe,sex_f,age_aggregate_y15_24,edu_aggregate_int,2010,34.965
swe,sex_f,age_aggregate_y15_24,edu_aggregate_int,2011,34.444
swe,sex_f,age_aggregate_y15_24,edu_aggregate_int,2012,32.122
swe,sex_f,age_aggregate_y15_24,edu_aggregate_int,2013,31.367
swe,sex_f,age_aggregate_y15_24,edu_aggregate_int,2014,29.883
swe,sex_f,age_aggregate_y15_24,edu_aggregate_int,2015,23.404
swe,sex_f,age_aggregate_y15_24,edu_aggregate_int,2016,18.794
swe,sex_f,age_aggregate_y15_24,edu_aggregate_int,2017,16.353
swe,sex_f,age_aggregate_y15_24,edu_aggregate_int,2018,17.327
swe,sex_f,age_aggregate_y15_24,edu_aggregate_int,2019,16.596
swe,sex_f,age_aggregate_y15_24,edu_aggregate_int,2020,21.382
swe,sex_f,age_aggregate_y15_24,edu_aggregate_int,2021,18.072
swe,sex_f,age_aggregate_y15_24,edu_aggregate_int,2022,20.047
swe,sex_f,age_aggregate_y15_24,edu_aggregate_int,2023,17.578
swe,sex_f,age_aggregate_y15_24,edu_aggregate_total,1995,46.527
swe,sex_f,age_aggregate_y15_24,edu_aggregate_total,1996,46.269
swe,sex_f,age_aggregate_y15_24,edu_aggregate_total,1997,43.35
swe,sex_f,age_aggregate_y15_24,edu_aggregate_total,1998,32.924
swe,sex_f,age_aggregate_y15_24,edu_aggregate_total,1999,31.868
swe,sex_f,age_aggregate_y15_24,edu_aggregate_total,2000,16.308
swe,sex_f,age_aggregate_y15_24,edu_aggregate_total,2001,27.976
swe,sex_f,age_aggregate_y15_24,edu_aggregate_total,2002,31.892
swe,sex_f,age_aggregate_y15_24,edu_aggregate_total,2003,34.397
swe,sex_f,age_aggregate_y15_24,edu_aggregate_total,2004,43.717
swe,sex_f,age_aggregate_y15_24,edu_aggregate_total,2005,62.522
swe,sex_f,age_aggregate_y15_24,edu_aggregate_total,2006,63.818
swe,sex_f,age_aggregate_y15_24,edu_aggregate_total,2007,59.944
swe,sex_f,age_aggregate_y15_24,edu_aggregate_total,2008,64.85
swe,sex_f,age_aggregate_y15_24,edu_aggregate_total,2009,72.927
swe,sex_f,age_aggregate_y15_24,edu_aggregate_total,2010,73.758
swe,sex_f,age_aggregate_y15_24,edu_aggregate_total,2011,71.451
swe,sex_f,age_aggregate_y15_24,edu_aggregate_total,2012,71.633
swe,sex_f,age_aggregate_y15_24,edu_aggregate_total,2013,73.282
swe,sex_f,age_aggregate_y15_24,edu_aggregate_total,2014,70.588
swe,sex_f,age_aggregate_y15_24,edu_aggregate_total,2015,63.75
swe,sex_f,age_aggregate_y15_24,edu_aggregate_total,2016,54.249
swe,sex_f,age_aggregate_y15_24,edu_aggregate_total,2017,52.568
swe,sex_f,age_aggregate_y15_24,edu_aggregate_total,2018,50.074
swe,sex_f,age_aggregate_y15_24,edu_aggregate_total,2019,61.101
swe,sex_f,age_aggregate_y15_24,edu_aggregate_total,2020,65.105
swe,sex_f,age_aggregate_y15_24,edu_aggregate_total,2021,73.103
swe,sex_f,age_aggregate_y15_24,edu_aggregate_total,2022,74.351
swe,sex_f,age_aggregate_y15_24,edu_aggregate_total,2023,70.407
swe,sex_f,age_aggregate_y15_24,edu_aggregate_x,1998,1.758
swe,sex_f,age_aggregate_y15_24,edu_aggregate_x,2001,5.829
swe,sex_f,age_aggregate_y15_24,edu_aggregate_x,2002,6.114
swe,sex_f,age_aggregate_y15_24,edu_aggregate_x,2003,5.632
swe,sex_f,age_aggregate_y15_24,edu_aggregate_x,2004,4.819
swe,sex_f,age_aggregate_y15_24,edu_aggregate_x,2005,8.323
swe,sex_f,age_aggregate_y15_24,edu_aggregate_x,2006,0.755
swe,sex_f,age_aggregate_y15_24,edu_aggregate_x,2007,1.295
swe,sex_f,age_aggregate_y15_24,edu_aggregate_x,2008,0.483
swe,sex_f,age_aggregate_y15_24,edu_aggregate_x,2009,1.218
swe,sex_f,age_aggregate_y15_24,edu_aggregate_x,2010,0.633
swe,sex_f,age_aggregate_y15_24,edu_aggregate_x,2011,0.38
swe,sex_f,age_aggregate_y15_24,edu_aggregate_x,2012,0.235
swe,sex_f,age_aggregate_y15_24,edu_aggregate_x,2014,0.229
swe,sex_f,age_aggregate_y15_24,edu_aggregate_x,2018,0
swe,sex_f,age_aggregate_y15_24,edu_aggregate_x,2019,0.748
swe,sex_f,age_aggregate_y15_24,edu_aggregate_x,2021,3.252
swe,sex_f,age_aggregate_y15_24,edu_aggregate_x,2022,2.87
swe,sex_f,age_aggregate_y15_24,edu_aggregate_x,2023,1.839
swe,sex_f,age_aggregate_y15_24,edu_isced11_1,2006,4.295
swe,sex_f,age_aggregate_y15_24,edu_isced11_1,2007,2.462
swe,sex_f,age_aggregate_y15_24,edu_isced11_1,2008,6.848
swe,sex_f,age_aggregate_y15_24,edu_isced11_1,2009,2.88
swe,sex_f,age_aggregate_y15_24,edu_isced11_1,2010,3.341
swe,sex_f,age_aggregate_y15_24,edu_isced11_1,2011,3.481
swe,sex_f,age_aggregate_y15_24,edu_isced11_1,2012,5.519
swe,sex_f,age_aggregate_y15_24,edu_isced11_1,2013,5.357
swe,sex_f,age_aggregate_y15_24,edu_isced11_1,2014,6.008
swe,sex_f,age_aggregate_y15_24,edu_isced11_1,2015,6.15
swe,sex_f,age_aggregate_y15_24,edu_isced11_1,2016,6.313
swe,sex_f,age_aggregate_y15_24,edu_isced11_1,2017,5.928
swe,sex_f,age_aggregate_y15_24,edu_isced11_1,2018,6.928
swe,sex_f,age_aggregate_y15_24,edu_isced11_1,2019,7.635
swe,sex_f,age_aggregate_y15_24,edu_isced11_1,2020,7.269
swe,sex_f,age_aggregate_y15_24,edu_isced11_1,2021,9.785
swe,sex_f,age_aggregate_y15_24,edu_isced11_1,2022,9.331
swe,sex_f,age_aggregate_y15_24,edu_isced11_1,2023,9.155
swe,sex_f,age_aggregate_y15_24,edu_isced11_2,2006,27.701
swe,sex_f,age_aggregate_y15_24,edu_isced11_2,2007,28.936
swe,sex_f,age_aggregate_y15_24,edu_isced11_2,2008,29.892
swe,sex_f,age_aggregate_y15_24,edu_isced11_2,2009,31.818
swe,sex_f,age_aggregate_y15_24,edu_isced11_2,2010,31.083
swe,sex_f,age_aggregate_y15_24,edu_isced11_2,2011,30.291
swe,sex_f,age_aggregate_y15_24,edu_isced11_2,2012,29.174
swe,sex_f,age_aggregate_y15_24,edu_isced11_2,2013,30.311
swe,sex_f,age_aggregate_y15_24,edu_isced11_2,2014,29.018
swe,sex_f,age_aggregate_y15_24,edu_isced11_2,2015,28.926
swe,sex_f,age_aggregate_y15_24,edu_isced11_2,2016,24.854
swe,sex_f,age_aggregate_y15_24,edu_isced11_2,2017,26.43
swe,sex_f,age_aggregate_y15_24,edu_isced11_2,2018,22.923
swe,sex_f,age_aggregate_y15_24,edu_isced11_2,2019,31.745
swe,sex_f,age_aggregate_y15_24,edu_isced11_2,2020,31.092
swe,sex_f,age_aggregate_y15_24,edu_isced11_2,2021,38.839
swe,sex_f,age_aggregate_y15_24,edu_isced11_2,2022,38.718
swe,sex_f,age_aggregate_y15_24,edu_isced11_2,2023,37.533
swe,sex_f,age_aggregate_y15_24,edu_isced11_3,2006,25.003
swe,sex_f,age_aggregate_y15_24,edu_isced11_3,2007,21.243
swe,sex_f,age_aggregate_y15_24,edu_isced11_3,2008,21.197
swe,sex_f,age_aggregate_y15_24,edu_isced11_3,2009,29.456
swe,sex_f,age_aggregate_y15_24,edu_isced11_3,2010,30.226
swe,sex_f,age_aggregate_y15_24,edu_isced11_3,2011,29.784
swe,sex_f,age_aggregate_y15_24,edu_isced11_3,2012,27.209
swe,sex_f,age_aggregate_y15_24,edu_isced11_3,2013,25.838
swe,sex_f,age_aggregate_y15_24,edu_isced11_3,2014,23.669
swe,sex_f,age_aggregate_y15_24,edu_isced11_3,2015,18.372
swe,sex_f,age_aggregate_y15_24,edu_isced11_3,2016,14.286
swe,sex_f,age_aggregate_y15_24,edu_isced11_3,2017,12.272
swe,sex_f,age_aggregate_y15_24,edu_isced11_3,2018,13.364
swe,sex_f,age_aggregate_y15_24,edu_isced11_3,2019,10.656
swe,sex_f,age_aggregate_y15_24,edu_isced11_3,2020,16.274
swe,sex_f,age_aggregate_y15_24,edu_isced11_3,2021,13.741
swe,sex_f,age_aggregate_y15_24,edu_isced11_3,2022,14.776
swe,sex_f,age_aggregate_y15_24,edu_isced11_3,2023,11.738
swe,sex_f,age_aggregate_y15_24,edu_isced11_4,2006,3.046
swe,sex_f,age_aggregate_y15_24,edu_isced11_4,2007,2.901
swe,sex_f,age_aggregate_y15_24,edu_isced11_4,2008,3.635
swe,sex_f,age_aggregate_y15_24,edu_isced11_4,2009,4.502
swe,sex_f,age_aggregate_y15_24,edu_isced11_4,2010,4.739
swe,sex_f,age_aggregate_y15_24,edu_isced11_4,2011,4.66
swe,sex_f,age_aggregate_y15_24,edu_isced11_4,2012,4.913
swe,sex_f,age_aggregate_y15_24,edu_isced11_4,2013,5.528
swe,sex_f,age_aggregate_y15_24,edu_isced11_4,2014,6.214
swe,sex_f,age_aggregate_y15_24,edu_isced11_4,2015,5.032
swe,sex_f,age_aggregate_y15_24,edu_isced11_4,2016,4.508
swe,sex_f,age_aggregate_y15_24,edu_isced11_4,2017,4.081
swe,sex_f,age_aggregate_y15_24,edu_isced11_4,2018,3.963
swe,sex_f,age_aggregate_y15_24,edu_isced11_4,2019,5.939
swe,sex_f,age_aggregate_y15_24,edu_isced11_4,2020,5.108
swe,sex_f,age_aggregate_y15_24,edu_isced11_4,2021,4.33
swe,sex_f,age_aggregate_y15_24,edu_isced11_4,2022,5.271
swe,sex_f,age_aggregate_y15_24,edu_isced11_4,2023,5.839
swe,sex_f,age_aggregate_y15_24,edu_isced11_5,2006,3.019
swe,sex_f,age_aggregate_y15_24,edu_isced11_5,2007,3.106
swe,sex_f,age_aggregate_y15_24,edu_isced11_5,2008,2.795
swe,sex_f,age_aggregate_y15_24,edu_isced11_5,2009,3.053
swe,sex_f,age_aggregate_y15_24,edu_isced11_5,2010,3.736
swe,sex_f,age_aggregate_y15_24,edu_isced11_5,2011,2.855
swe,sex_f,age_aggregate_y15_24,edu_isced11_5,2012,4.584
swe,sex_f,age_aggregate_y15_24,edu_isced11_5,2013,6.158
swe,sex_f,age_aggregate_y15_24,edu_isced11_5,2014,2.842
swe,sex_f,age_aggregate_y15_24,edu_isced11_5,2015,2.672
swe,sex_f,age_aggregate_y15_24,edu_isced11_5,2016,2.292
swe,sex_f,age_aggregate_y15_24,edu_isced11_5,2017,1.956
swe,sex_f,age_aggregate_y15_24,edu_isced11_5,2018,2.269
swe,sex_f,age_aggregate_y15_24,edu_isced11_5,2019,2.401
swe,sex_f,age_aggregate_y15_24,edu_isced11_5,2020,2.913
swe,sex_f,age_aggregate_y15_24,edu_isced11_5,2021,1.764
swe,sex_f,age_aggregate_y15_24,edu_isced11_5,2022,1.491
swe,sex_f,age_aggregate_y15_24,edu_isced11_5,2023,2.85
swe,sex_f,age_aggregate_y15_24,edu_isced11_6,2014,2.322
swe,sex_f,age_aggregate_y15_24,edu_isced11_6,2015,2.29
swe,sex_f,age_aggregate_y15_24,edu_isced11_6,2016,1.564
swe,sex_f,age_aggregate_y15_24,edu_isced11_6,2017,1.419
swe,sex_f,age_aggregate_y15_24,edu_isced11_6,2018,0.505
swe,sex_f,age_aggregate_y15_24,edu_isced11_6,2019,1.648
swe,sex_f,age_aggregate_y15_24,edu_isced11_6,2020,1.492
swe,sex_f,age_aggregate_y15_24,edu_isced11_6,2021,1.391
swe,sex_f,age_aggregate_y15_24,edu_isced11_6,2022,1.748
swe,sex_f,age_aggregate_y15_24,edu_isced11_6,2023,1.453
swe,sex_f,age_aggregate_y15_24,edu_isced11_7,2014,0.286
swe,sex_f,age_aggregate_y15_24,edu_isced11_7,2015,0.308
swe,sex_f,age_aggregate_y15_24,edu_isced11_7,2016,0.288
swe,sex_f,age_aggregate_y15_24,edu_isced11_7,2017,0.315
swe,sex_f,age_aggregate_y15_24,edu_isced11_7,2020,0.82
swe,sex_f,age_aggregate_y15_24,edu_isced11_9,2006,0.755
swe,sex_f,age_aggregate_y15_24,edu_isced11_9,2007,1.295
swe,sex_f,age_aggregate_y15_24,edu_isced11_9,2008,0.483
swe,sex_f,age_aggregate_y15_24,edu_isced11_9,2009,1.218
swe,sex_f,age_aggregate_y15_24,edu_isced11_9,2010,0.633
swe,sex_f,age_aggregate_y15_24,edu_isced11_9,2011,0.38
swe,sex_f,age_aggregate_y15_24,edu_isced11_9,2012,0.235
swe,sex_f,age_aggregate_y15_24,edu_isced11_9,2014,0.229
swe,sex_f,age_aggregate_y15_24,edu_isced11_9,2018,0
swe,sex_f,age_aggregate_y15_24,edu_isced11_9,2019,0.748
swe,sex_f,age_aggregate_y15_24,edu_isced11_9,2021,3.252
swe,sex_f,age_aggregate_y15_24,edu_isced11_9,2022,2.87
swe,sex_f,age_aggregate_y15_24,edu_isced11_9,2023,1.839
swe,sex_f,age_aggregate_y15_24,edu_isced11_total,2006,63.818
swe,sex_f,age_aggregate_y15_24,edu_isced11_total,2007,59.944
swe,sex_f,age_aggregate_y15_24,edu_isced11_total,2008,64.85
swe,sex_f,age_aggregate_y15_24,edu_isced11_total,2009,72.927
swe,sex_f,age_aggregate_y15_24,edu_isced11_total,2010,73.758
swe,sex_f,age_aggregate_y15_24,edu_isced11_total,2011,71.451
swe,sex_f,age_aggregate_y15_24,edu_isced11_total,2012,71.633
swe,sex_f,age_aggregate_y15_24,edu_isced11_total,2013,73.282
swe,sex_f,age_aggregate_y15_24,edu_isced11_total,2014,70.588
swe,sex_f,age_aggregate_y15_24,edu_isced11_total,2015,63.75
swe,sex_f,age_aggregate_y15_24,edu_isced11_total,2016,54.249
swe,sex_f,age_aggregate_y15_24,edu_isced11_total,2017,52.568
swe,sex_f,age_aggregate_y15_24,edu_isced11_total,2018,50.074
swe,sex_f,age_aggregate_y15_24,edu_isced11_total,2019,61.101
swe,sex_f,age_aggregate_y15_24,edu_isced11_total,2020,65.105
swe,sex_f,age_aggregate_y15_24,edu_isced11_total,2021,73.103
swe,sex_f,age_aggregate_y15_24,edu_isced11_total,2022,74.351
swe,sex_f,age_aggregate_y15_24,edu_isced11_total,2023,70.407
swe,sex_f,age_aggregate_y25_54,edu_aggregate_adv,1995,19.35
swe,sex_f,age_aggregate_y25_54,edu_aggregate_adv,1996,18.525
swe,sex_f,age_aggregate_y25_54,edu_aggregate_adv,1997,16.997
swe,sex_f,age_aggregate_y25_54,edu_aggregate_adv,1998,19.295
swe,sex_f,age_aggregate_y25_54,edu_aggregate_adv,1999,15.977
swe,sex_f,age_aggregate_y25_54,edu_aggregate_adv,2000,12.666
swe,sex_f,age_aggregate_y25_54,edu_aggregate_adv,2001,9.634
swe,sex_f,age_aggregate_y25_54,edu_aggregate_adv,2002,11.507
swe,sex_f,age_aggregate_y25_54,edu_aggregate_adv,2003,13.846
swe,sex_f,age_aggregate_y25_54,edu_aggregate_adv,2004,19.177
swe,sex_f,age_aggregate_y25_54,edu_aggregate_adv,2005,28.611
swe,sex_f,age_aggregate_y25_54,edu_aggregate_adv,2006,25.991
swe,sex_f,age_aggregate_y25_54,edu_aggregate_adv,2007,20.807
swe,sex_f,age_aggregate_y25_54,edu_aggregate_adv,2008,20.637
swe,sex_f,age_aggregate_y25_54,edu_aggregate_adv,2009,26.568
swe,sex_f,age_aggregate_y25_54,edu_aggregate_adv,2010,30.074
swe,sex_f,age_aggregate_y25_54,edu_aggregate_adv,2011,28.608
swe,sex_f,age_aggregate_y25_54,edu_aggregate_adv,2012,27.674
swe,sex_f,age_aggregate_y25_54,edu_aggregate_adv,2013,30.409
swe,sex_f,age_aggregate_y25_54,edu_aggregate_adv,2014,32.065
swe,sex_f,age_aggregate_y25_54,edu_aggregate_adv,2015,33.337
swe,sex_f,age_aggregate_y25_54,edu_aggregate_adv,2016,31.348
swe,sex_f,age_aggregate_y25_54,edu_aggregate_adv,2017,32.372
swe,sex_f,age_aggregate_y25_54,edu_aggregate_adv,2018,31.767
swe,sex_f,age_aggregate_y25_54,edu_aggregate_adv,2019,33.938
swe,sex_f,age_aggregate_y25_54,edu_aggregate_adv,2020,45.95
swe,sex_f,age_aggregate_y25_54,edu_aggregate_adv,2021,47.537
swe,sex_f,age_aggregate_y25_54,edu_aggregate_adv,2022,37.155
swe,sex_f,age_aggregate_y25_54,edu_aggregate_adv,2023,44.847
swe,sex_f,age_aggregate_y25_54,edu_aggregate_bas,1995,24.694
swe,sex_f,age_aggregate_y25_54,edu_aggregate_bas,1996,24.581
swe,sex_f,age_aggregate_y25_54,edu_aggregate_bas,1997,34.028
swe,sex_f,age_aggregate_y25_54,edu_aggregate_bas,1998,27.372
swe,sex_f,age_aggregate_y25_54,edu_aggregate_bas,1999,27.414
swe,sex_f,age_aggregate_y25_54,edu_aggregate_bas,2000,19.684
swe,sex_f,age_aggregate_y25_54,edu_aggregate_bas,2001,10.317
swe,sex_f,age_aggregate_y25_54,edu_aggregate_bas,2002,8.908
swe,sex_f,age_aggregate_y25_54,edu_aggregate_bas,2003,10.892
swe,sex_f,age_aggregate_y25_54,edu_aggregate_bas,2004,9.974
swe,sex_f,age_aggregate_y25_54,edu_aggregate_bas,2005,16.738
swe,sex_f,age_aggregate_y25_54,edu_aggregate_bas,2006,19.319
swe,sex_f,age_aggregate_y25_54,edu_aggregate_bas,2007,19.531
swe,sex_f,age_aggregate_y25_54,edu_aggregate_bas,2008,19.066
swe,sex_f,age_aggregate_y25_54,edu_aggregate_bas,2009,23.66
swe,sex_f,age_aggregate_y25_54,edu_aggregate_bas,2010,27.302
swe,sex_f,age_aggregate_y25_54,edu_aggregate_bas,2011,26.102
swe,sex_f,age_aggregate_y25_54,edu_aggregate_bas,2012,25.824
swe,sex_f,age_aggregate_y25_54,edu_aggregate_bas,2013,29.531
swe,sex_f,age_aggregate_y25_54,edu_aggregate_bas,2014,31.606
swe,sex_f,age_aggregate_y25_54,edu_aggregate_bas,2015,31.667
swe,sex_f,age_aggregate_y25_54,edu_aggregate_bas,2016,30.32
swe,sex_f,age_aggregate_y25_54,edu_aggregate_bas,2017,30.976
swe,sex_f,age_aggregate_y25_54,edu_aggregate_bas,2018,36.333
swe,sex_f,age_aggregate_y25_54,edu_aggregate_bas,2019,39.021
swe,sex_f,age_aggregate_y25_54,edu_aggregate_bas,2020,43.924
swe,sex_f,age_aggregate_y25_54,edu_aggregate_bas,2021,50.007
swe,sex_f,age_aggregate_y25_54,edu_aggregate_bas,2022,41.26
swe,sex_f,age_aggregate_y25_54,edu_aggregate_bas,2023,39.509
swe,sex_f,age_aggregate_y25_54,edu_aggregate_int,1995,54.491
swe,sex_f,age_aggregate_y25_54,edu_aggregate_int,1996,68.198
swe,sex_f,age_aggregate_y25_54,edu_aggregate_int,1997,81.681
swe,sex_f,age_aggregate_y25_54,edu_aggregate_int,1998,64.828
swe,sex_f,age_aggregate_y25_54,edu_aggregate_int,1999,47.514
swe,sex_f,age_aggregate_y25_54,edu_aggregate_int,2000,39.177
swe,sex_f,age_aggregate_y25_54,edu_aggregate_int,2001,31.876
swe,sex_f,age_aggregate_y25_54,edu_aggregate_int,2002,33.469
swe,sex_f,age_aggregate_y25_54,edu_aggregate_int,2003,36.051
swe,sex_f,age_aggregate_y25_54,edu_aggregate_int,2004,45.948
swe,sex_f,age_aggregate_y25_54,edu_aggregate_int,2005,50.225
swe,sex_f,age_aggregate_y25_54,edu_aggregate_int,2006,36.751
swe,sex_f,age_aggregate_y25_54,edu_aggregate_int,2007,31.735
swe,sex_f,age_aggregate_y25_54,edu_aggregate_int,2008,32.081
swe,sex_f,age_aggregate_y25_54,edu_aggregate_int,2009,41.276
swe,sex_f,age_aggregate_y25_54,edu_aggregate_int,2010,45.069
swe,sex_f,age_aggregate_y25_54,edu_aggregate_int,2011,36.728
swe,sex_f,age_aggregate_y25_54,edu_aggregate_int,2012,37.127
swe,sex_f,age_aggregate_y25_54,edu_aggregate_int,2013,37.68
swe,sex_f,age_aggregate_y25_54,edu_aggregate_int,2014,32.738
swe,sex_f,age_aggregate_y25_54,edu_aggregate_int,2015,30.427
swe,sex_f,age_aggregate_y25_54,edu_aggregate_int,2016,28.168
swe,sex_f,age_aggregate_y25_54,edu_aggregate_int,2017,26.131
swe,sex_f,age_aggregate_y25_54,edu_aggregate_int,2018,22.745
swe,sex_f,age_aggregate_y25_54,edu_aggregate_int,2019,25.119
swe,sex_f,age_aggregate_y25_54,edu_aggregate_int,2020,34.241
swe,sex_f,age_aggregate_y25_54,edu_aggregate_int,2021,36.745
swe,sex_f,age_aggregate_y25_54,edu_aggregate_int,2022,29.089
swe,sex_f,age_aggregate_y25_54,edu_aggregate_int,2023,29.258
swe,sex_f,age_aggregate_y25_54,edu_aggregate_total,1995,98.534
swe,sex_f,age_aggregate_y25_54,edu_aggregate_total,1996,112.475
swe,sex_f,age_aggregate_y25_54,edu_aggregate_total,1997,133.395
swe,sex_f,age_aggregate_y25_54,edu_aggregate_total,1998,112.517
swe,sex_f,age_aggregate_y25_54,edu_aggregate_total,1999,90.905
swe,sex_f,age_aggregate_y25_54,edu_aggregate_total,2000,73.049
swe,sex_f,age_aggregate_y25_54,edu_aggregate_total,2001,52.501
swe,sex_f,age_aggregate_y25_54,edu_aggregate_total,2002,53.997
swe,sex_f,age_aggregate_y25_54,edu_aggregate_total,2003,61.362
swe,sex_f,age_aggregate_y25_54,edu_aggregate_total,2004,75.542
swe,sex_f,age_aggregate_y25_54,edu_aggregate_total,2005,96.108
swe,sex_f,age_aggregate_y25_54,edu_aggregate_total,2006,83.391
swe,sex_f,age_aggregate_y25_54,edu_aggregate_total,2007,72.958
swe,sex_f,age_aggregate_y25_54,edu_aggregate_total,2008,72.43
swe,sex_f,age_aggregate_y25_54,edu_aggregate_total,2009,92.774
swe,sex_f,age_aggregate_y25_54,edu_aggregate_total,2010,103.28
swe,sex_f,age_aggregate_y25_54,edu_aggregate_total,2011,92.505
swe,sex_f,age_aggregate_y25_54,edu_aggregate_total,2012,91.514
swe,sex_f,age_aggregate_y25_54,edu_aggregate_total,2013,98.838
swe,sex_f,age_aggregate_y25_54,edu_aggregate_total,2014,96.587
swe,sex_f,age_aggregate_y25_54,edu_aggregate_total,2015,96.133
swe,sex_f,age_aggregate_y25_54,edu_aggregate_total,2016,90.197
swe,sex_f,age_aggregate_y25_54,edu_aggregate_total,2017,89.991
swe,sex_f,age_aggregate_y25_54,edu_aggregate_total,2018,91.936
swe,sex_f,age_aggregate_y25_54,edu_aggregate_total,2019,99.724
swe,sex_f,age_aggregate_y25_54,edu_aggregate_total,2020,124.853
swe,sex_f,age_aggregate_y25_54,edu_aggregate_total,2021,135.615
swe,sex_f,age_aggregate_y25_54,edu_aggregate_total,2022,108.843
swe,sex_f,age_aggregate_y25_54,edu_aggregate_total,2023,114.926
swe,sex_f,age_aggregate_y25_54,edu_aggregate_x,2001,0.674
swe,sex_f,age_aggregate_y25_54,edu_aggregate_x,2003,0.574
swe,sex_f,age_aggregate_y25_54,edu_aggregate_x,2005,0.535
swe,sex_f,age_aggregate_y25_54,edu_aggregate_x,2006,1.331
swe,sex_f,age_aggregate_y25_54,edu_aggregate_x,2007,0.885
swe,sex_f,age_aggregate_y25_54,edu_aggregate_x,2008,0.646
swe,sex_f,age_aggregate_y25_54,edu_aggregate_x,2009,1.27
swe,sex_f,age_aggregate_y25_54,edu_aggregate_x,2010,0.835
swe,sex_f,age_aggregate_y25_54,edu_aggregate_x,2011,1.067
swe,sex_f,age_aggregate_y25_54,edu_aggregate_x,2012,0.889
swe,sex_f,age_aggregate_y25_54,edu_aggregate_x,2013,1.218
swe,sex_f,age_aggregate_y25_54,edu_aggregate_x,2015,0.703
swe,sex_f,age_aggregate_y25_54,edu_aggregate_x,2016,0.362
swe,sex_f,age_aggregate_y25_54,edu_aggregate_x,2017,0.512
swe,sex_f,age_aggregate_y25_54,edu_aggregate_x,2018,1.091
swe,sex_f,age_aggregate_y25_54,edu_aggregate_x,2019,1.645
swe,sex_f,age_aggregate_y25_54,edu_aggregate_x,2020,0.737
swe,sex_f,age_aggregate_y25_54,edu_aggregate_x,2021,1.327
swe,sex_f,age_aggregate_y25_54,edu_aggregate_x,2022,1.339
swe,sex_f,age_aggregate_y25_54,edu_aggregate_x,2023,1.313
swe,sex_f,age_aggregate_y25_54,edu_isced11_1,2006,4.671
swe,sex_f,age_aggregate_y25_54,edu_isced11_1,2007,4.834
swe,sex_f,age_aggregate_y25_54,edu_isced11_1,2008,6.181
swe,sex_f,age_aggregate_y25_54,edu_isced11_1,2009,6.663
swe,sex_f,age_aggregate_y25_54,edu_isced11_1,2010,7.912
swe,sex_f,age_aggregate_y25_54,edu_isced11_1,2011,8.454
swe,sex_f,age_aggregate_y25_54,edu_isced11_1,2012,7.499
swe,sex_f,age_aggregate_y25_54,edu_isced11_1,2013,8.471
swe,sex_f,age_aggregate_y25_54,edu_isced11_1,2014,11.192
swe,sex_f,age_aggregate_y25_54,edu_isced11_1,2015,12.027
swe,sex_f,age_aggregate_y25_54,edu_isced11_1,2016,13.616
swe,sex_f,age_aggregate_y25_54,edu_isced11_1,2017,13.615
swe,sex_f,age_aggregate_y25_54,edu_isced11_1,2018,18.302
swe,sex_f,age_aggregate_y25_54,edu_isced11_1,2019,15.079
swe,sex_f,age_aggregate_y25_54,edu_isced11_1,2020,16.169
swe,sex_f,age_aggregate_y25_54,edu_isced11_1,2021,20.633
swe,sex_f,age_aggregate_y25_54,edu_isced11_1,2022,20.56
swe,sex_f,age_aggregate_y25_54,edu_isced11_1,2023,16.981
swe,sex_f,age_aggregate_y25_54,edu_isced11_2,2006,14.648
swe,sex_f,age_aggregate_y25_54,edu_isced11_2,2007,14.697
swe,sex_f,age_aggregate_y25_54,edu_isced11_2,2008,12.885
swe,sex_f,age_aggregate_y25_54,edu_isced11_2,2009,16.997
swe,sex_f,age_aggregate_y25_54,edu_isced11_2,2010,19.39
swe,sex_f,age_aggregate_y25_54,edu_isced11_2,2011,17.647
swe,sex_f,age_aggregate_y25_54,edu_isced11_2,2012,18.326
swe,sex_f,age_aggregate_y25_54,edu_isced11_2,2013,21.06
swe,sex_f,age_aggregate_y25_54,edu_isced11_2,2014,20.414
swe,sex_f,age_aggregate_y25_54,edu_isced11_2,2015,19.64
swe,sex_f,age_aggregate_y25_54,edu_isced11_2,2016,16.704
swe,sex_f,age_aggregate_y25_54,edu_isced11_2,2017,17.361
swe,sex_f,age_aggregate_y25_54,edu_isced11_2,2018,18.031
swe,sex_f,age_aggregate_y25_54,edu_isced11_2,2019,23.943
swe,sex_f,age_aggregate_y25_54,edu_isced11_2,2020,27.755
swe,sex_f,age_aggregate_y25_54,edu_isced11_2,2021,29.374
swe,sex_f,age_aggregate_y25_54,edu_isced11_2,2022,20.699
swe,sex_f,age_aggregate_y25_54,edu_isced11_2,2023,22.529
swe,sex_f,age_aggregate_y25_54,edu_isced11_3,2006,31.556
swe,sex_f,age_aggregate_y25_54,edu_isced11_3,2007,26.579
swe,sex_f,age_aggregate_y25_54,edu_isced11_3,2008,27.581
swe,sex_f,age_aggregate_y25_54,edu_isced11_3,2009,35.351
swe,sex_f,age_aggregate_y25_54,edu_isced11_3,2010,37.762
swe,sex_f,age_aggregate_y25_54,edu_isced11_3,2011,30.656
swe,sex_f,age_aggregate_y25_54,edu_isced11_3,2012,29.692
swe,sex_f,age_aggregate_y25_54,edu_isced11_3,2013,30.386
swe,sex_f,age_aggregate_y25_54,edu_isced11_3,2014,25.73
swe,sex_f,age_aggregate_y25_54,edu_isced11_3,2015,25.291
swe,sex_f,age_aggregate_y25_54,edu_isced11_3,2016,22.902
swe,sex_f,age_aggregate_y25_54,edu_isced11_3,2017,20.157
swe,sex_f,age_aggregate_y25_54,edu_isced11_3,2018,17.292
swe,sex_f,age_aggregate_y25_54,edu_isced11_3,2019,17.484
swe,sex_f,age_aggregate_y25_54,edu_isced11_3,2020,25.61
swe,sex_f,age_aggregate_y25_54,edu_isced11_3,2021,27.993
swe,sex_f,age_aggregate_y25_54,edu_isced11_3,2022,21.733
swe,sex_f,age_aggregate_y25_54,edu_isced11_3,2023,17.871
swe,sex_f,age_aggregate_y25_54,edu_isced11_4,2006,5.195
swe,sex_f,age_aggregate_y25_54,edu_isced11_4,2007,5.156
swe,sex_f,age_aggregate_y25_54,edu_isced11_4,2008,4.5
swe,sex_f,age_aggregate_y25_54,edu_isced11_4,2009,5.925
swe,sex_f,age_aggregate_y25_54,edu_isced11_4,2010,7.307
swe,sex_f,age_aggregate_y25_54,edu_isced11_4,2011,6.072
swe,sex_f,age_aggregate_y25_54,edu_isced11_4,2012,7.435
swe,sex_f,age_aggregate_y25_54,edu_isced11_4,2013,7.294
swe,sex_f,age_aggregate_y25_54,edu_isced11_4,2014,7.009
swe,sex_f,age_aggregate_y25_54,edu_isced11_4,2015,5.136
swe,sex_f,age_aggregate_y25_54,edu_isced11_4,2016,5.265
swe,sex_f,age_aggregate_y25_54,edu_isced11_4,2017,5.974
swe,sex_f,age_aggregate_y25_54,edu_isced11_4,2018,5.452
swe,sex_f,age_aggregate_y25_54,edu_isced11_4,2019,7.636
swe,sex_f,age_aggregate_y25_54,edu_isced11_4,2020,8.63
swe,sex_f,age_aggregate_y25_54,edu_isced11_4,2021,8.752
swe,sex_f,age_aggregate_y25_54,edu_isced11_4,2022,7.356
swe,sex_f,age_aggregate_y25_54,edu_isced11_4,2023,11.387
swe,sex_f,age_aggregate_y25_54,edu_isced11_5,2006,25.991
swe,sex_f,age_aggregate_y25_54,edu_isced11_5,2007,20.807
swe,sex_f,age_aggregate_y25_54,edu_isced11_5,2008,20.637
swe,sex_f,age_aggregate_y25_54,edu_isced11_5,2009,26.568
swe,sex_f,age_aggregate_y25_54,edu_isced11_5,2010,30.074
swe,sex_f,age_aggregate_y25_54,edu_isced11_5,2011,28.608
swe,sex_f,age_aggregate_y25_54,edu_isced11_5,2012,27.674
swe,sex_f,age_aggregate_y25_54,edu_isced11_5,2013,30.409
swe,sex_f,age_aggregate_y25_54,edu_isced11_5,2014,11.192
swe,sex_f,age_aggregate_y25_54,edu_isced11_5,2015,11.974
swe,sex_f,age_aggregate_y25_54,edu_isced11_5,2016,9.908
swe,sex_f,age_aggregate_y25_54,edu_isced11_5,2017,9.321
swe,sex_f,age_aggregate_y25_54,edu_isced11_5,2018,9.148
swe,sex_f,age_aggregate_y25_54,edu_isced11_5,2019,11.376
swe,sex_f,age_aggregate_y25_54,edu_isced11_5,2020,14.032
swe,sex_f,age_aggregate_y25_54,edu_isced11_5,2021,15.069
swe,sex_f,age_aggregate_y25_54,edu_isced11_5,2022,9.332
swe,sex_f,age_aggregate_y25_54,edu_isced11_5,2023,11.626
swe,sex_f,age_aggregate_y25_54,edu_isced11_6,2014,12.173
swe,sex_f,age_aggregate_y25_54,edu_isced11_6,2015,13.19
swe,sex_f,age_aggregate_y25_54,edu_isced11_6,2016,11.139
swe,sex_f,age_aggregate_y25_54,edu_isced11_6,2017,12.656
swe,sex_f,age_aggregate_y25_54,edu_isced11_6,2018,12.798
swe,sex_f,age_aggregate_y25_54,edu_isced11_6,2019,13.036
swe,sex_f,age_aggregate_y25_54,edu_isced11_6,2020,19.201
swe,sex_f,age_aggregate_y25_54,edu_isced11_6,2021,19.66
swe,sex_f,age_aggregate_y25_54,edu_isced11_6,2022,18.462
swe,sex_f,age_aggregate_y25_54,edu_isced11_6,2023,19.234
swe,sex_f,age_aggregate_y25_54,edu_isced11_7,2014,8.254
swe,sex_f,age_aggregate_y25_54,edu_isced11_7,2015,7.538
swe,sex_f,age_aggregate_y25_54,edu_isced11_7,2016,9.856
swe,sex_f,age_aggregate_y25_54,edu_isced11_7,2017,9.612
swe,sex_f,age_aggregate_y25_54,edu_isced11_7,2018,9.221
swe,sex_f,age_aggregate_y25_54,edu_isced11_7,2019,7.811
swe,sex_f,age_aggregate_y25_54,edu_isced11_7,2020,10.674
swe,sex_f,age_aggregate_y25_54,edu_isced11_7,2021,11.931
swe,sex_f,age_aggregate_y25_54,edu_isced11_7,2022,8.73
swe,sex_f,age_aggregate_y25_54,edu_isced11_7,2023,12.234
swe,sex_f,age_aggregate_y25_54,edu_isced11_8,2014,0.446
swe,sex_f,age_aggregate_y25_54,edu_isced11_8,2015,0.635
swe,sex_f,age_aggregate_y25_54,edu_isced11_8,2016,0.445
swe,sex_f,age_aggregate_y25_54,edu_isced11_8,2017,0.783
swe,sex_f,age_aggregate_y25_54,edu_isced11_8,2018,0.6
swe,sex_f,age_aggregate_y25_54,edu_isced11_8,2019,1.717
swe,sex_f,age_aggregate_y25_54,edu_isced11_8,2020,2.045
swe,sex_f,age_aggregate_y25_54,edu_isced11_8,2021,0.877
swe,sex_f,age_aggregate_y25_54,edu_isced11_8,2022,0.631
swe,sex_f,age_aggregate_y25_54,edu_isced11_8,2023,1.752
swe,sex_f,age_aggregate_y25_54,edu_isced11_9,2006,1.331
swe,sex_f,age_aggregate_y25_54,edu_isced11_9,2007,0.885
swe,sex_f,age_aggregate_y25_54,edu_isced11_9,2008,0.646
swe,sex_f,age_aggregate_y25_54,edu_isced11_9,2009,1.27
swe,sex_f,age_aggregate_y25_54,edu_isced11_9,2010,0.835
swe,sex_f,age_aggregate_y25_54,edu_isced11_9,2011,1.067
swe,sex_f,age_aggregate_y25_54,edu_isced11_9,2012,0.889
swe,sex_f,age_aggregate_y25_54,edu_isced11_9,2013,1.218
swe,sex_f,age_aggregate_y25_54,edu_isced11_9,2015,0.703
swe,sex_f,age_aggregate_y25_54,edu_isced11_9,2016,0.362
swe,sex_f,age_aggregate_y25_54,edu_isced11_9,2017,0.512
swe,sex_f,age_aggregate_y25_54,edu_isced11_9,2018,1.091
swe,sex_f,age_aggregate_y25_54,edu_isced11_9,2019,1.645
swe,sex_f,age_aggregate_y25_54,edu_isced11_9,2020,0.737
swe,sex_f,age_aggregate_y25_54,edu_isced11_9,2021,1.327
swe,sex_f,age_aggregate_y25_54,edu_isced11_9,2022,1.339
swe,sex_f,age_aggregate_y25_54,edu_isced11_9,2023,1.313
swe,sex_f,age_aggregate_y25_54,edu_isced11_total,2006,83.391
swe,sex_f,age_aggregate_y25_54,edu_isced11_total,2007,72.958
swe,sex_f,age_aggregate_y25_54,edu_isced11_total,2008,72.43
swe,sex_f,age_aggregate_y25_54,edu_isced11_total,2009,92.774
swe,sex_f,age_aggregate_y25_54,edu_isced11_total,2010,103.28
swe,sex_f,age_aggregate_y25_54,edu_isced11_total,2011,92.505
swe,sex_f,age_aggregate_y25_54,edu_isced11_total,2012,91.514
swe,sex_f,age_aggregate_y25_54,edu_isced11_total,2013,98.838
swe,sex_f,age_aggregate_y25_54,edu_isced11_total,2014,96.587
swe,sex_f,age_aggregate_y25_54,edu_isced11_total,2015,96.133
swe,sex_f,age_aggregate_y25_54,edu_isced11_total,2016,90.197
swe,sex_f,age_aggregate_y25_54,edu_isced11_total,2017,89.991
swe,sex_f,age_aggregate_y25_54,edu_isced11_total,2018,91.936
swe,sex_f,age_aggregate_y25_54,edu_isced11_total,2019,99.724
swe,sex_f,age_aggregate_y25_54,edu_isced11_total,2020,124.853
swe,sex_f,age_aggregate_y25_54,edu_isced11_total,2021,135.615
swe,sex_f,age_aggregate_y25_54,edu_isced11_total,2022,108.843
swe,sex_f,age_aggregate_y25_54,edu_isced11_total,2023,114.926
swe,sex_f,age_aggregate_y55_64,edu_aggregate_adv,1996,2.35
swe,sex_f,age_aggregate_y55_64,edu_aggregate_adv,1997,2.094
swe,sex_f,age_aggregate_y55_64,edu_aggregate_adv,1998,2.336
swe,sex_f,age_aggregate_y55_64,edu_aggregate_adv,1999,2.068
swe,sex_f,age_aggregate_y55_64,edu_aggregate_adv,2000,2.295
swe,sex_f,age_aggregate_y55_64,edu_aggregate_adv,2001,2.009
swe,sex_f,age_aggregate_y55_64,edu_aggregate_adv,2002,1.299
swe,sex_f,age_aggregate_y55_64,edu_aggregate_adv,2003,1.796
swe,sex_f,age_aggregate_y55_64,edu_aggregate_adv,2004,3.228
swe,sex_f,age_aggregate_y55_64,edu_aggregate_adv,2005,2.135
swe,sex_f,age_aggregate_y55_64,edu_aggregate_adv,2006,2.931
swe,sex_f,age_aggregate_y55_64,edu_aggregate_adv,2007,2.383
swe,sex_f,age_aggregate_y55_64,edu_aggregate_adv,2008,3.84
swe,sex_f,age_aggregate_y55_64,edu_aggregate_adv,2009,4.452
swe,sex_f,age_aggregate_y55_64,edu_aggregate_adv,2010,4.108
swe,sex_f,age_aggregate_y55_64,edu_aggregate_adv,2011,3.45
swe,sex_f,age_aggregate_y55_64,edu_aggregate_adv,2012,4.134
swe,sex_f,age_aggregate_y55_64,edu_aggregate_adv,2013,3.813
swe,sex_f,age_aggregate_y55_64,edu_aggregate_adv,2014,4.578
swe,sex_f,age_aggregate_y55_64,edu_aggregate_adv,2015,3.878
swe,sex_f,age_aggregate_y55_64,edu_aggregate_adv,2016,4.79
swe,sex_f,age_aggregate_y55_64,edu_aggregate_adv,2017,5.303
swe,sex_f,age_aggregate_y55_64,edu_aggregate_adv,2018,4.131
swe,sex_f,age_aggregate_y55_64,edu_aggregate_adv,2019,4.714
swe,sex_f,age_aggregate_y55_64,edu_aggregate_adv,2020,6.802
swe,sex_f,age_aggregate_y55_64,edu_aggregate_adv,2021,5.497
swe,sex_f,age_aggregate_y55_64,edu_aggregate_adv,2022,6.792
swe,sex_f,age_aggregate_y55_64,edu_aggregate_adv,2023,7.291
swe,sex_f,age_aggregate_y55_64,edu_aggregate_bas,1995,11.176
swe,sex_f,age_aggregate_y55_64,edu_aggregate_bas,1996,10.783
swe,sex_f,age_aggregate_y55_64,edu_aggregate_bas,1997,12.082
swe,sex_f,age_aggregate_y55_64,edu_aggregate_bas,1998,6.973
swe,sex_f,age_aggregate_y55_64,edu_aggregate_bas,1999,6.655
swe,sex_f,age_aggregate_y55_64,edu_aggregate_bas,2000,5.835
swe,sex_f,age_aggregate_y55_64,edu_aggregate_bas,2001,5.057
swe,sex_f,age_aggregate_y55_64,edu_aggregate_bas,2002,5.688
swe,sex_f,age_aggregate_y55_64,edu_aggregate_bas,2003,4.861
swe,sex_f,age_aggregate_y55_64,edu_aggregate_bas,2004,3.4
swe,sex_f,age_aggregate_y55_64,edu_aggregate_bas,2005,4.182
swe,sex_f,age_aggregate_y55_64,edu_aggregate_bas,2006,5.546
swe,sex_f,age_aggregate_y55_64,edu_aggregate_bas,2007,4.732
swe,sex_f,age_aggregate_y55_64,edu_aggregate_bas,2008,4.322
swe,sex_f,age_aggregate_y55_64,edu_aggregate_bas,2009,6.763
swe,sex_f,age_aggregate_y55_64,edu_aggregate_bas,2010,7.926
swe,sex_f,age_aggregate_y55_64,edu_aggregate_bas,2011,7.352
swe,sex_f,age_aggregate_y55_64,edu_aggregate_bas,2012,7.142
swe,sex_f,age_aggregate_y55_64,edu_aggregate_bas,2013,6.227
swe,sex_f,age_aggregate_y55_64,edu_aggregate_bas,2014,6.178
swe,sex_f,age_aggregate_y55_64,edu_aggregate_bas,2015,6.526
swe,sex_f,age_aggregate_y55_64,edu_aggregate_bas,2016,5.704
swe,sex_f,age_aggregate_y55_64,edu_aggregate_bas,2017,6.568
swe,sex_f,age_aggregate_y55_64,edu_aggregate_bas,2018,4.533
swe,sex_f,age_aggregate_y55_64,edu_aggregate_bas,2019,5.255
swe,sex_f,age_aggregate_y55_64,edu_aggregate_bas,2020,7.67
swe,sex_f,age_aggregate_y55_64,edu_aggregate_bas,2021,11.542
swe,sex_f,age_aggregate_y55_64,edu_aggregate_bas,2022,8.37
swe,sex_f,age_aggregate_y55_64,edu_aggregate_bas,2023,7.329
swe,sex_f,age_aggregate_y55_64,edu_aggregate_int,1995,9.47
swe,sex_f,age_aggregate_y55_64,edu_aggregate_int,1996,8.67
swe,sex_f,age_aggregate_y55_64,edu_aggregate_int,1997,9.54
swe,sex_f,age_aggregate_y55_64,edu_aggregate_int,1998,6.549
swe,sex_f,age_aggregate_y55_64,edu_aggregate_int,1999,9.741
swe,sex_f,age_aggregate_y55_64,edu_aggregate_int,2000,6.487
swe,sex_f,age_aggregate_y55_64,edu_aggregate_int,2001,6.555
swe,sex_f,age_aggregate_y55_64,edu_aggregate_int,2002,7.385
swe,sex_f,age_aggregate_y55_64,edu_aggregate_int,2003,6.944
swe,sex_f,age_aggregate_y55_64,edu_aggregate_int,2004,9.826
swe,sex_f,age_aggregate_y55_64,edu_aggregate_int,2005,7.361
swe,sex_f,age_aggregate_y55_64,edu_aggregate_int,2006,7.497
swe,sex_f,age_aggregate_y55_64,edu_aggregate_int,2007,7.674
swe,sex_f,age_aggregate_y55_64,edu_aggregate_int,2008,6.092
swe,sex_f,age_aggregate_y55_64,edu_aggregate_int,2009,8.065
swe,sex_f,age_aggregate_y55_64,edu_aggregate_int,2010,7.988
swe,sex_f,age_aggregate_y55_64,edu_aggregate_int,2011,8.025
swe,sex_f,age_aggregate_y55_64,edu_aggregate_int,2012,8.202
swe,sex_f,age_aggregate_y55_64,edu_aggregate_int,2013,7.689
swe,sex_f,age_aggregate_y55_64,edu_aggregate_int,2014,8.699
swe,sex_f,age_aggregate_y55_64,edu_aggregate_int,2015,9.196
swe,sex_f,age_aggregate_y55_64,edu_aggregate_int,2016,8.471
swe,sex_f,age_aggregate_y55_64,edu_aggregate_int,2017,7.62
swe,sex_f,age_aggregate_y55_64,edu_aggregate_int,2018,8.298
swe,sex_f,age_aggregate_y55_64,edu_aggregate_int,2019,9.273
swe,sex_f,age_aggregate_y55_64,edu_aggregate_int,2020,9.174
swe,sex_f,age_aggregate_y55_64,edu_aggregate_int,2021,11.117
swe,sex_f,age_aggregate_y55_64,edu_aggregate_int,2022,9.695
swe,sex_f,age_aggregate_y55_64,edu_aggregate_int,2023,10.088
swe,sex_f,age_aggregate_y55_64,edu_aggregate_total,1995,21.738
swe,sex_f,age_aggregate_y55_64,edu_aggregate_total,1996,21.804
swe,sex_f,age_aggregate_y55_64,edu_aggregate_total,1997,23.715
swe,sex_f,age_aggregate_y55_64,edu_aggregate_total,1998,15.858
swe,sex_f,age_aggregate_y55_64,edu_aggregate_total,1999,19.035
swe,sex_f,age_aggregate_y55_64,edu_aggregate_total,2000,14.617
swe,sex_f,age_aggregate_y55_64,edu_aggregate_total,2001,13.622
swe,sex_f,age_aggregate_y55_64,edu_aggregate_total,2002,14.563
swe,sex_f,age_aggregate_y55_64,edu_aggregate_total,2003,13.826
swe,sex_f,age_aggregate_y55_64,edu_aggregate_total,2004,16.454
swe,sex_f,age_aggregate_y55_64,edu_aggregate_total,2005,13.678
swe,sex_f,age_aggregate_y55_64,edu_aggregate_total,2006,16.062
swe,sex_f,age_aggregate_y55_64,edu_aggregate_total,2007,14.875
swe,sex_f,age_aggregate_y55_64,edu_aggregate_total,2008,14.363
swe,sex_f,age_aggregate_y55_64,edu_aggregate_total,2009,19.36
swe,sex_f,age_aggregate_y55_64,edu_aggregate_total,2010,20.196
swe,sex_f,age_aggregate_y55_64,edu_aggregate_total,2011,18.994
swe,sex_f,age_aggregate_y55_64,edu_aggregate_total,2012,19.562
swe,sex_f,age_aggregate_y55_64,edu_aggregate_total,2013,17.832
swe,sex_f,age_aggregate_y55_64,edu_aggregate_total,2014,19.455
swe,sex_f,age_aggregate_y55_64,edu_aggregate_total,2015,19.599
swe,sex_f,age_aggregate_y55_64,edu_aggregate_total,2016,19.135
swe,sex_f,age_aggregate_y55_64,edu_aggregate_total,2017,19.491
swe,sex_f,age_aggregate_y55_64,edu_aggregate_total,2018,17.036
swe,sex_f,age_aggregate_y55_64,edu_aggregate_total,2019,19.379
swe,sex_f,age_aggregate_y55_64,edu_aggregate_total,2020,24.025
swe,sex_f,age_aggregate_y55_64,edu_aggregate_total,2021,28.277
swe,sex_f,age_aggregate_y55_64,edu_aggregate_total,2022,24.857
swe,sex_f,age_aggregate_y55_64,edu_aggregate_total,2023,24.798
swe,sex_f,age_aggregate_y55_64,edu_aggregate_x,2010,0.174
swe,sex_f,age_aggregate_y55_64,edu_aggregate_x,2011,0.167
swe,sex_f,age_aggregate_y55_64,edu_aggregate_x,2016,0.171
swe,sex_f,age_aggregate_y55_64,edu_aggregate_x,2020,0.38
swe,sex_f,age_aggregate_y55_64,edu_isced11_1,2006,2.089
swe,sex_f,age_aggregate_y55_64,edu_isced11_1,2007,1.947
swe,sex_f,age_aggregate_y55_64,edu_isced11_1,2008,1.778
swe,sex_f,age_aggregate_y55_64,edu_isced11_1,2009,2.915
swe,sex_f,age_aggregate_y55_64,edu_isced11_1,2010,2.248
swe,sex_f,age_aggregate_y55_64,edu_isced11_1,2011,2.106
swe,sex_f,age_aggregate_y55_64,edu_isced11_1,2012,1.874
swe,sex_f,age_aggregate_y55_64,edu_isced11_1,2013,1.591
swe,sex_f,age_aggregate_y55_64,edu_isced11_1,2014,1.316
swe,sex_f,age_aggregate_y55_64,edu_isced11_1,2015,1.532
swe,sex_f,age_aggregate_y55_64,edu_isced11_1,2016,1.575
swe,sex_f,age_aggregate_y55_64,edu_isced11_1,2017,1.83
swe,sex_f,age_aggregate_y55_64,edu_isced11_1,2018,1.009
swe,sex_f,age_aggregate_y55_64,edu_isced11_1,2019,0.961
swe,sex_f,age_aggregate_y55_64,edu_isced11_1,2020,1.615
swe,sex_f,age_aggregate_y55_64,edu_isced11_1,2021,5.347
swe,sex_f,age_aggregate_y55_64,edu_isced11_1,2022,4.229
swe,sex_f,age_aggregate_y55_64,edu_isced11_1,2023,2.977
swe,sex_f,age_aggregate_y55_64,edu_isced11_2,2006,3.456
swe,sex_f,age_aggregate_y55_64,edu_isced11_2,2007,2.784
swe,sex_f,age_aggregate_y55_64,edu_isced11_2,2008,2.545
swe,sex_f,age_aggregate_y55_64,edu_isced11_2,2009,3.848
swe,sex_f,age_aggregate_y55_64,edu_isced11_2,2010,5.678
swe,sex_f,age_aggregate_y55_64,edu_isced11_2,2011,5.246
swe,sex_f,age_aggregate_y55_64,edu_isced11_2,2012,5.268
swe,sex_f,age_aggregate_y55_64,edu_isced11_2,2013,4.637
swe,sex_f,age_aggregate_y55_64,edu_isced11_2,2014,4.863
swe,sex_f,age_aggregate_y55_64,edu_isced11_2,2015,4.994
swe,sex_f,age_aggregate_y55_64,edu_isced11_2,2016,4.129
swe,sex_f,age_aggregate_y55_64,edu_isced11_2,2017,4.738
swe,sex_f,age_aggregate_y55_64,edu_isced11_2,2018,3.525
swe,sex_f,age_aggregate_y55_64,edu_isced11_2,2019,4.294
swe,sex_f,age_aggregate_y55_64,edu_isced11_2,2020,6.055
swe,sex_f,age_aggregate_y55_64,edu_isced11_2,2021,6.196
swe,sex_f,age_aggregate_y55_64,edu_isced11_2,2022,4.141
swe,sex_f,age_aggregate_y55_64,edu_isced11_2,2023,4.352
swe,sex_f,age_aggregate_y55_64,edu_isced11_3,2006,6.636
swe,sex_f,age_aggregate_y55_64,edu_isced11_3,2007,6.967
swe,sex_f,age_aggregate_y55_64,edu_isced11_3,2008,5.596
swe,sex_f,age_aggregate_y55_64,edu_isced11_3,2009,7.296
swe,sex_f,age_aggregate_y55_64,edu_isced11_3,2010,7.127
swe,sex_f,age_aggregate_y55_64,edu_isced11_3,2011,7.095
swe,sex_f,age_aggregate_y55_64,edu_isced11_3,2012,7.395
swe,sex_f,age_aggregate_y55_64,edu_isced11_3,2013,6.992
swe,sex_f,age_aggregate_y55_64,edu_isced11_3,2014,7.524
swe,sex_f,age_aggregate_y55_64,edu_isced11_3,2015,7.54
swe,sex_f,age_aggregate_y55_64,edu_isced11_3,2016,7.364
swe,sex_f,age_aggregate_y55_64,edu_isced11_3,2017,6.888
swe,sex_f,age_aggregate_y55_64,edu_isced11_3,2018,6.827
swe,sex_f,age_aggregate_y55_64,edu_isced11_3,2019,7.774
swe,sex_f,age_aggregate_y55_64,edu_isced11_3,2020,7.241
swe,sex_f,age_aggregate_y55_64,edu_isced11_3,2021,9.592
swe,sex_f,age_aggregate_y55_64,edu_isced11_3,2022,8.309
swe,sex_f,age_aggregate_y55_64,edu_isced11_3,2023,8.176
swe,sex_f,age_aggregate_y55_64,edu_isced11_4,2006,0.861
swe,sex_f,age_aggregate_y55_64,edu_isced11_4,2007,0.707
swe,sex_f,age_aggregate_y55_64,edu_isced11_4,2008,0.496
swe,sex_f,age_aggregate_y55_64,edu_isced11_4,2009,0.769
swe,sex_f,age_aggregate_y55_64,edu_isced11_4,2010,0.861
swe,sex_f,age_aggregate_y55_64,edu_isced11_4,2011,0.93
swe,sex_f,age_aggregate_y55_64,edu_isced11_4,2012,0.807
swe,sex_f,age_aggregate_y55_64,edu_isced11_4,2013,0.696
swe,sex_f,age_aggregate_y55_64,edu_isced11_4,2014,1.176
swe,sex_f,age_aggregate_y55_64,edu_isced11_4,2015,1.656
swe,sex_f,age_aggregate_y55_64,edu_isced11_4,2016,1.107
swe,sex_f,age_aggregate_y55_64,edu_isced11_4,2017,0.732
swe,sex_f,age_aggregate_y55_64,edu_isced11_4,2018,1.471
swe,sex_f,age_aggregate_y55_64,edu_isced11_4,2019,1.499
swe,sex_f,age_aggregate_y55_64,edu_isced11_4,2020,1.933
swe,sex_f,age_aggregate_y55_64,edu_isced11_4,2021,1.525
swe,sex_f,age_aggregate_y55_64,edu_isced11_4,2022,1.386
swe,sex_f,age_aggregate_y55_64,edu_isced11_4,2023,1.913
swe,sex_f,age_aggregate_y55_64,edu_isced11_5,2006,2.931
swe,sex_f,age_aggregate_y55_64,edu_isced11_5,2007,2.383
swe,sex_f,age_aggregate_y55_64,edu_isced11_5,2008,3.84
swe,sex_f,age_aggregate_y55_64,edu_isced11_5,2009,4.452
swe,sex_f,age_aggregate_y55_64,edu_isced11_5,2010,4.108
swe,sex_f,age_aggregate_y55_64,edu_isced11_5,2011,3.45
swe,sex_f,age_aggregate_y55_64,edu_isced11_5,2012,4.134
swe,sex_f,age_aggregate_y55_64,edu_isced11_5,2013,3.813
swe,sex_f,age_aggregate_y55_64,edu_isced11_5,2014,1.569
swe,sex_f,age_aggregate_y55_64,edu_isced11_5,2015,1.462
swe,sex_f,age_aggregate_y55_64,edu_isced11_5,2016,1.87
swe,sex_f,age_aggregate_y55_64,edu_isced11_5,2017,2.26
swe,sex_f,age_aggregate_y55_64,edu_isced11_5,2018,1.934
swe,sex_f,age_aggregate_y55_64,edu_isced11_5,2019,1.319
swe,sex_f,age_aggregate_y55_64,edu_isced11_5,2020,2.3
swe,sex_f,age_aggregate_y55_64,edu_isced11_5,2021,2.412
swe,sex_f,age_aggregate_y55_64,edu_isced11_5,2022,2.511
swe,sex_f,age_aggregate_y55_64,edu_isced11_5,2023,4.255
swe,sex_f,age_aggregate_y55_64,edu_isced11_6,2014,1.854
swe,sex_f,age_aggregate_y55_64,edu_isced11_6,2015,1.612
swe,sex_f,age_aggregate_y55_64,edu_isced11_6,2016,1.768
swe,sex_f,age_aggregate_y55_64,edu_isced11_6,2017,1.978
swe,sex_f,age_aggregate_y55_64,edu_isced11_6,2018,0.923
swe,sex_f,age_aggregate_y55_64,edu_isced11_6,2019,1.23
swe,sex_f,age_aggregate_y55_64,edu_isced11_6,2020,2.282
swe,sex_f,age_aggregate_y55_64,edu_isced11_6,2021,1.06
swe,sex_f,age_aggregate_y55_64,edu_isced11_6,2022,2.846
swe,sex_f,age_aggregate_y55_64,edu_isced11_6,2023,1.938
swe,sex_f,age_aggregate_y55_64,edu_isced11_7,2014,1.033
swe,sex_f,age_aggregate_y55_64,edu_isced11_7,2015,0.71
swe,sex_f,age_aggregate_y55_64,edu_isced11_7,2016,1.008
swe,sex_f,age_aggregate_y55_64,edu_isced11_7,2017,0.953
swe,sex_f,age_aggregate_y55_64,edu_isced11_7,2018,1.274
swe,sex_f,age_aggregate_y55_64,edu_isced11_7,2019,2.036
swe,sex_f,age_aggregate_y55_64,edu_isced11_7,2020,1.855
swe,sex_f,age_aggregate_y55_64,edu_isced11_7,2021,1.768
swe,sex_f,age_aggregate_y55_64,edu_isced11_7,2022,1.195
swe,sex_f,age_aggregate_y55_64,edu_isced11_7,2023,1.098
swe,sex_f,age_aggregate_y55_64,edu_isced11_8,2014,0.121
swe,sex_f,age_aggregate_y55_64,edu_isced11_8,2015,0.094
swe,sex_f,age_aggregate_y55_64,edu_isced11_8,2016,0.143
swe,sex_f,age_aggregate_y55_64,edu_isced11_8,2017,0.113
swe,sex_f,age_aggregate_y55_64,edu_isced11_8,2018,0
swe,sex_f,age_aggregate_y55_64,edu_isced11_8,2020,0.364
swe,sex_f,age_aggregate_y55_64,edu_isced11_9,2010,0.174
swe,sex_f,age_aggregate_y55_64,edu_isced11_9,2011,0.167
swe,sex_f,age_aggregate_y55_64,edu_isced11_9,2016,0.171
swe,sex_f,age_aggregate_y55_64,edu_isced11_9,2020,0.38
swe,sex_f,age_aggregate_y55_64,edu_isced11_total,2006,16.062
swe,sex_f,age_aggregate_y55_64,edu_isced11_total,2007,14.875
swe,sex_f,age_aggregate_y55_64,edu_isced11_total,2008,14.363
swe,sex_f,age_aggregate_y55_64,edu_isced11_total,2009,19.36
swe,sex_f,age_aggregate_y55_64,edu_isced11_total,2010,20.196
swe,sex_f,age_aggregate_y55_64,edu_isced11_total,2011,18.994
swe,sex_f,age_aggregate_y55_64,edu_isced11_total,2012,19.562
swe,sex_f,age_aggregate_y55_64,edu_isced11_total,2013,17.832
swe,sex_f,age_aggregate_y55_64,edu_isced11_total,2014,19.455
swe,sex_f,age_aggregate_y55_64,edu_isced11_total,2015,19.599
swe,sex_f,age_aggregate_y55_64,edu_isced11_total,2016,19.135
swe,sex_f,age_aggregate_y55_64,edu_isced11_total,2017,19.491
swe,sex_f,age_aggregate_y55_64,edu_isced11_total,2018,17.036
swe,sex_f,age_aggregate_y55_64,edu_isced11_total,2019,19.379
swe,sex_f,age_aggregate_y55_64,edu_isced11_total,2020,24.025
swe,sex_f,age_aggregate_y55_64,edu_isced11_total,2021,28.277
swe,sex_f,age_aggregate_y55_64,edu_isced11_total,2022,24.857
swe,sex_f,age_aggregate_y55_64,edu_isced11_total,2023,24.798
swe,sex_f,age_aggregate_yge65,edu_aggregate_adv,2006,0.178
swe,sex_f,age_aggregate_yge65,edu_aggregate_adv,2007,0.423
swe,sex_f,age_aggregate_yge65,edu_aggregate_adv,2008,0.18
swe,sex_f,age_aggregate_yge65,edu_aggregate_adv,2009,0.56
swe,sex_f,age_aggregate_yge65,edu_aggregate_adv,2010,0.502
swe,sex_f,age_aggregate_yge65,edu_aggregate_adv,2011,0.524
swe,sex_f,age_aggregate_yge65,edu_aggregate_adv,2012,0.734
swe,sex_f,age_aggregate_yge65,edu_aggregate_adv,2013,0.891
swe,sex_f,age_aggregate_yge65,edu_aggregate_adv,2014,0.845
swe,sex_f,age_aggregate_yge65,edu_aggregate_adv,2015,0.678
swe,sex_f,age_aggregate_yge65,edu_aggregate_adv,2016,0.946
swe,sex_f,age_aggregate_yge65,edu_aggregate_adv,2017,1.361
swe,sex_f,age_aggregate_yge65,edu_aggregate_adv,2018,1.219
swe,sex_f,age_aggregate_yge65,edu_aggregate_adv,2019,1.139
swe,sex_f,age_aggregate_yge65,edu_aggregate_adv,2020,0.718
swe,sex_f,age_aggregate_yge65,edu_aggregate_adv,2021,1.29
swe,sex_f,age_aggregate_yge65,edu_aggregate_adv,2022,2.417
swe,sex_f,age_aggregate_yge65,edu_aggregate_adv,2023,2.424
swe,sex_f,age_aggregate_yge65,edu_aggregate_bas,2010,0.232
swe,sex_f,age_aggregate_yge65,edu_aggregate_bas,2011,0.226
swe,sex_f,age_aggregate_yge65,edu_aggregate_bas,2012,0.7
swe,sex_f,age_aggregate_yge65,edu_aggregate_bas,2013,0.334
swe,sex_f,age_aggregate_yge65,edu_aggregate_bas,2014,0.892
swe,sex_f,age_aggregate_yge65,edu_aggregate_bas,2015,0.492
swe,sex_f,age_aggregate_yge65,edu_aggregate_bas,2016,0.33
swe,sex_f,age_aggregate_yge65,edu_aggregate_bas,2017,0.72
swe,sex_f,age_aggregate_yge65,edu_aggregate_bas,2018,0.438
swe,sex_f,age_aggregate_yge65,edu_aggregate_bas,2021,1.043
swe,sex_f,age_aggregate_yge65,edu_aggregate_bas,2023,0.624
swe,sex_f,age_aggregate_yge65,edu_aggregate_int,2007,0.387
swe,sex_f,age_aggregate_yge65,edu_aggregate_int,2008,0.616
swe,sex_f,age_aggregate_yge65,edu_aggregate_int,2009,0.448
swe,sex_f,age_aggregate_yge65,edu_aggregate_int,2010,0.426
swe,sex_f,age_aggregate_yge65,edu_aggregate_int,2011,0.422
swe,sex_f,age_aggregate_yge65,edu_aggregate_int,2012,0.823
swe,sex_f,age_aggregate_yge65,edu_aggregate_int,2013,0.29
swe,sex_f,age_aggregate_yge65,edu_aggregate_int,2014,0.812
swe,sex_f,age_aggregate_yge65,edu_aggregate_int,2015,0.646
swe,sex_f,age_aggregate_yge65,edu_aggregate_int,2016,0.697
swe,sex_f,age_aggregate_yge65,edu_aggregate_int,2017,0.585
swe,sex_f,age_aggregate_yge65,edu_aggregate_int,2018,0.866
swe,sex_f,age_aggregate_yge65,edu_aggregate_int,2019,0.544
swe,sex_f,age_aggregate_yge65,edu_aggregate_int,2020,0.898
swe,sex_f,age_aggregate_yge65,edu_aggregate_int,2021,1.348
swe,sex_f,age_aggregate_yge65,edu_aggregate_int,2022,0.519
swe,sex_f,age_aggregate_yge65,edu_aggregate_int,2023,1.755
swe,sex_f,age_aggregate_yge65,edu_aggregate_total,2006,0.886
swe,sex_f,age_aggregate_yge65,edu_aggregate_total,2007,0.881
swe,sex_f,age_aggregate_yge65,edu_aggregate_total,2008,0.91
swe,sex_f,age_aggregate_yge65,edu_aggregate_total,2009,1.333
swe,sex_f,age_aggregate_yge65,edu_aggregate_total,2010,1.181
swe,sex_f,age_aggregate_yge65,edu_aggregate_total,2011,1.172
swe,sex_f,age_aggregate_yge65,edu_aggregate_total,2012,2.337
swe,sex_f,age_aggregate_yge65,edu_aggregate_total,2013,1.606
swe,sex_f,age_aggregate_yge65,edu_aggregate_total,2014,2.55
swe,sex_f,age_aggregate_yge65,edu_aggregate_total,2015,1.912
swe,sex_f,age_aggregate_yge65,edu_aggregate_total,2016,1.973
swe,sex_f,age_aggregate_yge65,edu_aggregate_total,2017,2.665
swe,sex_f,age_aggregate_yge65,edu_aggregate_total,2018,2.523
swe,sex_f,age_aggregate_yge65,edu_aggregate_total,2019,2.073
swe,sex_f,age_aggregate_yge65,edu_aggregate_total,2020,1.818
swe,sex_f,age_aggregate_yge65,edu_aggregate_total,2021,3.681
swe,sex_f,age_aggregate_yge65,edu_aggregate_total,2022,3.2
swe,sex_f,age_aggregate_yge65,edu_aggregate_total,2023,4.802
swe,sex_f,age_aggregate_yge65,edu_isced11_1,2014,0.299
swe,sex_f,age_aggregate_yge65,edu_isced11_1,2015,0.239
swe,sex_f,age_aggregate_yge65,edu_isced11_2,2010,0.186
swe,sex_f,age_aggregate_yge65,edu_isced11_2,2011,0.16
swe,sex_f,age_aggregate_yge65,edu_isced11_2,2012,0.599
swe,sex_f,age_aggregate_yge65,edu_isced11_2,2013,0.334
swe,sex_f,age_aggregate_yge65,edu_isced11_2,2014,0.593
swe,sex_f,age_aggregate_yge65,edu_isced11_2,2015,0.253
swe,sex_f,age_aggregate_yge65,edu_isced11_2,2016,0.285
swe,sex_f,age_aggregate_yge65,edu_isced11_2,2017,0.72
swe,sex_f,age_aggregate_yge65,edu_isced11_2,2018,0.438
swe,sex_f,age_aggregate_yge65,edu_isced11_2,2021,1.043
swe,sex_f,age_aggregate_yge65,edu_isced11_2,2023,0.624
swe,sex_f,age_aggregate_yge65,edu_isced11_3,2007,0.387
swe,sex_f,age_aggregate_yge65,edu_isced11_3,2008,0.616
swe,sex_f,age_aggregate_yge65,edu_isced11_3,2009,0.333
swe,sex_f,age_aggregate_yge65,edu_isced11_3,2010,0.361
swe,sex_f,age_aggregate_yge65,edu_isced11_3,2011,0.384
swe,sex_f,age_aggregate_yge65,edu_isced11_3,2012,0.757
swe,sex_f,age_aggregate_yge65,edu_isced11_3,2013,0.256
swe,sex_f,age_aggregate_yge65,edu_isced11_3,2014,0.771
swe,sex_f,age_aggregate_yge65,edu_isced11_3,2015,0.604
swe,sex_f,age_aggregate_yge65,edu_isced11_3,2016,0.615
swe,sex_f,age_aggregate_yge65,edu_isced11_3,2017,0.585
swe,sex_f,age_aggregate_yge65,edu_isced11_3,2018,0.866
swe,sex_f,age_aggregate_yge65,edu_isced11_3,2019,0.517
swe,sex_f,age_aggregate_yge65,edu_isced11_3,2020,0.773
swe,sex_f,age_aggregate_yge65,edu_isced11_3,2021,1.291
swe,sex_f,age_aggregate_yge65,edu_isced11_3,2022,0.519
swe,sex_f,age_aggregate_yge65,edu_isced11_3,2023,1.659
swe,sex_f,age_aggregate_yge65,edu_isced11_5,2006,0.178
swe,sex_f,age_aggregate_yge65,edu_isced11_5,2007,0.423
swe,sex_f,age_aggregate_yge65,edu_isced11_5,2008,0.18
swe,sex_f,age_aggregate_yge65,edu_isced11_5,2009,0.56
swe,sex_f,age_aggregate_yge65,edu_isced11_5,2010,0.502
swe,sex_f,age_aggregate_yge65,edu_isced11_5,2011,0.524
swe,sex_f,age_aggregate_yge65,edu_isced11_5,2012,0.734
swe,sex_f,age_aggregate_yge65,edu_isced11_5,2013,0.891
swe,sex_f,age_aggregate_yge65,edu_isced11_5,2014,0.256
swe,sex_f,age_aggregate_yge65,edu_isced11_5,2015,0.315
swe,sex_f,age_aggregate_yge65,edu_isced11_5,2019,0.351
swe,sex_f,age_aggregate_yge65,edu_isced11_5,2022,1.319
swe,sex_f,age_aggregate_yge65,edu_isced11_5,2023,0.922
swe,sex_f,age_aggregate_yge65,edu_isced11_6,2016,0.486
swe,sex_f,age_aggregate_yge65,edu_isced11_6,2017,0.948
swe,sex_f,age_aggregate_yge65,edu_isced11_6,2018,0.548
swe,sex_f,age_aggregate_yge65,edu_isced11_6,2023,0.827
swe,sex_f,age_aggregate_yge65,edu_isced11_7,2014,0.256
swe,sex_f,age_aggregate_yge65,edu_isced11_7,2016,0.284
swe,sex_f,age_aggregate_yge65,edu_isced11_7,2018,0.518
swe,sex_f,age_aggregate_yge65,edu_isced11_7,2022,0.815
swe,sex_f,age_aggregate_yge65,edu_isced11_7,2023,0.583
swe,sex_f,age_aggregate_yge65,edu_isced11_total,2006,0.886
swe,sex_f,age_aggregate_yge65,edu_isced11_total,2007,0.881
swe,sex_f,age_aggregate_yge65,edu_isced11_total,2008,0.91
swe,sex_f,age_aggregate_yge65,edu_isced11_total,2009,1.333
swe,sex_f,age_aggregate_yge65,edu_isced11_total,2010,1.181
swe,sex_f,age_aggregate_yge65,edu_isced11_total,2011,1.172
swe,sex_f,age_aggregate_yge65,edu_isced11_total,2012,2.337
swe,sex_f,age_aggregate_yge65,edu_isced11_total,2013,1.606
swe,sex_f,age_aggregate_yge65,edu_isced11_total,2014,2.55
swe,sex_f,age_aggregate_yge65,edu_isced11_total,2015,1.912
swe,sex_f,age_aggregate_yge65,edu_isced11_total,2016,1.973
swe,sex_f,age_aggregate_yge65,edu_isced11_total,2017,2.665
swe,sex_f,age_aggregate_yge65,edu_isced11_total,2018,2.523
swe,sex_f,age_aggregate_yge65,edu_isced11_total,2019,2.073
swe,sex_f,age_aggregate_yge65,edu_isced11_total,2020,1.818
swe,sex_f,age_aggregate_yge65,edu_isced11_total,2021,3.681
swe,sex_f,age_aggregate_yge65,edu_isced11_total,2022,3.2
swe,sex_f,age_aggregate_yge65,edu_isced11_total,2023,4.802
swe,sex_f,age_ythadult_y15_24,edu_aggregate_adv,1997,2.772
swe,sex_f,age_ythadult_y15_24,edu_aggregate_adv,2001,0.767
swe,sex_f,age_ythadult_y15_24,edu_aggregate_adv,2002,0.93
swe,sex_f,age_ythadult_y15_24,edu_aggregate_adv,2003,1.034
swe,sex_f,age_ythadult_y15_24,edu_aggregate_adv,2004,1.381
swe,sex_f,age_ythadult_y15_24,edu_aggregate_adv,2005,3.292
swe,sex_f,age_ythadult_y15_24,edu_aggregate_adv,2006,3.019
swe,sex_f,age_ythadult_y15_24,edu_aggregate_adv,2007,3.106
swe,sex_f,age_ythadult_y15_24,edu_aggregate_adv,2008,2.795
swe,sex_f,age_ythadult_y15_24,edu_aggregate_adv,2009,3.053
swe,sex_f,age_ythadult_y15_24,edu_aggregate_adv,2010,3.736
swe,sex_f,age_ythadult_y15_24,edu_aggregate_adv,2011,2.855
swe,sex_f,age_ythadult_y15_24,edu_aggregate_adv,2012,4.584
swe,sex_f,age_ythadult_y15_24,edu_aggregate_adv,2013,6.158
swe,sex_f,age_ythadult_y15_24,edu_aggregate_adv,2014,5.45
swe,sex_f,age_ythadult_y15_24,edu_aggregate_adv,2015,5.27
swe,sex_f,age_ythadult_y15_24,edu_aggregate_adv,2016,4.145
swe,sex_f,age_ythadult_y15_24,edu_aggregate_adv,2017,3.691
swe,sex_f,age_ythadult_y15_24,edu_aggregate_adv,2018,2.896
swe,sex_f,age_ythadult_y15_24,edu_aggregate_adv,2019,4.377
swe,sex_f,age_ythadult_y15_24,edu_aggregate_adv,2020,5.225
swe,sex_f,age_ythadult_y15_24,edu_aggregate_adv,2021,3.155
swe,sex_f,age_ythadult_y15_24,edu_aggregate_adv,2022,3.385
swe,sex_f,age_ythadult_y15_24,edu_aggregate_adv,2023,4.303
swe,sex_f,age_ythadult_y15_24,edu_aggregate_bas,1995,12.081
swe,sex_f,age_ythadult_y15_24,edu_aggregate_bas,1996,13.856
swe,sex_f,age_ythadult_y15_24,edu_aggregate_bas,1997,15.563
swe,sex_f,age_ythadult_y15_24,edu_aggregate_bas,1998,11.703
swe,sex_f,age_ythadult_y15_24,edu_aggregate_bas,1999,11.496
swe,sex_f,age_ythadult_y15_24,edu_aggregate_bas,2000,6.31
swe,sex_f,age_ythadult_y15_24,edu_aggregate_bas,2001,12.201
swe,sex_f,age_ythadult_y15_24,edu_aggregate_bas,2002,15.474
swe,sex_f,age_ythadult_y15_24,edu_aggregate_bas,2003,15.338
swe,sex_f,age_ythadult_y15_24,edu_aggregate_bas,2004,19.376
swe,sex_f,age_ythadult_y15_24,edu_aggregate_bas,2005,27.903
swe,sex_f,age_ythadult_y15_24,edu_aggregate_bas,2006,31.996
swe,sex_f,age_ythadult_y15_24,edu_aggregate_bas,2007,31.398
swe,sex_f,age_ythadult_y15_24,edu_aggregate_bas,2008,36.74
swe,sex_f,age_ythadult_y15_24,edu_aggregate_bas,2009,34.699
swe,sex_f,age_ythadult_y15_24,edu_aggregate_bas,2010,34.424
swe,sex_f,age_ythadult_y15_24,edu_aggregate_bas,2011,33.772
swe,sex_f,age_ythadult_y15_24,edu_aggregate_bas,2012,34.693
swe,sex_f,age_ythadult_y15_24,edu_aggregate_bas,2013,35.669
swe,sex_f,age_ythadult_y15_24,edu_aggregate_bas,2014,35.026
swe,sex_f,age_ythadult_y15_24,edu_aggregate_bas,2015,35.076
swe,sex_f,age_ythadult_y15_24,edu_aggregate_bas,2016,31.167
swe,sex_f,age_ythadult_y15_24,edu_aggregate_bas,2017,32.358
swe,sex_f,age_ythadult_y15_24,edu_aggregate_bas,2018,29.852
swe,sex_f,age_ythadult_y15_24,edu_aggregate_bas,2019,39.38
swe,sex_f,age_ythadult_y15_24,edu_aggregate_bas,2020,38.361
swe,sex_f,age_ythadult_y15_24,edu_aggregate_bas,2021,48.624
swe,sex_f,age_ythadult_y15_24,edu_aggregate_bas,2022,48.048
swe,sex_f,age_ythadult_y15_24,edu_aggregate_bas,2023,46.687
swe,sex_f,age_ythadult_y15_24,edu_aggregate_int,1995,33.392
swe,sex_f,age_ythadult_y15_24,edu_aggregate_int,1996,30.987
swe,sex_f,age_ythadult_y15_24,edu_aggregate_int,1997,23.518
swe,sex_f,age_ythadult_y15_24,edu_aggregate_int,1998,18.731
swe,sex_f,age_ythadult_y15_24,edu_aggregate_int,1999,18.522
swe,sex_f,age_ythadult_y15_24,edu_aggregate_int,2000,9.613
swe,sex_f,age_ythadult_y15_24,edu_aggregate_int,2001,9.179
swe,sex_f,age_ythadult_y15_24,edu_aggregate_int,2002,9.374
swe,sex_f,age_ythadult_y15_24,edu_aggregate_int,2003,12.392
swe,sex_f,age_ythadult_y15_24,edu_aggregate_int,2004,18.142
swe,sex_f,age_ythadult_y15_24,edu_aggregate_int,2005,23.003
swe,sex_f,age_ythadult_y15_24,edu_aggregate_int,2006,28.049
swe,sex_f,age_ythadult_y15_24,edu_aggregate_int,2007,24.145
swe,sex_f,age_ythadult_y15_24,edu_aggregate_int,2008,24.832
swe,sex_f,age_ythadult_y15_24,edu_aggregate_int,2009,33.958
swe,sex_f,age_ythadult_y15_24,edu_aggregate_int,2010,34.965
swe,sex_f,age_ythadult_y15_24,edu_aggregate_int,2011,34.444
swe,sex_f,age_ythadult_y15_24,edu_aggregate_int,2012,32.122
swe,sex_f,age_ythadult_y15_24,edu_aggregate_int,2013,31.367
swe,sex_f,age_ythadult_y15_24,edu_aggregate_int,2014,29.883
swe,sex_f,age_ythadult_y15_24,edu_aggregate_int,2015,23.404
swe,sex_f,age_ythadult_y15_24,edu_aggregate_int,2016,18.794
swe,sex_f,age_ythadult_y15_24,edu_aggregate_int,2017,16.353
swe,sex_f,age_ythadult_y15_24,edu_aggregate_int,2018,17.327
swe,sex_f,age_ythadult_y15_24,edu_aggregate_int,2019,16.596
swe,sex_f,age_ythadult_y15_24,edu_aggregate_int,2020,21.382
swe,sex_f,age_ythadult_y15_24,edu_aggregate_int,2021,18.072
swe,sex_f,age_ythadult_y15_24,edu_aggregate_int,2022,20.047
swe,sex_f,age_ythadult_y15_24,edu_aggregate_int,2023,17.578
swe,sex_f,age_ythadult_y15_24,edu_aggregate_total,1995,46.527
swe,sex_f,age_ythadult_y15_24,edu_aggregate_total,1996,46.269
swe,sex_f,age_ythadult_y15_24,edu_aggregate_total,1997,43.35
swe,sex_f,age_ythadult_y15_24,edu_aggregate_total,1998,32.924
swe,sex_f,age_ythadult_y15_24,edu_aggregate_total,1999,31.868
swe,sex_f,age_ythadult_y15_24,edu_aggregate_total,2000,16.308
swe,sex_f,age_ythadult_y15_24,edu_aggregate_total,2001,27.976
swe,sex_f,age_ythadult_y15_24,edu_aggregate_total,2002,31.892
swe,sex_f,age_ythadult_y15_24,edu_aggregate_total,2003,34.397
swe,sex_f,age_ythadult_y15_24,edu_aggregate_total,2004,43.717
swe,sex_f,age_ythadult_y15_24,edu_aggregate_total,2005,62.522
swe,sex_f,age_ythadult_y15_24,edu_aggregate_total,2006,63.818
swe,sex_f,age_ythadult_y15_24,edu_aggregate_total,2007,59.944
swe,sex_f,age_ythadult_y15_24,edu_aggregate_total,2008,64.85
swe,sex_f,age_ythadult_y15_24,edu_aggregate_total,2009,72.927
swe,sex_f,age_ythadult_y15_24,edu_aggregate_total,2010,73.758
swe,sex_f,age_ythadult_y15_24,edu_aggregate_total,2011,71.451
swe,sex_f,age_ythadult_y15_24,edu_aggregate_total,2012,71.633
swe,sex_f,age_ythadult_y15_24,edu_aggregate_total,2013,73.282
swe,sex_f,age_ythadult_y15_24,edu_aggregate_total,2014,70.588
swe,sex_f,age_ythadult_y15_24,edu_aggregate_total,2015,63.75
swe,sex_f,age_ythadult_y15_24,edu_aggregate_total,2016,54.249
swe,sex_f,age_ythadult_y15_24,edu_aggregate_total,2017,52.568
swe,sex_f,age_ythadult_y15_24,edu_aggregate_total,2018,50.074
swe,sex_f,age_ythadult_y15_24,edu_aggregate_total,2019,61.101
swe,sex_f,age_ythadult_y15_24,edu_aggregate_total,2020,65.105
swe,sex_f,age_ythadult_y15_24,edu_aggregate_total,2021,73.103
swe,sex_f,age_ythadult_y15_24,edu_aggregate_total,2022,74.351
swe,sex_f,age_ythadult_y15_24,edu_aggregate_total,2023,70.407
swe,sex_f,age_ythadult_y15_24,edu_aggregate_x,1998,1.758
swe,sex_f,age_ythadult_y15_24,edu_aggregate_x,2001,5.829
swe,sex_f,age_ythadult_y15_24,edu_aggregate_x,2002,6.114
swe,sex_f,age_ythadult_y15_24,edu_aggregate_x,2003,5.632
swe,sex_f,age_ythadult_y15_24,edu_aggregate_x,2004,4.819
swe,sex_f,age_ythadult_y15_24,edu_aggregate_x,2005,8.323
swe,sex_f,age_ythadult_y15_24,edu_aggregate_x,2006,0.755
swe,sex_f,age_ythadult_y15_24,edu_aggregate_x,2007,1.295
swe,sex_f,age_ythadult_y15_24,edu_aggregate_x,2008,0.483
swe,sex_f,age_ythadult_y15_24,edu_aggregate_x,2009,1.218
swe,sex_f,age_ythadult_y15_24,edu_aggregate_x,2010,0.633
swe,sex_f,age_ythadult_y15_24,edu_aggregate_x,2011,0.38
swe,sex_f,age_ythadult_y15_24,edu_aggregate_x,2012,0.235
swe,sex_f,age_ythadult_y15_24,edu_aggregate_x,2014,0.229
swe,sex_f,age_ythadult_y15_24,edu_aggregate_x,2018,0
swe,sex_f,age_ythadult_y15_24,edu_aggregate_x,2019,0.748
swe,sex_f,age_ythadult_y15_24,edu_aggregate_x,2021,3.252
swe,sex_f,age_ythadult_y15_24,edu_aggregate_x,2022,2.87
swe,sex_f,age_ythadult_y15_24,edu_aggregate_x,2023,1.839
swe,sex_f,age_ythadult_y15_24,edu_isced11_1,2006,4.295
swe,sex_f,age_ythadult_y15_24,edu_isced11_1,2007,2.462
swe,sex_f,age_ythadult_y15_24,edu_isced11_1,2008,6.848
swe,sex_f,age_ythadult_y15_24,edu_isced11_1,2009,2.88
swe,sex_f,age_ythadult_y15_24,edu_isced11_1,2010,3.341
swe,sex_f,age_ythadult_y15_24,edu_isced11_1,2011,3.481
swe,sex_f,age_ythadult_y15_24,edu_isced11_1,2012,5.519
swe,sex_f,age_ythadult_y15_24,edu_isced11_1,2013,5.357
swe,sex_f,age_ythadult_y15_24,edu_isced11_1,2014,6.008
swe,sex_f,age_ythadult_y15_24,edu_isced11_1,2015,6.15
swe,sex_f,age_ythadult_y15_24,edu_isced11_1,2016,6.313
swe,sex_f,age_ythadult_y15_24,edu_isced11_1,2017,5.928
swe,sex_f,age_ythadult_y15_24,edu_isced11_1,2018,6.928
swe,sex_f,age_ythadult_y15_24,edu_isced11_1,2019,7.635
swe,sex_f,age_ythadult_y15_24,edu_isced11_1,2020,7.269
swe,sex_f,age_ythadult_y15_24,edu_isced11_1,2021,9.785
swe,sex_f,age_ythadult_y15_24,edu_isced11_1,2022,9.331
swe,sex_f,age_ythadult_y15_24,edu_isced11_1,2023,9.155
swe,sex_f,age_ythadult_y15_24,edu_isced11_2,2006,27.701
swe,sex_f,age_ythadult_y15_24,edu_isced11_2,2007,28.936
swe,sex_f,age_ythadult_y15_24,edu_isced11_2,2008,29.892
swe,sex_f,age_ythadult_y15_24,edu_isced11_2,2009,31.818
swe,sex_f,age_ythadult_y15_24,edu_isced11_2,2010,31.083
swe,sex_f,age_ythadult_y15_24,edu_isced11_2,2011,30.291
swe,sex_f,age_ythadult_y15_24,edu_isced11_2,2012,29.174
swe,sex_f,age_ythadult_y15_24,edu_isced11_2,2013,30.311
swe,sex_f,age_ythadult_y15_24,edu_isced11_2,2014,29.018
swe,sex_f,age_ythadult_y15_24,edu_isced11_2,2015,28.926
swe,sex_f,age_ythadult_y15_24,edu_isced11_2,2016,24.854
swe,sex_f,age_ythadult_y15_24,edu_isced11_2,2017,26.43
swe,sex_f,age_ythadult_y15_24,edu_isced11_2,2018,22.923
swe,sex_f,age_ythadult_y15_24,edu_isced11_2,2019,31.745
swe,sex_f,age_ythadult_y15_24,edu_isced11_2,2020,31.092
swe,sex_f,age_ythadult_y15_24,edu_isced11_2,2021,38.839
swe,sex_f,age_ythadult_y15_24,edu_isced11_2,2022,38.718
swe,sex_f,age_ythadult_y15_24,edu_isced11_2,2023,37.533
swe,sex_f,age_ythadult_y15_24,edu_isced11_3,2006,25.003
swe,sex_f,age_ythadult_y15_24,edu_isced11_3,2007,21.243
swe,sex_f,age_ythadult_y15_24,edu_isced11_3,2008,21.197
swe,sex_f,age_ythadult_y15_24,edu_isced11_3,2009,29.456
swe,sex_f,age_ythadult_y15_24,edu_isced11_3,2010,30.226
swe,sex_f,age_ythadult_y15_24,edu_isced11_3,2011,29.784
swe,sex_f,age_ythadult_y15_24,edu_isced11_3,2012,27.209
swe,sex_f,age_ythadult_y15_24,edu_isced11_3,2013,25.838
swe,sex_f,age_ythadult_y15_24,edu_isced11_3,2014,23.669
swe,sex_f,age_ythadult_y15_24,edu_isced11_3,2015,18.372
swe,sex_f,age_ythadult_y15_24,edu_isced11_3,2016,14.286
swe,sex_f,age_ythadult_y15_24,edu_isced11_3,2017,12.272
swe,sex_f,age_ythadult_y15_24,edu_isced11_3,2018,13.364
swe,sex_f,age_ythadult_y15_24,edu_isced11_3,2019,10.656
swe,sex_f,age_ythadult_y15_24,edu_isced11_3,2020,16.274
swe,sex_f,age_ythadult_y15_24,edu_isced11_3,2021,13.741
swe,sex_f,age_ythadult_y15_24,edu_isced11_3,2022,14.776
swe,sex_f,age_ythadult_y15_24,edu_isced11_3,2023,11.738
swe,sex_f,age_ythadult_y15_24,edu_isced11_4,2006,3.046
swe,sex_f,age_ythadult_y15_24,edu_isced11_4,2007,2.901
swe,sex_f,age_ythadult_y15_24,edu_isced11_4,2008,3.635
swe,sex_f,age_ythadult_y15_24,edu_isced11_4,2009,4.502
swe,sex_f,age_ythadult_y15_24,edu_isced11_4,2010,4.739
swe,sex_f,age_ythadult_y15_24,edu_isced11_4,2011,4.66
swe,sex_f,age_ythadult_y15_24,edu_isced11_4,2012,4.913
swe,sex_f,age_ythadult_y15_24,edu_isced11_4,2013,5.528
swe,sex_f,age_ythadult_y15_24,edu_isced11_4,2014,6.214
swe,sex_f,age_ythadult_y15_24,edu_isced11_4,2015,5.032
swe,sex_f,age_ythadult_y15_24,edu_isced11_4,2016,4.508
swe,sex_f,age_ythadult_y15_24,edu_isced11_4,2017,4.081
swe,sex_f,age_ythadult_y15_24,edu_isced11_4,2018,3.963
swe,sex_f,age_ythadult_y15_24,edu_isced11_4,2019,5.939
swe,sex_f,age_ythadult_y15_24,edu_isced11_4,2020,5.108
swe,sex_f,age_ythadult_y15_24,edu_isced11_4,2021,4.33
swe,sex_f,age_ythadult_y15_24,edu_isced11_4,2022,5.271
swe,sex_f,age_ythadult_y15_24,edu_isced11_4,2023,5.839
swe,sex_f,age_ythadult_y15_24,edu_isced11_5,2006,3.019
swe,sex_f,age_ythadult_y15_24,edu_isced11_5,2007,3.106
swe,sex_f,age_ythadult_y15_24,edu_isced11_5,2008,2.795
swe,sex_f,age_ythadult_y15_24,edu_isced11_5,2009,3.053
swe,sex_f,age_ythadult_y15_24,edu_isced11_5,2010,3.736
swe,sex_f,age_ythadult_y15_24,edu_isced11_5,2011,2.855
swe,sex_f,age_ythadult_y15_24,edu_isced11_5,2012,4.584
swe,sex_f,age_ythadult_y15_24,edu_isced11_5,2013,6.158
swe,sex_f,age_ythadult_y15_24,edu_isced11_5,2014,2.842
swe,sex_f,age_ythadult_y15_24,edu_isced11_5,2015,2.672
swe,sex_f,age_ythadult_y15_24,edu_isced11_5,2016,2.292
swe,sex_f,age_ythadult_y15_24,edu_isced11_5,2017,1.956
swe,sex_f,age_ythadult_y15_24,edu_isced11_5,2018,2.269
swe,sex_f,age_ythadult_y15_24,edu_isced11_5,2019,2.401
swe,sex_f,age_ythadult_y15_24,edu_isced11_5,2020,2.913
swe,sex_f,age_ythadult_y15_24,edu_isced11_5,2021,1.764
swe,sex_f,age_ythadult_y15_24,edu_isced11_5,2022,1.491
swe,sex_f,age_ythadult_y15_24,edu_isced11_5,2023,2.85
swe,sex_f,age_ythadult_y15_24,edu_isced11_6,2014,2.322
swe,sex_f,age_ythadult_y15_24,edu_isced11_6,2015,2.29
swe,sex_f,age_ythadult_y15_24,edu_isced11_6,2016,1.564
swe,sex_f,age_ythadult_y15_24,edu_isced11_6,2017,1.419
swe,sex_f,age_ythadult_y15_24,edu_isced11_6,2018,0.505
swe,sex_f,age_ythadult_y15_24,edu_isced11_6,2019,1.648
swe,sex_f,age_ythadult_y15_24,edu_isced11_6,2020,1.492
swe,sex_f,age_ythadult_y15_24,edu_isced11_6,2021,1.391
swe,sex_f,age_ythadult_y15_24,edu_isced11_6,2022,1.748
swe,sex_f,age_ythadult_y15_24,edu_isced11_6,2023,1.453
swe,sex_f,age_ythadult_y15_24,edu_isced11_7,2014,0.286
swe,sex_f,age_ythadult_y15_24,edu_isced11_7,2015,0.308
swe,sex_f,age_ythadult_y15_24,edu_isced11_7,2016,0.288
swe,sex_f,age_ythadult_y15_24,edu_isced11_7,2017,0.315
swe,sex_f,age_ythadult_y15_24,edu_isced11_7,2020,0.82
swe,sex_f,age_ythadult_y15_24,edu_isced11_9,2006,0.755
swe,sex_f,age_ythadult_y15_24,edu_isced11_9,2007,1.295
swe,sex_f,age_ythadult_y15_24,edu_isced11_9,2008,0.483
swe,sex_f,age_ythadult_y15_24,edu_isced11_9,2009,1.218
swe,sex_f,age_ythadult_y15_24,edu_isced11_9,2010,0.633
swe,sex_f,age_ythadult_y15_24,edu_isced11_9,2011,0.38
swe,sex_f,age_ythadult_y15_24,edu_isced11_9,2012,0.235
swe,sex_f,age_ythadult_y15_24,edu_isced11_9,2014,0.229
swe,sex_f,age_ythadult_y15_24,edu_isced11_9,2018,0
swe,sex_f,age_ythadult_y15_24,edu_isced11_9,2019,0.748
swe,sex_f,age_ythadult_y15_24,edu_isced11_9,2021,3.252
swe,sex_f,age_ythadult_y15_24,edu_isced11_9,2022,2.87
swe,sex_f,age_ythadult_y15_24,edu_isced11_9,2023,1.839
swe,sex_f,age_ythadult_y15_24,edu_isced11_total,2006,63.818
swe,sex_f,age_ythadult_y15_24,edu_isced11_total,2007,59.944
swe,sex_f,age_ythadult_y15_24,edu_isced11_total,2008,64.85
swe,sex_f,age_ythadult_y15_24,edu_isced11_total,2009,72.927
swe,sex_f,age_ythadult_y15_24,edu_isced11_total,2010,73.758
swe,sex_f,age_ythadult_y15_24,edu_isced11_total,2011,71.451
swe,sex_f,age_ythadult_y15_24,edu_isced11_total,2012,71.633
swe,sex_f,age_ythadult_y15_24,edu_isced11_total,2013,73.282
swe,sex_f,age_ythadult_y15_24,edu_isced11_total,2014,70.588
swe,sex_f,age_ythadult_y15_24,edu_isced11_total,2015,63.75
swe,sex_f,age_ythadult_y15_24,edu_isced11_total,2016,54.249
swe,sex_f,age_ythadult_y15_24,edu_isced11_total,2017,52.568
swe,sex_f,age_ythadult_y15_24,edu_isced11_total,2018,50.074
swe,sex_f,age_ythadult_y15_24,edu_isced11_total,2019,61.101
swe,sex_f,age_ythadult_y15_24,edu_isced11_total,2020,65.105
swe,sex_f,age_ythadult_y15_24,edu_isced11_total,2021,73.103
swe,sex_f,age_ythadult_y15_24,edu_isced11_total,2022,74.351
swe,sex_f,age_ythadult_y15_24,edu_isced11_total,2023,70.407
swe,sex_f,age_ythadult_y15_64,edu_aggregate_adv,1995,21.496
swe,sex_f,age_ythadult_y15_64,edu_aggregate_adv,1996,21.555
swe,sex_f,age_ythadult_y15_64,edu_aggregate_adv,1997,21.863
swe,sex_f,age_ythadult_y15_64,edu_aggregate_adv,1998,22.364
swe,sex_f,age_ythadult_y15_64,edu_aggregate_adv,1999,18.751
swe,sex_f,age_ythadult_y15_64,edu_aggregate_adv,2000,15.346
swe,sex_f,age_ythadult_y15_64,edu_aggregate_adv,2001,12.41
swe,sex_f,age_ythadult_y15_64,edu_aggregate_adv,2002,13.735
swe,sex_f,age_ythadult_y15_64,edu_aggregate_adv,2003,16.676
swe,sex_f,age_ythadult_y15_64,edu_aggregate_adv,2004,23.786
swe,sex_f,age_ythadult_y15_64,edu_aggregate_adv,2005,34.038
swe,sex_f,age_ythadult_y15_64,edu_aggregate_adv,2006,31.941
swe,sex_f,age_ythadult_y15_64,edu_aggregate_adv,2007,26.296
swe,sex_f,age_ythadult_y15_64,edu_aggregate_adv,2008,27.273
swe,sex_f,age_ythadult_y15_64,edu_aggregate_adv,2009,34.073
swe,sex_f,age_ythadult_y15_64,edu_aggregate_adv,2010,37.918
swe,sex_f,age_ythadult_y15_64,edu_aggregate_adv,2011,34.913
swe,sex_f,age_ythadult_y15_64,edu_aggregate_adv,2012,36.391
swe,sex_f,age_ythadult_y15_64,edu_aggregate_adv,2013,40.38
swe,sex_f,age_ythadult_y15_64,edu_aggregate_adv,2014,42.093
swe,sex_f,age_ythadult_y15_64,edu_aggregate_adv,2015,42.485
swe,sex_f,age_ythadult_y15_64,edu_aggregate_adv,2016,40.282
swe,sex_f,age_ythadult_y15_64,edu_aggregate_adv,2017,41.366
swe,sex_f,age_ythadult_y15_64,edu_aggregate_adv,2018,38.794
swe,sex_f,age_ythadult_y15_64,edu_aggregate_adv,2019,43.029
swe,sex_f,age_ythadult_y15_64,edu_aggregate_adv,2020,57.977
swe,sex_f,age_ythadult_y15_64,edu_aggregate_adv,2021,56.189
swe,sex_f,age_ythadult_y15_64,edu_aggregate_adv,2022,47.332
swe,sex_f,age_ythadult_y15_64,edu_aggregate_adv,2023,56.441
swe,sex_f,age_ythadult_y15_64,edu_aggregate_bas,1995,47.951
swe,sex_f,age_ythadult_y15_64,edu_aggregate_bas,1996,49.221
swe,sex_f,age_ythadult_y15_64,edu_aggregate_bas,1997,61.672
swe,sex_f,age_ythadult_y15_64,edu_aggregate_bas,1998,46.048
swe,sex_f,age_ythadult_y15_64,edu_aggregate_bas,1999,45.565
swe,sex_f,age_ythadult_y15_64,edu_aggregate_bas,2000,31.828
swe,sex_f,age_ythadult_y15_64,edu_aggregate_bas,2001,27.575
swe,sex_f,age_ythadult_y15_64,edu_aggregate_bas,2002,30.07
swe,sex_f,age_ythadult_y15_64,edu_aggregate_bas,2003,31.091
swe,sex_f,age_ythadult_y15_64,edu_aggregate_bas,2004,32.75
swe,sex_f,age_ythadult_y15_64,edu_aggregate_bas,2005,48.823
swe,sex_f,age_ythadult_y15_64,edu_aggregate_bas,2006,56.86
swe,sex_f,age_ythadult_y15_64,edu_aggregate_bas,2007,55.66
swe,sex_f,age_ythadult_y15_64,edu_aggregate_bas,2008,60.128
swe,sex_f,age_ythadult_y15_64,edu_aggregate_bas,2009,65.121
swe,sex_f,age_ythadult_y15_64,edu_aggregate_bas,2010,69.652
swe,sex_f,age_ythadult_y15_64,edu_aggregate_bas,2011,67.226
swe,sex_f,age_ythadult_y15_64,edu_aggregate_bas,2012,67.659
swe,sex_f,age_ythadult_y15_64,edu_aggregate_bas,2013,71.427
swe,sex_f,age_ythadult_y15_64,edu_aggregate_bas,2014,72.809
swe,sex_f,age_ythadult_y15_64,edu_aggregate_bas,2015,73.268
swe,sex_f,age_ythadult_y15_64,edu_aggregate_bas,2016,67.191
swe,sex_f,age_ythadult_y15_64,edu_aggregate_bas,2017,69.902
swe,sex_f,age_ythadult_y15_64,edu_aggregate_bas,2018,70.718
swe,sex_f,age_ythadult_y15_64,edu_aggregate_bas,2019,83.657
swe,sex_f,age_ythadult_y15_64,edu_aggregate_bas,2020,89.955
swe,sex_f,age_ythadult_y15_64,edu_aggregate_bas,2021,110.173
swe,sex_f,age_ythadult_y15_64,edu_aggregate_bas,2022,97.678
swe,sex_f,age_ythadult_y15_64,edu_aggregate_bas,2023,93.526
swe,sex_f,age_ythadult_y15_64,edu_aggregate_int,1995,97.353
swe,sex_f,age_ythadult_y15_64,edu_aggregate_int,1996,107.855
swe,sex_f,age_ythadult_y15_64,edu_aggregate_int,1997,114.739
swe,sex_f,age_ythadult_y15_64,edu_aggregate_int,1998,90.108
swe,sex_f,age_ythadult_y15_64,edu_aggregate_int,1999,75.778
swe,sex_f,age_ythadult_y15_64,edu_aggregate_int,2000,55.277
swe,sex_f,age_ythadult_y15_64,edu_aggregate_int,2001,47.611
swe,sex_f,age_ythadult_y15_64,edu_aggregate_int,2002,50.228
swe,sex_f,age_ythadult_y15_64,edu_aggregate_int,2003,55.387
swe,sex_f,age_ythadult_y15_64,edu_aggregate_int,2004,73.916
swe,sex_f,age_ythadult_y15_64,edu_aggregate_int,2005,80.588
swe,sex_f,age_ythadult_y15_64,edu_aggregate_int,2006,72.297
swe,sex_f,age_ythadult_y15_64,edu_aggregate_int,2007,63.553
swe,sex_f,age_ythadult_y15_64,edu_aggregate_int,2008,63.005
swe,sex_f,age_ythadult_y15_64,edu_aggregate_int,2009,83.299
swe,sex_f,age_ythadult_y15_64,edu_aggregate_int,2010,88.022
swe,sex_f,age_ythadult_y15_64,edu_aggregate_int,2011,79.198
swe,sex_f,age_ythadult_y15_64,edu_aggregate_int,2012,77.452
swe,sex_f,age_ythadult_y15_64,edu_aggregate_int,2013,76.735
swe,sex_f,age_ythadult_y15_64,edu_aggregate_int,2014,71.321
swe,sex_f,age_ythadult_y15_64,edu_aggregate_int,2015,63.026
swe,sex_f,age_ythadult_y15_64,edu_aggregate_int,2016,55.432
swe,sex_f,age_ythadult_y15_64,edu_aggregate_int,2017,50.105
swe,sex_f,age_ythadult_y15_64,edu_aggregate_int,2018,48.37
swe,sex_f,age_ythadult_y15_64,edu_aggregate_int,2019,50.988
swe,sex_f,age_ythadult_y15_64,edu_aggregate_int,2020,64.797
swe,sex_f,age_ythadult_y15_64,edu_aggregate_int,2021,65.934
swe,sex_f,age_ythadult_y15_64,edu_aggregate_int,2022,58.832
swe,sex_f,age_ythadult_y15_64,edu_aggregate_int,2023,56.924
swe,sex_f,age_ythadult_y15_64,edu_aggregate_total,1995,166.799
swe,sex_f,age_ythadult_y15_64,edu_aggregate_total,1996,180.548
swe,sex_f,age_ythadult_y15_64,edu_aggregate_total,1997,200.46
swe,sex_f,age_ythadult_y15_64,edu_aggregate_total,1998,161.299
swe,sex_f,age_ythadult_y15_64,edu_aggregate_total,1999,141.809
swe,sex_f,age_ythadult_y15_64,edu_aggregate_total,2000,103.974
swe,sex_f,age_ythadult_y15_64,edu_aggregate_total,2001,94.098
swe,sex_f,age_ythadult_y15_64,edu_aggregate_total,2002,100.452
swe,sex_f,age_ythadult_y15_64,edu_aggregate_total,2003,109.586
swe,sex_f,age_ythadult_y15_64,edu_aggregate_total,2004,135.714
swe,sex_f,age_ythadult_y15_64,edu_aggregate_total,2005,172.308
swe,sex_f,age_ythadult_y15_64,edu_aggregate_total,2006,163.271
swe,sex_f,age_ythadult_y15_64,edu_aggregate_total,2007,147.776
swe,sex_f,age_ythadult_y15_64,edu_aggregate_total,2008,151.643
swe,sex_f,age_ythadult_y15_64,edu_aggregate_total,2009,185.062
swe,sex_f,age_ythadult_y15_64,edu_aggregate_total,2010,197.234
swe,sex_f,age_ythadult_y15_64,edu_aggregate_total,2011,182.951
swe,sex_f,age_ythadult_y15_64,edu_aggregate_total,2012,182.709
swe,sex_f,age_ythadult_y15_64,edu_aggregate_total,2013,189.952
swe,sex_f,age_ythadult_y15_64,edu_aggregate_total,2014,186.63
swe,sex_f,age_ythadult_y15_64,edu_aggregate_total,2015,179.482
swe,sex_f,age_ythadult_y15_64,edu_aggregate_total,2016,163.582
swe,sex_f,age_ythadult_y15_64,edu_aggregate_total,2017,162.05
swe,sex_f,age_ythadult_y15_64,edu_aggregate_total,2018,159.045
swe,sex_f,age_ythadult_y15_64,edu_aggregate_total,2019,180.204
swe,sex_f,age_ythadult_y15_64,edu_aggregate_total,2020,213.983
swe,sex_f,age_ythadult_y15_64,edu_aggregate_total,2021,236.995
swe,sex_f,age_ythadult_y15_64,edu_aggregate_total,2022,208.051
swe,sex_f,age_ythadult_y15_64,edu_aggregate_total,2023,210.131
swe,sex_f,age_ythadult_y15_64,edu_aggregate_x,1996,1.918
swe,sex_f,age_ythadult_y15_64,edu_aggregate_x,1997,2.185
swe,sex_f,age_ythadult_y15_64,edu_aggregate_x,2002,6.419
swe,sex_f,age_ythadult_y15_64,edu_aggregate_x,2003,6.432
swe,sex_f,age_ythadult_y15_64,edu_aggregate_x,2006,2.173
swe,sex_f,age_ythadult_y15_64,edu_aggregate_x,2007,2.267
swe,sex_f,age_ythadult_y15_64,edu_aggregate_x,2008,1.237
swe,sex_f,age_ythadult_y15_64,edu_aggregate_x,2009,2.568
swe,sex_f,age_ythadult_y15_64,edu_aggregate_x,2010,1.643
swe,sex_f,age_ythadult_y15_64,edu_aggregate_x,2011,1.614
swe,sex_f,age_ythadult_y15_64,edu_aggregate_x,2012,1.208
swe,sex_f,age_ythadult_y15_64,edu_aggregate_x,2013,1.41
swe,sex_f,age_ythadult_y15_64,edu_aggregate_x,2016,0.677
swe,sex_f,age_ythadult_y15_64,edu_aggregate_x,2017,0.678
swe,sex_f,age_ythadult_y15_64,edu_aggregate_x,2018,1.164
swe,sex_f,age_ythadult_y15_64,edu_aggregate_x,2019,2.529
swe,sex_f,age_ythadult_y15_64,edu_aggregate_x,2020,1.254
swe,sex_f,age_ythadult_y15_64,edu_aggregate_x,2021,4.698
swe,sex_f,age_ythadult_y15_64,edu_aggregate_x,2022,4.21
swe,sex_f,age_ythadult_y15_64,edu_aggregate_x,2023,3.241
swe,sex_f,age_ythadult_y15_64,edu_isced11_1,2006,11.055
swe,sex_f,age_ythadult_y15_64,edu_isced11_1,2007,9.243
swe,sex_f,age_ythadult_y15_64,edu_isced11_1,2008,14.806
swe,sex_f,age_ythadult_y15_64,edu_isced11_1,2009,12.458
swe,sex_f,age_ythadult_y15_64,edu_isced11_1,2010,13.5
swe,sex_f,age_ythadult_y15_64,edu_isced11_1,2011,14.042
swe,sex_f,age_ythadult_y15_64,edu_isced11_1,2012,14.891
swe,sex_f,age_ythadult_y15_64,edu_isced11_1,2013,15.419
swe,sex_f,age_ythadult_y15_64,edu_isced11_1,2014,18.515
swe,sex_f,age_ythadult_y15_64,edu_isced11_1,2015,19.709
swe,sex_f,age_ythadult_y15_64,edu_isced11_1,2016,21.503
swe,sex_f,age_ythadult_y15_64,edu_isced11_1,2017,21.373
swe,sex_f,age_ythadult_y15_64,edu_isced11_1,2018,26.239
swe,sex_f,age_ythadult_y15_64,edu_isced11_1,2019,23.676
swe,sex_f,age_ythadult_y15_64,edu_isced11_1,2020,25.053
swe,sex_f,age_ythadult_y15_64,edu_isced11_1,2021,35.765
swe,sex_f,age_ythadult_y15_64,edu_isced11_1,2022,34.12
swe,sex_f,age_ythadult_y15_64,edu_isced11_1,2023,29.112
swe,sex_f,age_ythadult_y15_64,edu_isced11_2,2006,45.805
swe,sex_f,age_ythadult_y15_64,edu_isced11_2,2007,46.417
swe,sex_f,age_ythadult_y15_64,edu_isced11_2,2008,45.322
swe,sex_f,age_ythadult_y15_64,edu_isced11_2,2009,52.663
swe,sex_f,age_ythadult_y15_64,edu_isced11_2,2010,56.151
swe,sex_f,age_ythadult_y15_64,edu_isced11_2,2011,53.184
swe,sex_f,age_ythadult_y15_64,edu_isced11_2,2012,52.767
swe,sex_f,age_ythadult_y15_64,edu_isced11_2,2013,56.008
swe,sex_f,age_ythadult_y15_64,edu_isced11_2,2014,54.294
swe,sex_f,age_ythadult_y15_64,edu_isced11_2,2015,53.559
swe,sex_f,age_ythadult_y15_64,edu_isced11_2,2016,45.687
swe,sex_f,age_ythadult_y15_64,edu_isced11_2,2017,48.529
swe,sex_f,age_ythadult_y15_64,edu_isced11_2,2018,44.478
swe,sex_f,age_ythadult_y15_64,edu_isced11_2,2019,59.982
swe,sex_f,age_ythadult_y15_64,edu_isced11_2,2020,64.902
swe,sex_f,age_ythadult_y15_64,edu_isced11_2,2021,74.408
swe,sex_f,age_ythadult_y15_64,edu_isced11_2,2022,63.558
swe,sex_f,age_ythadult_y15_64,edu_isced11_2,2023,64.413
swe,sex_f,age_ythadult_y15_64,edu_isced11_3,2006,63.195
swe,sex_f,age_ythadult_y15_64,edu_isced11_3,2007,54.789
swe,sex_f,age_ythadult_y15_64,edu_isced11_3,2008,54.374
swe,sex_f,age_ythadult_y15_64,edu_isced11_3,2009,72.103
swe,sex_f,age_ythadult_y15_64,edu_isced11_3,2010,75.115
swe,sex_f,age_ythadult_y15_64,edu_isced11_3,2011,67.535
swe,sex_f,age_ythadult_y15_64,edu_isced11_3,2012,64.296
swe,sex_f,age_ythadult_y15_64,edu_isced11_3,2013,63.217
swe,sex_f,age_ythadult_y15_64,edu_isced11_3,2014,56.923
swe,sex_f,age_ythadult_y15_64,edu_isced11_3,2015,51.203
swe,sex_f,age_ythadult_y15_64,edu_isced11_3,2016,44.552
swe,sex_f,age_ythadult_y15_64,edu_isced11_3,2017,39.317
swe,sex_f,age_ythadult_y15_64,edu_isced11_3,2018,37.483
swe,sex_f,age_ythadult_y15_64,edu_isced11_3,2019,35.914
swe,sex_f,age_ythadult_y15_64,edu_isced11_3,2020,49.126
swe,sex_f,age_ythadult_y15_64,edu_isced11_3,2021,51.327
swe,sex_f,age_ythadult_y15_64,edu_isced11_3,2022,44.818
swe,sex_f,age_ythadult_y15_64,edu_isced11_3,2023,37.785
swe,sex_f,age_ythadult_y15_64,edu_isced11_4,2006,9.102
swe,sex_f,age_ythadult_y15_64,edu_isced11_4,2007,8.764
swe,sex_f,age_ythadult_y15_64,edu_isced11_4,2008,8.631
swe,sex_f,age_ythadult_y15_64,edu_isced11_4,2009,11.196
swe,sex_f,age_ythadult_y15_64,edu_isced11_4,2010,12.907
swe,sex_f,age_ythadult_y15_64,edu_isced11_4,2011,11.662
swe,sex_f,age_ythadult_y15_64,edu_isced11_4,2012,13.155
swe,sex_f,age_ythadult_y15_64,edu_isced11_4,2013,13.518
swe,sex_f,age_ythadult_y15_64,edu_isced11_4,2014,14.399
swe,sex_f,age_ythadult_y15_64,edu_isced11_4,2015,11.823
swe,sex_f,age_ythadult_y15_64,edu_isced11_4,2016,10.88
swe,sex_f,age_ythadult_y15_64,edu_isced11_4,2017,10.788
swe,sex_f,age_ythadult_y15_64,edu_isced11_4,2018,10.887
swe,sex_f,age_ythadult_y15_64,edu_isced11_4,2019,15.074
swe,sex_f,age_ythadult_y15_64,edu_isced11_4,2020,15.671
swe,sex_f,age_ythadult_y15_64,edu_isced11_4,2021,14.608
swe,sex_f,age_ythadult_y15_64,edu_isced11_4,2022,14.014
swe,sex_f,age_ythadult_y15_64,edu_isced11_4,2023,19.139
swe,sex_f,age_ythadult_y15_64,edu_isced11_5,2006,31.941
swe,sex_f,age_ythadult_y15_64,edu_isced11_5,2007,26.296
swe,sex_f,age_ythadult_y15_64,edu_isced11_5,2008,27.273
swe,sex_f,age_ythadult_y15_64,edu_isced11_5,2009,34.073
swe,sex_f,age_ythadult_y15_64,edu_isced11_5,2010,37.918
swe,sex_f,age_ythadult_y15_64,edu_isced11_5,2011,34.913
swe,sex_f,age_ythadult_y15_64,edu_isced11_5,2012,36.391
swe,sex_f,age_ythadult_y15_64,edu_isced11_5,2013,40.38
swe,sex_f,age_ythadult_y15_64,edu_isced11_5,2014,15.603
swe,sex_f,age_ythadult_y15_64,edu_isced11_5,2015,16.108
swe,sex_f,age_ythadult_y15_64,edu_isced11_5,2016,14.07
swe,sex_f,age_ythadult_y15_64,edu_isced11_5,2017,13.537
swe,sex_f,age_ythadult_y15_64,edu_isced11_5,2018,13.35
swe,sex_f,age_ythadult_y15_64,edu_isced11_5,2019,15.096
swe,sex_f,age_ythadult_y15_64,edu_isced11_5,2020,19.245
swe,sex_f,age_ythadult_y15_64,edu_isced11_5,2021,19.246
swe,sex_f,age_ythadult_y15_64,edu_isced11_5,2022,13.334
swe,sex_f,age_ythadult_y15_64,edu_isced11_5,2023,18.731
swe,sex_f,age_ythadult_y15_64,edu_isced11_6,2014,16.349
swe,sex_f,age_ythadult_y15_64,edu_isced11_6,2015,17.092
swe,sex_f,age_ythadult_y15_64,edu_isced11_6,2016,14.472
swe,sex_f,age_ythadult_y15_64,edu_isced11_6,2017,16.053
swe,sex_f,age_ythadult_y15_64,edu_isced11_6,2018,14.226
swe,sex_f,age_ythadult_y15_64,edu_isced11_6,2019,15.914
swe,sex_f,age_ythadult_y15_64,edu_isced11_6,2020,22.975
swe,sex_f,age_ythadult_y15_64,edu_isced11_6,2021,22.111
swe,sex_f,age_ythadult_y15_64,edu_isced11_6,2022,23.056
swe,sex_f,age_ythadult_y15_64,edu_isced11_6,2023,22.625
swe,sex_f,age_ythadult_y15_64,edu_isced11_7,2014,9.573
swe,sex_f,age_ythadult_y15_64,edu_isced11_7,2015,8.556
swe,sex_f,age_ythadult_y15_64,edu_isced11_7,2016,11.152
swe,sex_f,age_ythadult_y15_64,edu_isced11_7,2017,10.88
swe,sex_f,age_ythadult_y15_64,edu_isced11_7,2018,10.617
swe,sex_f,age_ythadult_y15_64,edu_isced11_7,2019,10.174
swe,sex_f,age_ythadult_y15_64,edu_isced11_7,2020,13.348
swe,sex_f,age_ythadult_y15_64,edu_isced11_7,2022,10.072
swe,sex_f,age_ythadult_y15_64,edu_isced11_7,2023,13.332
swe,sex_f,age_ythadult_y15_64,edu_isced11_9,2006,2.173
swe,sex_f,age_ythadult_y15_64,edu_isced11_9,2007,2.267
swe,sex_f,age_ythadult_y15_64,edu_isced11_9,2008,1.237
swe,sex_f,age_ythadult_y15_64,edu_isced11_9,2009,2.568
swe,sex_f,age_ythadult_y15_64,edu_isced11_9,2010,1.643
swe,sex_f,age_ythadult_y15_64,edu_isced11_9,2011,1.614
swe,sex_f,age_ythadult_y15_64,edu_isced11_9,2012,1.208
swe,sex_f,age_ythadult_y15_64,edu_isced11_9,2013,1.41
swe,sex_f,age_ythadult_y15_64,edu_isced11_9,2016,0.677
swe,sex_f,age_ythadult_y15_64,edu_isced11_9,2017,0.678
swe,sex_f,age_ythadult_y15_64,edu_isced11_9,2018,1.164
swe,sex_f,age_ythadult_y15_64,edu_isced11_9,2019,2.529
swe,sex_f,age_ythadult_y15_64,edu_isced11_9,2020,1.254
swe,sex_f,age_ythadult_y15_64,edu_isced11_9,2021,4.698
swe,sex_f,age_ythadult_y15_64,edu_isced11_9,2022,4.21
swe,sex_f,age_ythadult_y15_64,edu_isced11_9,2023,3.241
swe,sex_f,age_ythadult_y15_64,edu_isced11_total,2006,163.271
swe,sex_f,age_ythadult_y15_64,edu_isced11_total,2007,147.776
swe,sex_f,age_ythadult_y15_64,edu_isced11_total,2008,151.643
swe,sex_f,age_ythadult_y15_64,edu_isced11_total,2009,185.062
swe,sex_f,age_ythadult_y15_64,edu_isced11_total,2010,197.234
swe,sex_f,age_ythadult_y15_64,edu_isced11_total,2011,182.951
swe,sex_f,age_ythadult_y15_64,edu_isced11_total,2012,182.709
swe,sex_f,age_ythadult_y15_64,edu_isced11_total,2013,189.952
swe,sex_f,age_ythadult_y15_64,edu_isced11_total,2014,186.63
swe,sex_f,age_ythadult_y15_64,edu_isced11_total,2015,179.482
swe,sex_f,age_ythadult_y15_64,edu_isced11_total,2016,163.582
swe,sex_f,age_ythadult_y15_64,edu_isced11_total,2017,162.05
swe,sex_f,age_ythadult_y15_64,edu_isced11_total,2018,159.045
swe,sex_f,age_ythadult_y15_64,edu_isced11_total,2019,180.204
swe,sex_f,age_ythadult_y15_64,edu_isced11_total,2020,213.983
swe,sex_f,age_ythadult_y15_64,edu_isced11_total,2021,236.995
swe,sex_f,age_ythadult_y15_64,edu_isced11_total,2022,208.051
swe,sex_f,age_ythadult_y15_64,edu_isced11_total,2023,210.131
swe,sex_f,age_ythadult_yge15,edu_aggregate_adv,1987,4
swe,sex_f,age_ythadult_yge15,edu_aggregate_adv,1988,4
swe,sex_f,age_ythadult_yge15,edu_aggregate_adv,1989,4
swe,sex_f,age_ythadult_yge15,edu_aggregate_adv,1990,4
swe,sex_f,age_ythadult_yge15,edu_aggregate_adv,1991,7
swe,sex_f,age_ythadult_yge15,edu_aggregate_adv,1992,12
swe,sex_f,age_ythadult_yge15,edu_aggregate_adv,1993,19
swe,sex_f,age_ythadult_yge15,edu_aggregate_adv,1994,20
swe,sex_f,age_ythadult_yge15,edu_aggregate_adv,1995,21.496
swe,sex_f,age_ythadult_yge15,edu_aggregate_adv,1996,21.555
swe,sex_f,age_ythadult_yge15,edu_aggregate_adv,1997,21.863
swe,sex_f,age_ythadult_yge15,edu_aggregate_adv,1998,23.15
swe,sex_f,age_ythadult_yge15,edu_aggregate_adv,1999,18.751
swe,sex_f,age_ythadult_yge15,edu_aggregate_adv,2000,15.346
swe,sex_f,age_ythadult_yge15,edu_aggregate_adv,2001,13.223
swe,sex_f,age_ythadult_yge15,edu_aggregate_adv,2002,13.735
swe,sex_f,age_ythadult_yge15,edu_aggregate_adv,2003,16.99
swe,sex_f,age_ythadult_yge15,edu_aggregate_adv,2004,23.786
swe,sex_f,age_ythadult_yge15,edu_aggregate_adv,2005,34.038
swe,sex_f,age_ythadult_yge15,edu_aggregate_adv,2006,32.119
swe,sex_f,age_ythadult_yge15,edu_aggregate_adv,2007,26.719
swe,sex_f,age_ythadult_yge15,edu_aggregate_adv,2008,27.452
swe,sex_f,age_ythadult_yge15,edu_aggregate_adv,2009,34.633
swe,sex_f,age_ythadult_yge15,edu_aggregate_adv,2010,38.42
swe,sex_f,age_ythadult_yge15,edu_aggregate_adv,2011,35.437
swe,sex_f,age_ythadult_yge15,edu_aggregate_adv,2012,37.125
swe,sex_f,age_ythadult_yge15,edu_aggregate_adv,2013,41.271
swe,sex_f,age_ythadult_yge15,edu_aggregate_adv,2014,42.938
swe,sex_f,age_ythadult_yge15,edu_aggregate_adv,2015,43.164
swe,sex_f,age_ythadult_yge15,edu_aggregate_adv,2016,41.228
swe,sex_f,age_ythadult_yge15,edu_aggregate_adv,2017,42.727
swe,sex_f,age_ythadult_yge15,edu_aggregate_adv,2018,40.013
swe,sex_f,age_ythadult_yge15,edu_aggregate_adv,2019,44.168
swe,sex_f,age_ythadult_yge15,edu_aggregate_adv,2020,58.695
swe,sex_f,age_ythadult_yge15,edu_aggregate_adv,2021,57.479
swe,sex_f,age_ythadult_yge15,edu_aggregate_adv,2022,49.749
swe,sex_f,age_ythadult_yge15,edu_aggregate_adv,2023,58.865
swe,sex_f,age_ythadult_yge15,edu_aggregate_bas,1987,19
swe,sex_f,age_ythadult_yge15,edu_aggregate_bas,1988,15
swe,sex_f,age_ythadult_yge15,edu_aggregate_bas,1989,13
swe,sex_f,age_ythadult_yge15,edu_aggregate_bas,1990,15
swe,sex_f,age_ythadult_yge15,edu_aggregate_bas,1991,21
swe,sex_f,age_ythadult_yge15,edu_aggregate_bas,1992,29
swe,sex_f,age_ythadult_yge15,edu_aggregate_bas,1993,42
swe,sex_f,age_ythadult_yge15,edu_aggregate_bas,1994,43
swe,sex_f,age_ythadult_yge15,edu_aggregate_bas,1995,47.951
swe,sex_f,age_ythadult_yge15,edu_aggregate_bas,1996,49.221
swe,sex_f,age_ythadult_yge15,edu_aggregate_bas,1997,61.672
swe,sex_f,age_ythadult_yge15,edu_aggregate_bas,1998,46.048
swe,sex_f,age_ythadult_yge15,edu_aggregate_bas,1999,45.847
swe,sex_f,age_ythadult_yge15,edu_aggregate_bas,2000,31.828
swe,sex_f,age_ythadult_yge15,edu_aggregate_bas,2001,27.982
swe,sex_f,age_ythadult_yge15,edu_aggregate_bas,2002,30.07
swe,sex_f,age_ythadult_yge15,edu_aggregate_bas,2003,31.091
swe,sex_f,age_ythadult_yge15,edu_aggregate_bas,2004,32.75
swe,sex_f,age_ythadult_yge15,edu_aggregate_bas,2005,49.574
swe,sex_f,age_ythadult_yge15,edu_aggregate_bas,2006,57.455
swe,sex_f,age_ythadult_yge15,edu_aggregate_bas,2007,55.731
swe,sex_f,age_ythadult_yge15,edu_aggregate_bas,2008,60.222
swe,sex_f,age_ythadult_yge15,edu_aggregate_bas,2009,65.446
swe,sex_f,age_ythadult_yge15,edu_aggregate_bas,2010,69.883
swe,sex_f,age_ythadult_yge15,edu_aggregate_bas,2011,67.452
swe,sex_f,age_ythadult_yge15,edu_aggregate_bas,2012,68.359
swe,sex_f,age_ythadult_yge15,edu_aggregate_bas,2013,71.76
swe,sex_f,age_ythadult_yge15,edu_aggregate_bas,2014,73.702
swe,sex_f,age_ythadult_yge15,edu_aggregate_bas,2015,73.759
swe,sex_f,age_ythadult_yge15,edu_aggregate_bas,2016,67.521
swe,sex_f,age_ythadult_yge15,edu_aggregate_bas,2017,70.621
swe,sex_f,age_ythadult_yge15,edu_aggregate_bas,2018,71.155
swe,sex_f,age_ythadult_yge15,edu_aggregate_bas,2019,84.047
swe,sex_f,age_ythadult_yge15,edu_aggregate_bas,2020,90.157
swe,sex_f,age_ythadult_yge15,edu_aggregate_bas,2021,111.216
swe,sex_f,age_ythadult_yge15,edu_aggregate_bas,2022,97.942
swe,sex_f,age_ythadult_yge15,edu_aggregate_bas,2023,94.15
swe,sex_f,age_ythadult_yge15,edu_aggregate_int,1987,22
swe,sex_f,age_ythadult_yge15,edu_aggregate_int,1988,18
swe,sex_f,age_ythadult_yge15,edu_aggregate_int,1989,16
swe,sex_f,age_ythadult_yge15,edu_aggregate_int,1990,16
swe,sex_f,age_ythadult_yge15,edu_aggregate_int,1991,28
swe,sex_f,age_ythadult_yge15,edu_aggregate_int,1992,47
swe,sex_f,age_ythadult_yge15,edu_aggregate_int,1993,76
swe,sex_f,age_ythadult_yge15,edu_aggregate_int,1994,76
swe,sex_f,age_ythadult_yge15,edu_aggregate_int,1995,97.353
swe,sex_f,age_ythadult_yge15,edu_aggregate_int,1996,107.855
swe,sex_f,age_ythadult_yge15,edu_aggregate_int,1997,114.739
swe,sex_f,age_ythadult_yge15,edu_aggregate_int,1998,90.108
swe,sex_f,age_ythadult_yge15,edu_aggregate_int,1999,75.778
swe,sex_f,age_ythadult_yge15,edu_aggregate_int,2000,55.277
swe,sex_f,age_ythadult_yge15,edu_aggregate_int,2001,47.611
swe,sex_f,age_ythadult_yge15,edu_aggregate_int,2002,50.648
swe,sex_f,age_ythadult_yge15,edu_aggregate_int,2003,55.702
swe,sex_f,age_ythadult_yge15,edu_aggregate_int,2004,74.15
swe,sex_f,age_ythadult_yge15,edu_aggregate_int,2005,80.588
swe,sex_f,age_ythadult_yge15,edu_aggregate_int,2006,72.41
swe,sex_f,age_ythadult_yge15,edu_aggregate_int,2007,63.94
swe,sex_f,age_ythadult_yge15,edu_aggregate_int,2008,63.62
swe,sex_f,age_ythadult_yge15,edu_aggregate_int,2009,83.747
swe,sex_f,age_ythadult_yge15,edu_aggregate_int,2010,88.448
swe,sex_f,age_ythadult_yge15,edu_aggregate_int,2011,79.62
swe,sex_f,age_ythadult_yge15,edu_aggregate_int,2012,78.275
swe,sex_f,age_ythadult_yge15,edu_aggregate_int,2013,77.025
swe,sex_f,age_ythadult_yge15,edu_aggregate_int,2014,72.133
swe,sex_f,age_ythadult_yge15,edu_aggregate_int,2015,63.673
swe,sex_f,age_ythadult_yge15,edu_aggregate_int,2016,56.129
swe,sex_f,age_ythadult_yge15,edu_aggregate_int,2017,50.689
swe,sex_f,age_ythadult_yge15,edu_aggregate_int,2018,49.236
swe,sex_f,age_ythadult_yge15,edu_aggregate_int,2019,51.532
swe,sex_f,age_ythadult_yge15,edu_aggregate_int,2020,65.695
swe,sex_f,age_ythadult_yge15,edu_aggregate_int,2021,67.282
swe,sex_f,age_ythadult_yge15,edu_aggregate_int,2022,59.351
swe,sex_f,age_ythadult_yge15,edu_aggregate_int,2023,58.678
swe,sex_f,age_ythadult_yge15,edu_aggregate_total,1987,45
swe,sex_f,age_ythadult_yge15,edu_aggregate_total,1988,37
swe,sex_f,age_ythadult_yge15,edu_aggregate_total,1989,33
swe,sex_f,age_ythadult_yge15,edu_aggregate_total,1990,36
swe,sex_f,age_ythadult_yge15,edu_aggregate_total,1991,56
swe,sex_f,age_ythadult_yge15,edu_aggregate_total,1992,89
swe,sex_f,age_ythadult_yge15,edu_aggregate_total,1993,137
swe,sex_f,age_ythadult_yge15,edu_aggregate_total,1994,138
swe,sex_f,age_ythadult_yge15,edu_aggregate_total,1995,166.799
swe,sex_f,age_ythadult_yge15,edu_aggregate_total,1996,180.548
swe,sex_f,age_ythadult_yge15,edu_aggregate_total,1997,200.46
swe,sex_f,age_ythadult_yge15,edu_aggregate_total,1998,162.085
swe,sex_f,age_ythadult_yge15,edu_aggregate_total,1999,142.091
swe,sex_f,age_ythadult_yge15,edu_aggregate_total,2000,103.974
swe,sex_f,age_ythadult_yge15,edu_aggregate_total,2001,95.319
swe,sex_f,age_ythadult_yge15,edu_aggregate_total,2002,100.872
swe,sex_f,age_ythadult_yge15,edu_aggregate_total,2003,110.215
swe,sex_f,age_ythadult_yge15,edu_aggregate_total,2004,135.948
swe,sex_f,age_ythadult_yge15,edu_aggregate_total,2005,173.058
swe,sex_f,age_ythadult_yge15,edu_aggregate_total,2006,164.157
swe,sex_f,age_ythadult_yge15,edu_aggregate_total,2007,148.657
swe,sex_f,age_ythadult_yge15,edu_aggregate_total,2008,152.553
swe,sex_f,age_ythadult_yge15,edu_aggregate_total,2009,186.395
swe,sex_f,age_ythadult_yge15,edu_aggregate_total,2010,198.416
swe,sex_f,age_ythadult_yge15,edu_aggregate_total,2011,184.123
swe,sex_f,age_ythadult_yge15,edu_aggregate_total,2012,185.047
swe,sex_f,age_ythadult_yge15,edu_aggregate_total,2013,191.558
swe,sex_f,age_ythadult_yge15,edu_aggregate_total,2014,189.179
swe,sex_f,age_ythadult_yge15,edu_aggregate_total,2015,181.394
swe,sex_f,age_ythadult_yge15,edu_aggregate_total,2016,165.554
swe,sex_f,age_ythadult_yge15,edu_aggregate_total,2017,164.715
swe,sex_f,age_ythadult_yge15,edu_aggregate_total,2018,161.568
swe,sex_f,age_ythadult_yge15,edu_aggregate_total,2019,182.277
swe,sex_f,age_ythadult_yge15,edu_aggregate_total,2020,215.802
swe,sex_f,age_ythadult_yge15,edu_aggregate_total,2021,240.676
swe,sex_f,age_ythadult_yge15,edu_aggregate_total,2022,211.251
swe,sex_f,age_ythadult_yge15,edu_aggregate_total,2023,214.934
swe,sex_f,age_ythadult_yge15,edu_aggregate_x,1996,1.918
swe,sex_f,age_ythadult_yge15,edu_aggregate_x,1997,2.185
swe,sex_f,age_ythadult_yge15,edu_aggregate_x,1998,2.779
swe,sex_f,age_ythadult_yge15,edu_aggregate_x,1999,1.715
swe,sex_f,age_ythadult_yge15,edu_aggregate_x,2001,6.503
swe,sex_f,age_ythadult_yge15,edu_aggregate_x,2002,6.419
swe,sex_f,age_ythadult_yge15,edu_aggregate_x,2003,6.432
swe,sex_f,age_ythadult_yge15,edu_aggregate_x,2004,5.262
swe,sex_f,age_ythadult_yge15,edu_aggregate_x,2005,8.858
swe,sex_f,age_ythadult_yge15,edu_aggregate_x,2006,2.173
swe,sex_f,age_ythadult_yge15,edu_aggregate_x,2007,2.267
swe,sex_f,age_ythadult_yge15,edu_aggregate_x,2008,1.258
swe,sex_f,age_ythadult_yge15,edu_aggregate_x,2009,2.568
swe,sex_f,age_ythadult_yge15,edu_aggregate_x,2010,1.664
swe,sex_f,age_ythadult_yge15,edu_aggregate_x,2011,1.614
swe,sex_f,age_ythadult_yge15,edu_aggregate_x,2012,1.288
swe,sex_f,age_ythadult_yge15,edu_aggregate_x,2013,1.502
swe,sex_f,age_ythadult_yge15,edu_aggregate_x,2014,0.407
swe,sex_f,age_ythadult_yge15,edu_aggregate_x,2015,0.799
swe,sex_f,age_ythadult_yge15,edu_aggregate_x,2016,0.677
swe,sex_f,age_ythadult_yge15,edu_aggregate_x,2017,0.678
swe,sex_f,age_ythadult_yge15,edu_aggregate_x,2018,1.164
swe,sex_f,age_ythadult_yge15,edu_aggregate_x,2019,2.529
swe,sex_f,age_ythadult_yge15,edu_aggregate_x,2020,1.254
swe,sex_f,age_ythadult_yge15,edu_aggregate_x,2021,4.698
swe,sex_f,age_ythadult_yge15,edu_aggregate_x,2022,4.21
swe,sex_f,age_ythadult_yge15,edu_aggregate_x,2023,3.241
swe,sex_f,age_ythadult_yge15,edu_isced11_1,2006,11.097
swe,sex_f,age_ythadult_yge15,edu_isced11_1,2007,9.314
swe,sex_f,age_ythadult_yge15,edu_isced11_1,2008,14.877
swe,sex_f,age_ythadult_yge15,edu_isced11_1,2009,12.699
swe,sex_f,age_ythadult_yge15,edu_isced11_1,2010,13.546
swe,sex_f,age_ythadult_yge15,edu_isced11_1,2011,14.107
swe,sex_f,age_ythadult_yge15,edu_isced11_1,2012,14.993
swe,sex_f,age_ythadult_yge15,edu_isced11_1,2013,15.419
swe,sex_f,age_ythadult_yge15,edu_isced11_1,2014,18.814
swe,sex_f,age_ythadult_yge15,edu_isced11_1,2015,19.948
swe,sex_f,age_ythadult_yge15,edu_isced11_1,2016,21.548
swe,sex_f,age_ythadult_yge15,edu_isced11_1,2017,21.373
swe,sex_f,age_ythadult_yge15,edu_isced11_1,2018,26.239
swe,sex_f,age_ythadult_yge15,edu_isced11_1,2019,23.797
swe,sex_f,age_ythadult_yge15,edu_isced11_1,2020,25.142
swe,sex_f,age_ythadult_yge15,edu_isced11_1,2021,35.765
swe,sex_f,age_ythadult_yge15,edu_isced11_1,2022,34.12
swe,sex_f,age_ythadult_yge15,edu_isced11_1,2023,29.112
swe,sex_f,age_ythadult_yge15,edu_isced11_2,2006,46.358
swe,sex_f,age_ythadult_yge15,edu_isced11_2,2007,46.417
swe,sex_f,age_ythadult_yge15,edu_isced11_2,2008,45.345
swe,sex_f,age_ythadult_yge15,edu_isced11_2,2009,52.748
swe,sex_f,age_ythadult_yge15,edu_isced11_2,2010,56.337
swe,sex_f,age_ythadult_yge15,edu_isced11_2,2011,53.345
swe,sex_f,age_ythadult_yge15,edu_isced11_2,2012,53.366
swe,sex_f,age_ythadult_yge15,edu_isced11_2,2013,56.342
swe,sex_f,age_ythadult_yge15,edu_isced11_2,2014,54.887
swe,sex_f,age_ythadult_yge15,edu_isced11_2,2015,53.812
swe,sex_f,age_ythadult_yge15,edu_isced11_2,2016,45.973
swe,sex_f,age_ythadult_yge15,edu_isced11_2,2017,49.248
swe,sex_f,age_ythadult_yge15,edu_isced11_2,2018,44.916
swe,sex_f,age_ythadult_yge15,edu_isced11_2,2019,60.25
swe,sex_f,age_ythadult_yge15,edu_isced11_2,2020,65.015
swe,sex_f,age_ythadult_yge15,edu_isced11_2,2021,75.451
swe,sex_f,age_ythadult_yge15,edu_isced11_2,2022,63.821
swe,sex_f,age_ythadult_yge15,edu_isced11_2,2023,65.037
swe,sex_f,age_ythadult_yge15,edu_isced11_3,2006,63.308
swe,sex_f,age_ythadult_yge15,edu_isced11_3,2007,55.176
swe,sex_f,age_ythadult_yge15,edu_isced11_3,2008,54.99
swe,sex_f,age_ythadult_yge15,edu_isced11_3,2009,72.436
swe,sex_f,age_ythadult_yge15,edu_isced11_3,2010,75.476
swe,sex_f,age_ythadult_yge15,edu_isced11_3,2011,67.919
swe,sex_f,age_ythadult_yge15,edu_isced11_3,2012,65.053
swe,sex_f,age_ythadult_yge15,edu_isced11_3,2013,63.473
swe,sex_f,age_ythadult_yge15,edu_isced11_3,2014,57.694
swe,sex_f,age_ythadult_yge15,edu_isced11_3,2015,51.807
swe,sex_f,age_ythadult_yge15,edu_isced11_3,2016,45.168
swe,sex_f,age_ythadult_yge15,edu_isced11_3,2017,39.902
swe,sex_f,age_ythadult_yge15,edu_isced11_3,2018,38.349
swe,sex_f,age_ythadult_yge15,edu_isced11_3,2019,36.431
swe,sex_f,age_ythadult_yge15,edu_isced11_3,2020,49.899
swe,sex_f,age_ythadult_yge15,edu_isced11_3,2021,52.618
swe,sex_f,age_ythadult_yge15,edu_isced11_3,2022,45.337
swe,sex_f,age_ythadult_yge15,edu_isced11_3,2023,39.444
swe,sex_f,age_ythadult_yge15,edu_isced11_4,2006,9.102
swe,sex_f,age_ythadult_yge15,edu_isced11_4,2007,8.764
swe,sex_f,age_ythadult_yge15,edu_isced11_4,2008,8.631
swe,sex_f,age_ythadult_yge15,edu_isced11_4,2009,11.311
swe,sex_f,age_ythadult_yge15,edu_isced11_4,2010,12.972
swe,sex_f,age_ythadult_yge15,edu_isced11_4,2011,11.701
swe,sex_f,age_ythadult_yge15,edu_isced11_4,2012,13.222
swe,sex_f,age_ythadult_yge15,edu_isced11_4,2013,13.552
swe,sex_f,age_ythadult_yge15,edu_isced11_4,2014,14.439
swe,sex_f,age_ythadult_yge15,edu_isced11_4,2015,11.866
swe,sex_f,age_ythadult_yge15,edu_isced11_4,2016,10.961
swe,sex_f,age_ythadult_yge15,edu_isced11_4,2017,10.788
swe,sex_f,age_ythadult_yge15,edu_isced11_4,2018,10.887
swe,sex_f,age_ythadult_yge15,edu_isced11_4,2019,15.101
swe,sex_f,age_ythadult_yge15,edu_isced11_4,2020,15.796
swe,sex_f,age_ythadult_yge15,edu_isced11_4,2021,14.664
swe,sex_f,age_ythadult_yge15,edu_isced11_4,2022,14.014
swe,sex_f,age_ythadult_yge15,edu_isced11_4,2023,19.234
swe,sex_f,age_ythadult_yge15,edu_isced11_5,2006,32.119
swe,sex_f,age_ythadult_yge15,edu_isced11_5,2007,26.719
swe,sex_f,age_ythadult_yge15,edu_isced11_5,2008,27.452
swe,sex_f,age_ythadult_yge15,edu_isced11_5,2009,34.633
swe,sex_f,age_ythadult_yge15,edu_isced11_5,2010,38.42
swe,sex_f,age_ythadult_yge15,edu_isced11_5,2011,35.437
swe,sex_f,age_ythadult_yge15,edu_isced11_5,2012,37.125
swe,sex_f,age_ythadult_yge15,edu_isced11_5,2013,41.271
swe,sex_f,age_ythadult_yge15,edu_isced11_5,2014,15.859
swe,sex_f,age_ythadult_yge15,edu_isced11_5,2015,16.424
swe,sex_f,age_ythadult_yge15,edu_isced11_5,2016,14.188
swe,sex_f,age_ythadult_yge15,edu_isced11_5,2017,13.756
swe,sex_f,age_ythadult_yge15,edu_isced11_5,2018,13.503
swe,sex_f,age_ythadult_yge15,edu_isced11_5,2019,15.447
swe,sex_f,age_ythadult_yge15,edu_isced11_5,2020,19.565
swe,sex_f,age_ythadult_yge15,edu_isced11_5,2021,19.703
swe,sex_f,age_ythadult_yge15,edu_isced11_5,2022,14.653
swe,sex_f,age_ythadult_yge15,edu_isced11_5,2023,19.653
swe,sex_f,age_ythadult_yge15,edu_isced11_6,2014,16.544
swe,sex_f,age_ythadult_yge15,edu_isced11_6,2015,17.284
swe,sex_f,age_ythadult_yge15,edu_isced11_6,2016,14.958
swe,sex_f,age_ythadult_yge15,edu_isced11_6,2017,17.001
swe,sex_f,age_ythadult_yge15,edu_isced11_6,2018,14.774
swe,sex_f,age_ythadult_yge15,edu_isced11_6,2019,16.482
swe,sex_f,age_ythadult_yge15,edu_isced11_6,2020,23.268
swe,sex_f,age_ythadult_yge15,edu_isced11_6,2021,22.48
swe,sex_f,age_ythadult_yge15,edu_isced11_6,2022,23.339
swe,sex_f,age_ythadult_yge15,edu_isced11_6,2023,23.452
swe,sex_f,age_ythadult_yge15,edu_isced11_7,2014,9.829
swe,sex_f,age_ythadult_yge15,edu_isced11_7,2015,8.726
swe,sex_f,age_ythadult_yge15,edu_isced11_7,2016,11.435
swe,sex_f,age_ythadult_yge15,edu_isced11_7,2017,11.034
swe,sex_f,age_ythadult_yge15,edu_isced11_7,2018,11.135
swe,sex_f,age_ythadult_yge15,edu_isced11_7,2019,10.394
swe,sex_f,age_ythadult_yge15,edu_isced11_7,2020,13.454
swe,sex_f,age_ythadult_yge15,edu_isced11_7,2021,13.978
swe,sex_f,age_ythadult_yge15,edu_isced11_7,2022,10.887
swe,sex_f,age_ythadult_yge15,edu_isced11_7,2023,13.915
swe,sex_f,age_ythadult_yge15,edu_isced11_8,2014,0.705
swe,sex_f,age_ythadult_yge15,edu_isced11_8,2015,0.729
swe,sex_f,age_ythadult_yge15,edu_isced11_8,2016,0.646
swe,sex_f,age_ythadult_yge15,edu_isced11_8,2017,0.936
swe,sex_f,age_ythadult_yge15,edu_isced11_8,2018,0.6
swe,sex_f,age_ythadult_yge15,edu_isced11_8,2019,1.845
swe,sex_f,age_ythadult_yge15,edu_isced11_8,2020,2.409
swe,sex_f,age_ythadult_yge15,edu_isced11_8,2021,1.318
swe,sex_f,age_ythadult_yge15,edu_isced11_8,2022,0.87
swe,sex_f,age_ythadult_yge15,edu_isced11_8,2023,1.844
swe,sex_f,age_ythadult_yge15,edu_isced11_9,2006,2.173
swe,sex_f,age_ythadult_yge15,edu_isced11_9,2007,2.267
swe,sex_f,age_ythadult_yge15,edu_isced11_9,2008,1.258
swe,sex_f,age_ythadult_yge15,edu_isced11_9,2009,2.568
swe,sex_f,age_ythadult_yge15,edu_isced11_9,2010,1.664
swe,sex_f,age_ythadult_yge15,edu_isced11_9,2011,1.614
swe,sex_f,age_ythadult_yge15,edu_isced11_9,2012,1.288
swe,sex_f,age_ythadult_yge15,edu_isced11_9,2013,1.502
swe,sex_f,age_ythadult_yge15,edu_isced11_9,2014,0.407
swe,sex_f,age_ythadult_yge15,edu_isced11_9,2015,0.799
swe,sex_f,age_ythadult_yge15,edu_isced11_9,2016,0.677
swe,sex_f,age_ythadult_yge15,edu_isced11_9,2017,0.678
swe,sex_f,age_ythadult_yge15,edu_isced11_9,2018,1.164
swe,sex_f,age_ythadult_yge15,edu_isced11_9,2019,2.529
swe,sex_f,age_ythadult_yge15,edu_isced11_9,2020,1.254
swe,sex_f,age_ythadult_yge15,edu_isced11_9,2021,4.698
swe,sex_f,age_ythadult_yge15,edu_isced11_9,2022,4.21
swe,sex_f,age_ythadult_yge15,edu_isced11_9,2023,3.241
swe,sex_f,age_ythadult_yge15,edu_isced11_total,2006,164.157
swe,sex_f,age_ythadult_yge15,edu_isced11_total,2007,148.657
swe,sex_f,age_ythadult_yge15,edu_isced11_total,2008,152.553
swe,sex_f,age_ythadult_yge15,edu_isced11_total,2009,186.395
swe,sex_f,age_ythadult_yge15,edu_isced11_total,2010,198.416
swe,sex_f,age_ythadult_yge15,edu_isced11_total,2011,184.123
swe,sex_f,age_ythadult_yge15,edu_isced11_total,2012,185.047
swe,sex_f,age_ythadult_yge15,edu_isced11_total,2013,191.558
swe,sex_f,age_ythadult_yge15,edu_isced11_total,2014,189.179
swe,sex_f,age_ythadult_yge15,edu_isced11_total,2015,181.394
swe,sex_f,age_ythadult_yge15,edu_isced11_total,2016,165.554
swe,sex_f,age_ythadult_yge15,edu_isced11_total,2017,164.715
swe,sex_f,age_ythadult_yge15,edu_isced11_total,2018,161.568
swe,sex_f,age_ythadult_yge15,edu_isced11_total,2019,182.277
swe,sex_f,age_ythadult_yge15,edu_isced11_total,2020,215.802
swe,sex_f,age_ythadult_yge15,edu_isced11_total,2021,240.676
swe,sex_f,age_ythadult_yge15,edu_isced11_total,2022,211.251
swe,sex_f,age_ythadult_yge15,edu_isced11_total,2023,214.934
swe,sex_f,age_ythadult_yge25,edu_aggregate_adv,1995,20.441
swe,sex_f,age_ythadult_yge25,edu_aggregate_adv,1996,20.876
swe,sex_f,age_ythadult_yge25,edu_aggregate_adv,1997,19.091
swe,sex_f,age_ythadult_yge25,edu_aggregate_adv,1998,22.417
swe,sex_f,age_ythadult_yge25,edu_aggregate_adv,1999,18.045
swe,sex_f,age_ythadult_yge25,edu_aggregate_adv,2000,14.961
swe,sex_f,age_ythadult_yge25,edu_aggregate_adv,2001,12.456
swe,sex_f,age_ythadult_yge25,edu_aggregate_adv,2002,12.806
swe,sex_f,age_ythadult_yge25,edu_aggregate_adv,2003,15.956
swe,sex_f,age_ythadult_yge25,edu_aggregate_adv,2004,22.406
swe,sex_f,age_ythadult_yge25,edu_aggregate_adv,2005,30.746
swe,sex_f,age_ythadult_yge25,edu_aggregate_adv,2006,29.099
swe,sex_f,age_ythadult_yge25,edu_aggregate_adv,2007,23.613
swe,sex_f,age_ythadult_yge25,edu_aggregate_adv,2008,24.657
swe,sex_f,age_ythadult_yge25,edu_aggregate_adv,2009,31.58
swe,sex_f,age_ythadult_yge25,edu_aggregate_adv,2010,34.684
swe,sex_f,age_ythadult_yge25,edu_aggregate_adv,2011,32.582
swe,sex_f,age_ythadult_yge25,edu_aggregate_adv,2012,32.542
swe,sex_f,age_ythadult_yge25,edu_aggregate_adv,2013,35.114
swe,sex_f,age_ythadult_yge25,edu_aggregate_adv,2014,37.487
swe,sex_f,age_ythadult_yge25,edu_aggregate_adv,2015,37.893
swe,sex_f,age_ythadult_yge25,edu_aggregate_adv,2016,37.083
swe,sex_f,age_ythadult_yge25,edu_aggregate_adv,2017,39.036
swe,sex_f,age_ythadult_yge25,edu_aggregate_adv,2018,37.117
swe,sex_f,age_ythadult_yge25,edu_aggregate_adv,2019,39.791
swe,sex_f,age_ythadult_yge25,edu_aggregate_adv,2020,53.471
swe,sex_f,age_ythadult_yge25,edu_aggregate_adv,2021,54.324
swe,sex_f,age_ythadult_yge25,edu_aggregate_adv,2022,46.364
swe,sex_f,age_ythadult_yge25,edu_aggregate_adv,2023,54.562
swe,sex_f,age_ythadult_yge25,edu_aggregate_bas,1995,35.87
swe,sex_f,age_ythadult_yge25,edu_aggregate_bas,1996,35.364
swe,sex_f,age_ythadult_yge25,edu_aggregate_bas,1997,46.11
swe,sex_f,age_ythadult_yge25,edu_aggregate_bas,1998,34.345
swe,sex_f,age_ythadult_yge25,edu_aggregate_bas,1999,34.351
swe,sex_f,age_ythadult_yge25,edu_aggregate_bas,2000,25.519
swe,sex_f,age_ythadult_yge25,edu_aggregate_bas,2001,15.781
swe,sex_f,age_ythadult_yge25,edu_aggregate_bas,2002,14.596
swe,sex_f,age_ythadult_yge25,edu_aggregate_bas,2003,15.752
swe,sex_f,age_ythadult_yge25,edu_aggregate_bas,2004,13.374
swe,sex_f,age_ythadult_yge25,edu_aggregate_bas,2005,21.67
swe,sex_f,age_ythadult_yge25,edu_aggregate_bas,2006,25.46
swe,sex_f,age_ythadult_yge25,edu_aggregate_bas,2007,24.333
swe,sex_f,age_ythadult_yge25,edu_aggregate_bas,2008,23.482
swe,sex_f,age_ythadult_yge25,edu_aggregate_bas,2009,30.748
swe,sex_f,age_ythadult_yge25,edu_aggregate_bas,2010,35.459
swe,sex_f,age_ythadult_yge25,edu_aggregate_bas,2011,33.68
swe,sex_f,age_ythadult_yge25,edu_aggregate_bas,2012,33.666
swe,sex_f,age_ythadult_yge25,edu_aggregate_bas,2013,36.092
swe,sex_f,age_ythadult_yge25,edu_aggregate_bas,2014,38.676
swe,sex_f,age_ythadult_yge25,edu_aggregate_bas,2015,38.684
swe,sex_f,age_ythadult_yge25,edu_aggregate_bas,2016,36.354
swe,sex_f,age_ythadult_yge25,edu_aggregate_bas,2017,38.263
swe,sex_f,age_ythadult_yge25,edu_aggregate_bas,2018,41.304
swe,sex_f,age_ythadult_yge25,edu_aggregate_bas,2019,44.667
swe,sex_f,age_ythadult_yge25,edu_aggregate_bas,2020,51.796
swe,sex_f,age_ythadult_yge25,edu_aggregate_bas,2021,62.592
swe,sex_f,age_ythadult_yge25,edu_aggregate_bas,2022,49.893
swe,sex_f,age_ythadult_yge25,edu_aggregate_bas,2023,47.462
swe,sex_f,age_ythadult_yge25,edu_aggregate_int,1995,63.961
swe,sex_f,age_ythadult_yge25,edu_aggregate_int,1996,76.868
swe,sex_f,age_ythadult_yge25,edu_aggregate_int,1997,91.222
swe,sex_f,age_ythadult_yge25,edu_aggregate_int,1998,71.378
swe,sex_f,age_ythadult_yge25,edu_aggregate_int,1999,57.255
swe,sex_f,age_ythadult_yge25,edu_aggregate_int,2000,45.664
swe,sex_f,age_ythadult_yge25,edu_aggregate_int,2001,38.432
swe,sex_f,age_ythadult_yge25,edu_aggregate_int,2002,41.274
swe,sex_f,age_ythadult_yge25,edu_aggregate_int,2003,43.31
swe,sex_f,age_ythadult_yge25,edu_aggregate_int,2004,56.007
swe,sex_f,age_ythadult_yge25,edu_aggregate_int,2005,57.585
swe,sex_f,age_ythadult_yge25,edu_aggregate_int,2006,44.361
swe,sex_f,age_ythadult_yge25,edu_aggregate_int,2007,39.795
swe,sex_f,age_ythadult_yge25,edu_aggregate_int,2008,38.788
swe,sex_f,age_ythadult_yge25,edu_aggregate_int,2009,49.789
swe,sex_f,age_ythadult_yge25,edu_aggregate_int,2010,53.484
swe,sex_f,age_ythadult_yge25,edu_aggregate_int,2011,45.176
swe,sex_f,age_ythadult_yge25,edu_aggregate_int,2012,46.153
swe,sex_f,age_ythadult_yge25,edu_aggregate_int,2013,45.659
swe,sex_f,age_ythadult_yge25,edu_aggregate_int,2014,42.25
swe,sex_f,age_ythadult_yge25,edu_aggregate_int,2015,40.269
swe,sex_f,age_ythadult_yge25,edu_aggregate_int,2016,37.335
swe,sex_f,age_ythadult_yge25,edu_aggregate_int,2017,34.336
swe,sex_f,age_ythadult_yge25,edu_aggregate_int,2018,31.909
swe,sex_f,age_ythadult_yge25,edu_aggregate_int,2019,34.936
swe,sex_f,age_ythadult_yge25,edu_aggregate_int,2020,44.313
swe,sex_f,age_ythadult_yge25,edu_aggregate_int,2021,49.21
swe,sex_f,age_ythadult_yge25,edu_aggregate_int,2022,39.304
swe,sex_f,age_ythadult_yge25,edu_aggregate_int,2023,41.1
swe,sex_f,age_ythadult_yge25,edu_aggregate_total,1995,120.272
swe,sex_f,age_ythadult_yge25,edu_aggregate_total,1996,134.279
swe,sex_f,age_ythadult_yge25,edu_aggregate_total,1997,157.11
swe,sex_f,age_ythadult_yge25,edu_aggregate_total,1998,129.161
swe,sex_f,age_ythadult_yge25,edu_aggregate_total,1999,110.223
swe,sex_f,age_ythadult_yge25,edu_aggregate_total,2000,87.666
swe,sex_f,age_ythadult_yge25,edu_aggregate_total,2001,67.343
swe,sex_f,age_ythadult_yge25,edu_aggregate_total,2002,68.98
swe,sex_f,age_ythadult_yge25,edu_aggregate_total,2003,75.817
swe,sex_f,age_ythadult_yge25,edu_aggregate_total,2004,92.23
swe,sex_f,age_ythadult_yge25,edu_aggregate_total,2005,110.536
swe,sex_f,age_ythadult_yge25,edu_aggregate_total,2006,100.338
swe,sex_f,age_ythadult_yge25,edu_aggregate_total,2007,88.713
swe,sex_f,age_ythadult_yge25,edu_aggregate_total,2008,87.703
swe,sex_f,age_ythadult_yge25,edu_aggregate_total,2009,113.468
swe,sex_f,age_ythadult_yge25,edu_aggregate_total,2010,124.657
swe,sex_f,age_ythadult_yge25,edu_aggregate_total,2011,112.671
swe,sex_f,age_ythadult_yge25,edu_aggregate_total,2012,113.414
swe,sex_f,age_ythadult_yge25,edu_aggregate_total,2013,118.276
swe,sex_f,age_ythadult_yge25,edu_aggregate_total,2014,118.591
swe,sex_f,age_ythadult_yge25,edu_aggregate_total,2015,117.644
swe,sex_f,age_ythadult_yge25,edu_aggregate_total,2016,111.305
swe,sex_f,age_ythadult_yge25,edu_aggregate_total,2017,112.147
swe,sex_f,age_ythadult_yge25,edu_aggregate_total,2018,111.494
swe,sex_f,age_ythadult_yge25,edu_aggregate_total,2019,121.175
swe,sex_f,age_ythadult_yge25,edu_aggregate_total,2020,150.696
swe,sex_f,age_ythadult_yge25,edu_aggregate_total,2021,167.573
swe,sex_f,age_ythadult_yge25,edu_aggregate_total,2022,136.9
swe,sex_f,age_ythadult_yge25,edu_aggregate_total,2023,144.527
swe,sex_f,age_ythadult_yge25,edu_aggregate_x,2001,0.674
swe,sex_f,age_ythadult_yge25,edu_aggregate_x,2003,0.8
swe,sex_f,age_ythadult_yge25,edu_aggregate_x,2005,0.535
swe,sex_f,age_ythadult_yge25,edu_aggregate_x,2006,1.418
swe,sex_f,age_ythadult_yge25,edu_aggregate_x,2007,0.972
swe,sex_f,age_ythadult_yge25,edu_aggregate_x,2008,0.775
swe,sex_f,age_ythadult_yge25,edu_aggregate_x,2009,1.351
swe,sex_f,age_ythadult_yge25,edu_aggregate_x,2010,1.031
swe,sex_f,age_ythadult_yge25,edu_aggregate_x,2011,1.234
swe,sex_f,age_ythadult_yge25,edu_aggregate_x,2012,1.053
swe,sex_f,age_ythadult_yge25,edu_aggregate_x,2013,1.412
swe,sex_f,age_ythadult_yge25,edu_aggregate_x,2015,0.799
swe,sex_f,age_ythadult_yge25,edu_aggregate_x,2016,0.533
swe,sex_f,age_ythadult_yge25,edu_aggregate_x,2017,0.512
swe,sex_f,age_ythadult_yge25,edu_aggregate_x,2018,1.164
swe,sex_f,age_ythadult_yge25,edu_aggregate_x,2019,1.781
swe,sex_f,age_ythadult_yge25,edu_aggregate_x,2020,1.117
swe,sex_f,age_ythadult_yge25,edu_aggregate_x,2021,1.446
swe,sex_f,age_ythadult_yge25,edu_aggregate_x,2022,1.339
swe,sex_f,age_ythadult_yge25,edu_aggregate_x,2023,1.402
swe,sex_f,age_ythadult_yge25,edu_isced11_1,2006,6.802
swe,sex_f,age_ythadult_yge25,edu_isced11_1,2007,6.852
swe,sex_f,age_ythadult_yge25,edu_isced11_1,2008,8.03
swe,sex_f,age_ythadult_yge25,edu_isced11_1,2009,9.818
swe,sex_f,age_ythadult_yge25,edu_isced11_1,2010,10.205
swe,sex_f,age_ythadult_yge25,edu_isced11_1,2011,10.626
swe,sex_f,age_ythadult_yge25,edu_isced11_1,2012,9.475
swe,sex_f,age_ythadult_yge25,edu_isced11_1,2013,10.062
swe,sex_f,age_ythadult_yge25,edu_isced11_1,2014,12.806
swe,sex_f,age_ythadult_yge25,edu_isced11_1,2015,13.798
swe,sex_f,age_ythadult_yge25,edu_isced11_1,2016,15.235
swe,sex_f,age_ythadult_yge25,edu_isced11_1,2017,15.445
swe,sex_f,age_ythadult_yge25,edu_isced11_1,2018,19.311
swe,sex_f,age_ythadult_yge25,edu_isced11_1,2019,16.162
swe,sex_f,age_ythadult_yge25,edu_isced11_1,2020,17.873
swe,sex_f,age_ythadult_yge25,edu_isced11_1,2021,25.98
swe,sex_f,age_ythadult_yge25,edu_isced11_1,2022,24.79
swe,sex_f,age_ythadult_yge25,edu_isced11_1,2023,19.958
swe,sex_f,age_ythadult_yge25,edu_isced11_2,2006,18.657
swe,sex_f,age_ythadult_yge25,edu_isced11_2,2007,17.482
swe,sex_f,age_ythadult_yge25,edu_isced11_2,2008,15.452
swe,sex_f,age_ythadult_yge25,edu_isced11_2,2009,20.929
swe,sex_f,age_ythadult_yge25,edu_isced11_2,2010,25.253
swe,sex_f,age_ythadult_yge25,edu_isced11_2,2011,23.054
swe,sex_f,age_ythadult_yge25,edu_isced11_2,2012,24.192
swe,sex_f,age_ythadult_yge25,edu_isced11_2,2013,26.03
swe,sex_f,age_ythadult_yge25,edu_isced11_2,2014,25.869
swe,sex_f,age_ythadult_yge25,edu_isced11_2,2015,24.886
swe,sex_f,age_ythadult_yge25,edu_isced11_2,2016,21.119
swe,sex_f,age_ythadult_yge25,edu_isced11_2,2017,22.818
swe,sex_f,age_ythadult_yge25,edu_isced11_2,2018,21.993
swe,sex_f,age_ythadult_yge25,edu_isced11_2,2019,28.505
swe,sex_f,age_ythadult_yge25,edu_isced11_2,2020,33.923
swe,sex_f,age_ythadult_yge25,edu_isced11_2,2021,36.613
swe,sex_f,age_ythadult_yge25,edu_isced11_2,2022,25.104
swe,sex_f,age_ythadult_yge25,edu_isced11_2,2023,27.505
swe,sex_f,age_ythadult_yge25,edu_isced11_3,2006,38.305
swe,sex_f,age_ythadult_yge25,edu_isced11_3,2007,33.933
swe,sex_f,age_ythadult_yge25,edu_isced11_3,2008,33.793
swe,sex_f,age_ythadult_yge25,edu_isced11_3,2009,42.98
swe,sex_f,age_ythadult_yge25,edu_isced11_3,2010,45.25
swe,sex_f,age_ythadult_yge25,edu_isced11_3,2011,38.135
swe,sex_f,age_ythadult_yge25,edu_isced11_3,2012,37.844
swe,sex_f,age_ythadult_yge25,edu_isced11_3,2013,37.634
swe,sex_f,age_ythadult_yge25,edu_isced11_3,2014,34.025
swe,sex_f,age_ythadult_yge25,edu_isced11_3,2015,33.435
swe,sex_f,age_ythadult_yge25,edu_isced11_3,2016,30.882
swe,sex_f,age_ythadult_yge25,edu_isced11_3,2017,27.63
swe,sex_f,age_ythadult_yge25,edu_isced11_3,2018,24.985
swe,sex_f,age_ythadult_yge25,edu_isced11_3,2019,25.774
swe,sex_f,age_ythadult_yge25,edu_isced11_3,2020,33.625
swe,sex_f,age_ythadult_yge25,edu_isced11_3,2021,38.877
swe,sex_f,age_ythadult_yge25,edu_isced11_3,2022,30.561
swe,sex_f,age_ythadult_yge25,edu_isced11_3,2023,27.706
swe,sex_f,age_ythadult_yge25,edu_isced11_4,2006,6.055
swe,sex_f,age_ythadult_yge25,edu_isced11_4,2007,5.862
swe,sex_f,age_ythadult_yge25,edu_isced11_4,2008,4.996
swe,sex_f,age_ythadult_yge25,edu_isced11_4,2009,6.809
swe,sex_f,age_ythadult_yge25,edu_isced11_4,2010,8.233
swe,sex_f,age_ythadult_yge25,edu_isced11_4,2011,7.04
swe,sex_f,age_ythadult_yge25,edu_isced11_4,2012,8.309
swe,sex_f,age_ythadult_yge25,edu_isced11_4,2013,8.024
swe,sex_f,age_ythadult_yge25,edu_isced11_4,2014,8.225
swe,sex_f,age_ythadult_yge25,edu_isced11_4,2015,6.834
swe,sex_f,age_ythadult_yge25,edu_isced11_4,2016,6.454
swe,sex_f,age_ythadult_yge25,edu_isced11_4,2017,6.706
swe,sex_f,age_ythadult_yge25,edu_isced11_4,2018,6.923
swe,sex_f,age_ythadult_yge25,edu_isced11_4,2019,9.162
swe,sex_f,age_ythadult_yge25,edu_isced11_4,2020,10.688
swe,sex_f,age_ythadult_yge25,edu_isced11_4,2021,10.334
swe,sex_f,age_ythadult_yge25,edu_isced11_4,2022,8.742
swe,sex_f,age_ythadult_yge25,edu_isced11_4,2023,13.395
swe,sex_f,age_ythadult_yge25,edu_isced11_5,2006,29.099
swe,sex_f,age_ythadult_yge25,edu_isced11_5,2007,23.613
swe,sex_f,age_ythadult_yge25,edu_isced11_5,2008,24.657
swe,sex_f,age_ythadult_yge25,edu_isced11_5,2009,31.58
swe,sex_f,age_ythadult_yge25,edu_isced11_5,2010,34.684
swe,sex_f,age_ythadult_yge25,edu_isced11_5,2011,32.582
swe,sex_f,age_ythadult_yge25,edu_isced11_5,2012,32.542
swe,sex_f,age_ythadult_yge25,edu_isced11_5,2013,35.114
swe,sex_f,age_ythadult_yge25,edu_isced11_5,2014,13.017
swe,sex_f,age_ythadult_yge25,edu_isced11_5,2015,13.752
swe,sex_f,age_ythadult_yge25,edu_isced11_5,2016,11.896
swe,sex_f,age_ythadult_yge25,edu_isced11_5,2017,11.8
swe,sex_f,age_ythadult_yge25,edu_isced11_5,2018,11.235
swe,sex_f,age_ythadult_yge25,edu_isced11_5,2019,13.046
swe,sex_f,age_ythadult_yge25,edu_isced11_5,2020,16.652
swe,sex_f,age_ythadult_yge25,edu_isced11_5,2021,17.939
swe,sex_f,age_ythadult_yge25,edu_isced11_5,2022,13.162
swe,sex_f,age_ythadult_yge25,edu_isced11_5,2023,16.803
swe,sex_f,age_ythadult_yge25,edu_isced11_6,2014,14.222
swe,sex_f,age_ythadult_yge25,edu_isced11_6,2015,14.994
swe,sex_f,age_ythadult_yge25,edu_isced11_6,2016,13.394
swe,sex_f,age_ythadult_yge25,edu_isced11_6,2017,15.582
swe,sex_f,age_ythadult_yge25,edu_isced11_6,2018,14.27
swe,sex_f,age_ythadult_yge25,edu_isced11_6,2019,14.834
swe,sex_f,age_ythadult_yge25,edu_isced11_6,2020,21.776
swe,sex_f,age_ythadult_yge25,edu_isced11_6,2021,21.09
swe,sex_f,age_ythadult_yge25,edu_isced11_6,2022,21.592
swe,sex_f,age_ythadult_yge25,edu_isced11_6,2023,21.999
swe,sex_f,age_ythadult_yge25,edu_isced11_7,2014,9.543
swe,sex_f,age_ythadult_yge25,edu_isced11_7,2015,8.418
swe,sex_f,age_ythadult_yge25,edu_isced11_7,2016,11.147
swe,sex_f,age_ythadult_yge25,edu_isced11_7,2017,10.719
swe,sex_f,age_ythadult_yge25,edu_isced11_7,2018,11.014
swe,sex_f,age_ythadult_yge25,edu_isced11_7,2019,10.066
swe,sex_f,age_ythadult_yge25,edu_isced11_7,2020,12.634
swe,sex_f,age_ythadult_yge25,edu_isced11_7,2021,13.978
swe,sex_f,age_ythadult_yge25,edu_isced11_7,2022,10.74
swe,sex_f,age_ythadult_yge25,edu_isced11_7,2023,13.915
swe,sex_f,age_ythadult_yge25,edu_isced11_8,2014,0.705
swe,sex_f,age_ythadult_yge25,edu_isced11_8,2015,0.729
swe,sex_f,age_ythadult_yge25,edu_isced11_8,2016,0.646
swe,sex_f,age_ythadult_yge25,edu_isced11_8,2017,0.936
swe,sex_f,age_ythadult_yge25,edu_isced11_8,2018,0.6
swe,sex_f,age_ythadult_yge25,edu_isced11_8,2019,1.845
swe,sex_f,age_ythadult_yge25,edu_isced11_8,2020,2.409
swe,sex_f,age_ythadult_yge25,edu_isced11_8,2021,1.318
swe,sex_f,age_ythadult_yge25,edu_isced11_8,2022,0.87
swe,sex_f,age_ythadult_yge25,edu_isced11_8,2023,1.844
swe,sex_f,age_ythadult_yge25,edu_isced11_9,2006,1.418
swe,sex_f,age_ythadult_yge25,edu_isced11_9,2007,0.972
swe,sex_f,age_ythadult_yge25,edu_isced11_9,2008,0.775
swe,sex_f,age_ythadult_yge25,edu_isced11_9,2009,1.351
swe,sex_f,age_ythadult_yge25,edu_isced11_9,2010,1.031
swe,sex_f,age_ythadult_yge25,edu_isced11_9,2011,1.234
swe,sex_f,age_ythadult_yge25,edu_isced11_9,2012,1.053
swe,sex_f,age_ythadult_yge25,edu_isced11_9,2013,1.412
swe,sex_f,age_ythadult_yge25,edu_isced11_9,2015,0.799
swe,sex_f,age_ythadult_yge25,edu_isced11_9,2016,0.533
swe,sex_f,age_ythadult_yge25,edu_isced11_9,2017,0.512
swe,sex_f,age_ythadult_yge25,edu_isced11_9,2018,1.164
swe,sex_f,age_ythadult_yge25,edu_isced11_9,2019,1.781
swe,sex_f,age_ythadult_yge25,edu_isced11_9,2020,1.117
swe,sex_f,age_ythadult_yge25,edu_isced11_9,2021,1.446
swe,sex_f,age_ythadult_yge25,edu_isced11_9,2022,1.339
swe,sex_f,age_ythadult_yge25,edu_isced11_9,2023,1.402
swe,sex_f,age_ythadult_yge25,edu_isced11_total,2006,100.338
swe,sex_f,age_ythadult_yge25,edu_isced11_total,2007,88.713
swe,sex_f,age_ythadult_yge25,edu_isced11_total,2008,87.703
swe,sex_f,age_ythadult_yge25,edu_isced11_total,2009,113.468
swe,sex_f,age_ythadult_yge25,edu_isced11_total,2010,124.657
swe,sex_f,age_ythadult_yge25,edu_isced11_total,2011,112.671
swe,sex_f,age_ythadult_yge25,edu_isced11_total,2012,113.414
swe,sex_f,age_ythadult_yge25,edu_isced11_total,2013,118.276
swe,sex_f,age_ythadult_yge25,edu_isced11_total,2014,118.591
swe,sex_f,age_ythadult_yge25,edu_isced11_total,2015,117.644
swe,sex_f,age_ythadult_yge25,edu_isced11_total,2016,111.305
swe,sex_f,age_ythadult_yge25,edu_isced11_total,2017,112.147
swe,sex_f,age_ythadult_yge25,edu_isced11_total,2018,111.494
swe,sex_f,age_ythadult_yge25,edu_isced11_total,2019,121.175
swe,sex_f,age_ythadult_yge25,edu_isced11_total,2020,150.696
swe,sex_f,age_ythadult_yge25,edu_isced11_total,2021,167.573
swe,sex_f,age_ythadult_yge25,edu_isced11_total,2022,136.9
swe,sex_f,age_ythadult_yge25,edu_isced11_total,2023,144.527
swe,sex_m,age_10yrbands_total,edu_aggregate_adv,1995,24.862
swe,sex_m,age_10yrbands_total,edu_aggregate_adv,1996,29.054
swe,sex_m,age_10yrbands_total,edu_aggregate_adv,1997,28.656
swe,sex_m,age_10yrbands_total,edu_aggregate_adv,1998,30.487
swe,sex_m,age_10yrbands_total,edu_aggregate_adv,1999,29.848
swe,sex_m,age_10yrbands_total,edu_aggregate_adv,2000,22.711
swe,sex_m,age_10yrbands_total,edu_aggregate_adv,2001,12.44
swe,sex_m,age_10yrbands_total,edu_aggregate_adv,2002,17.105
swe,sex_m,age_10yrbands_total,edu_aggregate_adv,2003,25.239
swe,sex_m,age_10yrbands_total,edu_aggregate_adv,2004,25.812
swe,sex_m,age_10yrbands_total,edu_aggregate_adv,2005,29.937
swe,sex_m,age_10yrbands_total,edu_aggregate_adv,2006,27.068
swe,sex_m,age_10yrbands_total,edu_aggregate_adv,2007,24.405
swe,sex_m,age_10yrbands_total,edu_aggregate_adv,2008,23.767
swe,sex_m,age_10yrbands_total,edu_aggregate_adv,2009,33.42
swe,sex_m,age_10yrbands_total,edu_aggregate_adv,2010,35.043
swe,sex_m,age_10yrbands_total,edu_aggregate_adv,2011,32.817
swe,sex_m,age_10yrbands_total,edu_aggregate_adv,2012,35.793
swe,sex_m,age_10yrbands_total,edu_aggregate_adv,2013,35.697
swe,sex_m,age_10yrbands_total,edu_aggregate_adv,2014,40.465
swe,sex_m,age_10yrbands_total,edu_aggregate_adv,2015,41.361
swe,sex_m,age_10yrbands_total,edu_aggregate_adv,2016,42.679
swe,sex_m,age_10yrbands_total,edu_aggregate_adv,2017,44.362
swe,sex_m,age_10yrbands_total,edu_aggregate_adv,2018,42.659
swe,sex_m,age_10yrbands_total,edu_aggregate_adv,2019,41.552
swe,sex_m,age_10yrbands_total,edu_aggregate_adv,2020,52.73
swe,sex_m,age_10yrbands_total,edu_aggregate_adv,2021,49.393
swe,sex_m,age_10yrbands_total,edu_aggregate_adv,2022,36.934
swe,sex_m,age_10yrbands_total,edu_aggregate_adv,2023,44.573
swe,sex_m,age_10yrbands_total,edu_aggregate_bas,1995,74.897
swe,sex_m,age_10yrbands_total,edu_aggregate_bas,1996,72.264
swe,sex_m,age_10yrbands_total,edu_aggregate_bas,1997,82.802
swe,sex_m,age_10yrbands_total,edu_aggregate_bas,1998,69.21
swe,sex_m,age_10yrbands_total,edu_aggregate_bas,1999,60.021
swe,sex_m,age_10yrbands_total,edu_aggregate_bas,2000,42.665
swe,sex_m,age_10yrbands_total,edu_aggregate_bas,2001,39.239
swe,sex_m,age_10yrbands_total,edu_aggregate_bas,2002,33.915
swe,sex_m,age_10yrbands_total,edu_aggregate_bas,2003,37.733
swe,sex_m,age_10yrbands_total,edu_aggregate_bas,2004,43.519
swe,sex_m,age_10yrbands_total,edu_aggregate_bas,2005,57.025
swe,sex_m,age_10yrbands_total,edu_aggregate_bas,2006,61.076
swe,sex_m,age_10yrbands_total,edu_aggregate_bas,2007,55.408
swe,sex_m,age_10yrbands_total,edu_aggregate_bas,2008,58.477
swe,sex_m,age_10yrbands_total,edu_aggregate_bas,2009,75.007
swe,sex_m,age_10yrbands_total,edu_aggregate_bas,2010,79.684
swe,sex_m,age_10yrbands_total,edu_aggregate_bas,2011,76.854
swe,sex_m,age_10yrbands_total,edu_aggregate_bas,2012,82.448
swe,sex_m,age_10yrbands_total,edu_aggregate_bas,2013,83.535
swe,sex_m,age_10yrbands_total,edu_aggregate_bas,2014,82.817
swe,sex_m,age_10yrbands_total,edu_aggregate_bas,2015,77.222
swe,sex_m,age_10yrbands_total,edu_aggregate_bas,2016,79.609
swe,sex_m,age_10yrbands_total,edu_aggregate_bas,2017,78.301
swe,sex_m,age_10yrbands_total,edu_aggregate_bas,2018,79.832
swe,sex_m,age_10yrbands_total,edu_aggregate_bas,2019,83.774
swe,sex_m,age_10yrbands_total,edu_aggregate_bas,2020,103.728
swe,sex_m,age_10yrbands_total,edu_aggregate_bas,2021,110.591
swe,sex_m,age_10yrbands_total,edu_aggregate_bas,2022,101.443
swe,sex_m,age_10yrbands_total,edu_aggregate_bas,2023,98.58
swe,sex_m,age_10yrbands_total,edu_aggregate_int,1995,128.763
swe,sex_m,age_10yrbands_total,edu_aggregate_int,1996,134.64
swe,sex_m,age_10yrbands_total,edu_aggregate_int,1997,134.718
swe,sex_m,age_10yrbands_total,edu_aggregate_int,1998,120.855
swe,sex_m,age_10yrbands_total,edu_aggregate_int,1999,100.08
swe,sex_m,age_10yrbands_total,edu_aggregate_int,2000,67.004
swe,sex_m,age_10yrbands_total,edu_aggregate_int,2001,63.735
swe,sex_m,age_10yrbands_total,edu_aggregate_int,2002,70.3
swe,sex_m,age_10yrbands_total,edu_aggregate_int,2003,78.898
swe,sex_m,age_10yrbands_total,edu_aggregate_int,2004,96.4
swe,sex_m,age_10yrbands_total,edu_aggregate_int,2005,102.173
swe,sex_m,age_10yrbands_total,edu_aggregate_int,2006,81.31
swe,sex_m,age_10yrbands_total,edu_aggregate_int,2007,66.431
swe,sex_m,age_10yrbands_total,edu_aggregate_int,2008,68.386
swe,sex_m,age_10yrbands_total,edu_aggregate_int,2009,113.074
swe,sex_m,age_10yrbands_total,edu_aggregate_int,2010,110.582
swe,sex_m,age_10yrbands_total,edu_aggregate_int,2011,95.125
swe,sex_m,age_10yrbands_total,edu_aggregate_int,2012,98.027
swe,sex_m,age_10yrbands_total,edu_aggregate_int,2013,99.7
swe,sex_m,age_10yrbands_total,edu_aggregate_int,2014,99.369
swe,sex_m,age_10yrbands_total,edu_aggregate_int,2015,87.373
swe,sex_m,age_10yrbands_total,edu_aggregate_int,2016,80.22
swe,sex_m,age_10yrbands_total,edu_aggregate_int,2017,73.138
swe,sex_m,age_10yrbands_total,edu_aggregate_int,2018,60.996
swe,sex_m,age_10yrbands_total,edu_aggregate_int,2019,67.324
swe,sex_m,age_10yrbands_total,edu_aggregate_int,2020,83.465
swe,sex_m,age_10yrbands_total,edu_aggregate_int,2021,88.757
swe,sex_m,age_10yrbands_total,edu_aggregate_int,2022,70.338
swe,sex_m,age_10yrbands_total,edu_aggregate_int,2023,77.485
swe,sex_m,age_10yrbands_total,edu_aggregate_total,1995,228.828
swe,sex_m,age_10yrbands_total,edu_aggregate_total,1996,240.353
swe,sex_m,age_10yrbands_total,edu_aggregate_total,1997,252.149
swe,sex_m,age_10yrbands_total,edu_aggregate_total,1998,225.349
swe,sex_m,age_10yrbands_total,edu_aggregate_total,1999,191.688
swe,sex_m,age_10yrbands_total,edu_aggregate_total,2000,134.55
swe,sex_m,age_10yrbands_total,edu_aggregate_total,2001,120.135
swe,sex_m,age_10yrbands_total,edu_aggregate_total,2002,126.282
swe,sex_m,age_10yrbands_total,edu_aggregate_total,2003,145.732
swe,sex_m,age_10yrbands_total,edu_aggregate_total,2004,173.271
swe,sex_m,age_10yrbands_total,edu_aggregate_total,2005,195.191
swe,sex_m,age_10yrbands_total,edu_aggregate_total,2006,172.616
swe,sex_m,age_10yrbands_total,edu_aggregate_total,2007,149.455
swe,sex_m,age_10yrbands_total,edu_aggregate_total,2008,152.848
swe,sex_m,age_10yrbands_total,edu_aggregate_total,2009,223.577
swe,sex_m,age_10yrbands_total,edu_aggregate_total,2010,227.752
swe,sex_m,age_10yrbands_total,edu_aggregate_total,2011,207.445
swe,sex_m,age_10yrbands_total,edu_aggregate_total,2012,218.58
swe,sex_m,age_10yrbands_total,edu_aggregate_total,2013,220.427
swe,sex_m,age_10yrbands_total,edu_aggregate_total,2014,223.171
swe,sex_m,age_10yrbands_total,edu_aggregate_total,2015,206.917
swe,sex_m,age_10yrbands_total,edu_aggregate_total,2016,203.44
swe,sex_m,age_10yrbands_total,edu_aggregate_total,2017,196.954
swe,sex_m,age_10yrbands_total,edu_aggregate_total,2018,184.922
swe,sex_m,age_10yrbands_total,edu_aggregate_total,2019,194.054
swe,sex_m,age_10yrbands_total,edu_aggregate_total,2020,242.033
swe,sex_m,age_10yrbands_total,edu_aggregate_total,2021,252.094
swe,sex_m,age_10yrbands_total,edu_aggregate_total,2022,209.895
swe,sex_m,age_10yrbands_total,edu_aggregate_total,2023,224.631
swe,sex_m,age_10yrbands_total,edu_aggregate_x,1996,4.395
swe,sex_m,age_10yrbands_total,edu_aggregate_x,1997,5.974
swe,sex_m,age_10yrbands_total,edu_aggregate_x,1998,4.797
swe,sex_m,age_10yrbands_total,edu_aggregate_x,1999,1.738
swe,sex_m,age_10yrbands_total,edu_aggregate_x,2000,2.17
swe,sex_m,age_10yrbands_total,edu_aggregate_x,2001,4.721
swe,sex_m,age_10yrbands_total,edu_aggregate_x,2002,4.962
swe,sex_m,age_10yrbands_total,edu_aggregate_x,2003,3.862
swe,sex_m,age_10yrbands_total,edu_aggregate_x,2004,7.54
swe,sex_m,age_10yrbands_total,edu_aggregate_x,2005,6.055
swe,sex_m,age_10yrbands_total,edu_aggregate_x,2006,3.162
swe,sex_m,age_10yrbands_total,edu_aggregate_x,2007,3.211
swe,sex_m,age_10yrbands_total,edu_aggregate_x,2008,2.219
swe,sex_m,age_10yrbands_total,edu_aggregate_x,2009,2.076
swe,sex_m,age_10yrbands_total,edu_aggregate_x,2010,2.442
swe,sex_m,age_10yrbands_total,edu_aggregate_x,2011,2.649
swe,sex_m,age_10yrbands_total,edu_aggregate_x,2012,2.312
swe,sex_m,age_10yrbands_total,edu_aggregate_x,2013,1.496
swe,sex_m,age_10yrbands_total,edu_aggregate_x,2014,0.52
swe,sex_m,age_10yrbands_total,edu_aggregate_x,2015,0.961
swe,sex_m,age_10yrbands_total,edu_aggregate_x,2016,0.931
swe,sex_m,age_10yrbands_total,edu_aggregate_x,2017,1.154
swe,sex_m,age_10yrbands_total,edu_aggregate_x,2018,1.434
swe,sex_m,age_10yrbands_total,edu_aggregate_x,2019,1.403
swe,sex_m,age_10yrbands_total,edu_aggregate_x,2020,2.109
swe,sex_m,age_10yrbands_total,edu_aggregate_x,2021,3.352
swe,sex_m,age_10yrbands_total,edu_aggregate_x,2022,1.18
swe,sex_m,age_10yrbands_total,edu_aggregate_x,2023,3.992
swe,sex_m,age_10yrbands_total,edu_isced11_1,2006,10.208
swe,sex_m,age_10yrbands_total,edu_isced11_1,2007,9.331
swe,sex_m,age_10yrbands_total,edu_isced11_1,2008,11.563
swe,sex_m,age_10yrbands_total,edu_isced11_1,2009,13.729
swe,sex_m,age_10yrbands_total,edu_isced11_1,2010,15.013
swe,sex_m,age_10yrbands_total,edu_isced11_1,2011,14.771
swe,sex_m,age_10yrbands_total,edu_isced11_1,2012,14.559
swe,sex_m,age_10yrbands_total,edu_isced11_1,2013,16.299
swe,sex_m,age_10yrbands_total,edu_isced11_1,2014,17.935
swe,sex_m,age_10yrbands_total,edu_isced11_1,2015,19.923
swe,sex_m,age_10yrbands_total,edu_isced11_1,2016,20.898
swe,sex_m,age_10yrbands_total,edu_isced11_1,2017,20.324
swe,sex_m,age_10yrbands_total,edu_isced11_1,2018,19.982
swe,sex_m,age_10yrbands_total,edu_isced11_1,2019,21.973
swe,sex_m,age_10yrbands_total,edu_isced11_1,2020,29.57
swe,sex_m,age_10yrbands_total,edu_isced11_1,2021,32.64
swe,sex_m,age_10yrbands_total,edu_isced11_1,2022,31.718
swe,sex_m,age_10yrbands_total,edu_isced11_1,2023,26.163
swe,sex_m,age_10yrbands_total,edu_isced11_2,2006,50.869
swe,sex_m,age_10yrbands_total,edu_isced11_2,2007,46.077
swe,sex_m,age_10yrbands_total,edu_isced11_2,2008,46.914
swe,sex_m,age_10yrbands_total,edu_isced11_2,2009,61.279
swe,sex_m,age_10yrbands_total,edu_isced11_2,2010,64.671
swe,sex_m,age_10yrbands_total,edu_isced11_2,2011,62.083
swe,sex_m,age_10yrbands_total,edu_isced11_2,2012,67.889
swe,sex_m,age_10yrbands_total,edu_isced11_2,2013,67.236
swe,sex_m,age_10yrbands_total,edu_isced11_2,2014,64.882
swe,sex_m,age_10yrbands_total,edu_isced11_2,2015,57.299
swe,sex_m,age_10yrbands_total,edu_isced11_2,2016,58.711
swe,sex_m,age_10yrbands_total,edu_isced11_2,2017,57.977
swe,sex_m,age_10yrbands_total,edu_isced11_2,2018,59.85
swe,sex_m,age_10yrbands_total,edu_isced11_2,2019,61.802
swe,sex_m,age_10yrbands_total,edu_isced11_2,2020,74.158
swe,sex_m,age_10yrbands_total,edu_isced11_2,2021,77.952
swe,sex_m,age_10yrbands_total,edu_isced11_2,2022,69.725
swe,sex_m,age_10yrbands_total,edu_isced11_2,2023,72.418
swe,sex_m,age_10yrbands_total,edu_isced11_3,2006,71.564
swe,sex_m,age_10yrbands_total,edu_isced11_3,2007,56.485
swe,sex_m,age_10yrbands_total,edu_isced11_3,2008,58.028
swe,sex_m,age_10yrbands_total,edu_isced11_3,2009,100.762
swe,sex_m,age_10yrbands_total,edu_isced11_3,2010,97.633
swe,sex_m,age_10yrbands_total,edu_isced11_3,2011,81.336
swe,sex_m,age_10yrbands_total,edu_isced11_3,2012,81.358
swe,sex_m,age_10yrbands_total,edu_isced11_3,2013,84.018
swe,sex_m,age_10yrbands_total,edu_isced11_3,2014,83.643
swe,sex_m,age_10yrbands_total,edu_isced11_3,2015,72.474
swe,sex_m,age_10yrbands_total,edu_isced11_3,2016,64.7
swe,sex_m,age_10yrbands_total,edu_isced11_3,2017,60.234
swe,sex_m,age_10yrbands_total,edu_isced11_3,2018,48.385
swe,sex_m,age_10yrbands_total,edu_isced11_3,2019,54.563
swe,sex_m,age_10yrbands_total,edu_isced11_3,2020,66.928
swe,sex_m,age_10yrbands_total,edu_isced11_3,2021,69.799
swe,sex_m,age_10yrbands_total,edu_isced11_3,2022,57.433
swe,sex_m,age_10yrbands_total,edu_isced11_3,2023,60.78
swe,sex_m,age_10yrbands_total,edu_isced11_4,2006,9.746
swe,sex_m,age_10yrbands_total,edu_isced11_4,2007,9.946
swe,sex_m,age_10yrbands_total,edu_isced11_4,2008,10.358
swe,sex_m,age_10yrbands_total,edu_isced11_4,2009,12.312
swe,sex_m,age_10yrbands_total,edu_isced11_4,2010,12.95
swe,sex_m,age_10yrbands_total,edu_isced11_4,2011,13.789
swe,sex_m,age_10yrbands_total,edu_isced11_4,2012,16.669
swe,sex_m,age_10yrbands_total,edu_isced11_4,2013,15.682
swe,sex_m,age_10yrbands_total,edu_isced11_4,2014,15.726
swe,sex_m,age_10yrbands_total,edu_isced11_4,2015,14.899
swe,sex_m,age_10yrbands_total,edu_isced11_4,2016,15.521
swe,sex_m,age_10yrbands_total,edu_isced11_4,2017,12.904
swe,sex_m,age_10yrbands_total,edu_isced11_4,2018,12.611
swe,sex_m,age_10yrbands_total,edu_isced11_4,2019,12.761
swe,sex_m,age_10yrbands_total,edu_isced11_4,2020,16.538
swe,sex_m,age_10yrbands_total,edu_isced11_4,2021,18.959
swe,sex_m,age_10yrbands_total,edu_isced11_4,2022,12.905
swe,sex_m,age_10yrbands_total,edu_isced11_4,2023,16.705
swe,sex_m,age_10yrbands_total,edu_isced11_5,2006,27.068
swe,sex_m,age_10yrbands_total,edu_isced11_5,2007,24.405
swe,sex_m,age_10yrbands_total,edu_isced11_5,2008,23.767
swe,sex_m,age_10yrbands_total,edu_isced11_5,2009,33.42
swe,sex_m,age_10yrbands_total,edu_isced11_5,2010,35.043
swe,sex_m,age_10yrbands_total,edu_isced11_5,2011,32.817
swe,sex_m,age_10yrbands_total,edu_isced11_5,2012,35.793
swe,sex_m,age_10yrbands_total,edu_isced11_5,2013,35.697
swe,sex_m,age_10yrbands_total,edu_isced11_5,2014,14.184
swe,sex_m,age_10yrbands_total,edu_isced11_5,2015,14.712
swe,sex_m,age_10yrbands_total,edu_isced11_5,2016,15.835
swe,sex_m,age_10yrbands_total,edu_isced11_5,2017,16.099
swe,sex_m,age_10yrbands_total,edu_isced11_5,2018,14.746
swe,sex_m,age_10yrbands_total,edu_isced11_5,2019,16.664
swe,sex_m,age_10yrbands_total,edu_isced11_5,2020,20.609
swe,sex_m,age_10yrbands_total,edu_isced11_5,2021,19.281
swe,sex_m,age_10yrbands_total,edu_isced11_5,2022,12.096
swe,sex_m,age_10yrbands_total,edu_isced11_5,2023,14.357
swe,sex_m,age_10yrbands_total,edu_isced11_6,2014,15.045
swe,sex_m,age_10yrbands_total,edu_isced11_6,2015,14.401
swe,sex_m,age_10yrbands_total,edu_isced11_6,2016,15.402
swe,sex_m,age_10yrbands_total,edu_isced11_6,2017,15.571
swe,sex_m,age_10yrbands_total,edu_isced11_6,2018,15.011
swe,sex_m,age_10yrbands_total,edu_isced11_6,2019,14.915
swe,sex_m,age_10yrbands_total,edu_isced11_6,2020,20.887
swe,sex_m,age_10yrbands_total,edu_isced11_6,2021,20.898
swe,sex_m,age_10yrbands_total,edu_isced11_6,2022,14.343
swe,sex_m,age_10yrbands_total,edu_isced11_6,2023,17.909
swe,sex_m,age_10yrbands_total,edu_isced11_7,2014,10.04
swe,sex_m,age_10yrbands_total,edu_isced11_7,2015,10.709
swe,sex_m,age_10yrbands_total,edu_isced11_7,2016,9.932
swe,sex_m,age_10yrbands_total,edu_isced11_7,2017,10.525
swe,sex_m,age_10yrbands_total,edu_isced11_7,2018,10.311
swe,sex_m,age_10yrbands_total,edu_isced11_7,2019,8.061
swe,sex_m,age_10yrbands_total,edu_isced11_7,2020,8.672
swe,sex_m,age_10yrbands_total,edu_isced11_7,2021,8.42
swe,sex_m,age_10yrbands_total,edu_isced11_7,2022,9.527
swe,sex_m,age_10yrbands_total,edu_isced11_7,2023,11.184
swe,sex_m,age_10yrbands_total,edu_isced11_8,2014,1.197
swe,sex_m,age_10yrbands_total,edu_isced11_8,2015,1.539
swe,sex_m,age_10yrbands_total,edu_isced11_8,2016,1.511
swe,sex_m,age_10yrbands_total,edu_isced11_8,2017,2.166
swe,sex_m,age_10yrbands_total,edu_isced11_8,2018,2.591
swe,sex_m,age_10yrbands_total,edu_isced11_8,2019,1.911
swe,sex_m,age_10yrbands_total,edu_isced11_8,2020,2.562
swe,sex_m,age_10yrbands_total,edu_isced11_8,2021,0.795
swe,sex_m,age_10yrbands_total,edu_isced11_8,2022,0.968
swe,sex_m,age_10yrbands_total,edu_isced11_8,2023,1.123
swe,sex_m,age_10yrbands_total,edu_isced11_9,2006,3.162
swe,sex_m,age_10yrbands_total,edu_isced11_9,2007,3.211
swe,sex_m,age_10yrbands_total,edu_isced11_9,2008,2.219
swe,sex_m,age_10yrbands_total,edu_isced11_9,2009,2.076
swe,sex_m,age_10yrbands_total,edu_isced11_9,2010,2.442
swe,sex_m,age_10yrbands_total,edu_isced11_9,2011,2.649
swe,sex_m,age_10yrbands_total,edu_isced11_9,2012,2.312
swe,sex_m,age_10yrbands_total,edu_isced11_9,2013,1.496
swe,sex_m,age_10yrbands_total,edu_isced11_9,2014,0.52
swe,sex_m,age_10yrbands_total,edu_isced11_9,2015,0.961
swe,sex_m,age_10yrbands_total,edu_isced11_9,2016,0.931
swe,sex_m,age_10yrbands_total,edu_isced11_9,2017,1.154
swe,sex_m,age_10yrbands_total,edu_isced11_9,2018,1.434
swe,sex_m,age_10yrbands_total,edu_isced11_9,2019,1.403
swe,sex_m,age_10yrbands_total,edu_isced11_9,2020,2.109
swe,sex_m,age_10yrbands_total,edu_isced11_9,2021,3.352
swe,sex_m,age_10yrbands_total,edu_isced11_9,2022,1.18
swe,sex_m,age_10yrbands_total,edu_isced11_9,2023,3.992
swe,sex_m,age_10yrbands_total,edu_isced11_total,2006,172.616
swe,sex_m,age_10yrbands_total,edu_isced11_total,2007,149.455
swe,sex_m,age_10yrbands_total,edu_isced11_total,2008,152.848
swe,sex_m,age_10yrbands_total,edu_isced11_total,2009,223.577
swe,sex_m,age_10yrbands_total,edu_isced11_total,2010,227.752
swe,sex_m,age_10yrbands_total,edu_isced11_total,2011,207.445
swe,sex_m,age_10yrbands_total,edu_isced11_total,2012,218.58
swe,sex_m,age_10yrbands_total,edu_isced11_total,2013,220.427
swe,sex_m,age_10yrbands_total,edu_isced11_total,2014,223.171
swe,sex_m,age_10yrbands_total,edu_isced11_total,2015,206.917
swe,sex_m,age_10yrbands_total,edu_isced11_total,2016,203.44
swe,sex_m,age_10yrbands_total,edu_isced11_total,2017,196.954
swe,sex_m,age_10yrbands_total,edu_isced11_total,2018,184.922
swe,sex_m,age_10yrbands_total,edu_isced11_total,2019,194.054
swe,sex_m,age_10yrbands_total,edu_isced11_total,2020,242.033
swe,sex_m,age_10yrbands_total,edu_isced11_total,2021,252.094
swe,sex_m,age_10yrbands_total,edu_isced11_total,2022,209.895
swe,sex_m,age_10yrbands_total,edu_isced11_total,2023,224.631
swe,sex_m,age_10yrbands_y15_24,edu_aggregate_adv,1995,1.743
swe,sex_m,age_10yrbands_y15_24,edu_aggregate_adv,1996,3.419
swe,sex_m,age_10yrbands_y15_24,edu_aggregate_adv,1997,2.262
swe,sex_m,age_10yrbands_y15_24,edu_aggregate_adv,2002,1.017
swe,sex_m,age_10yrbands_y15_24,edu_aggregate_adv,2003,0.649
swe,sex_m,age_10yrbands_y15_24,edu_aggregate_adv,2004,2.397
swe,sex_m,age_10yrbands_y15_24,edu_aggregate_adv,2005,2.337
swe,sex_m,age_10yrbands_y15_24,edu_aggregate_adv,2006,2.03
swe,sex_m,age_10yrbands_y15_24,edu_aggregate_adv,2007,1.94
swe,sex_m,age_10yrbands_y15_24,edu_aggregate_adv,2008,2.638
swe,sex_m,age_10yrbands_y15_24,edu_aggregate_adv,2009,2.823
swe,sex_m,age_10yrbands_y15_24,edu_aggregate_adv,2010,3.413
swe,sex_m,age_10yrbands_y15_24,edu_aggregate_adv,2011,3.375
swe,sex_m,age_10yrbands_y15_24,edu_aggregate_adv,2012,4.226
swe,sex_m,age_10yrbands_y15_24,edu_aggregate_adv,2013,4.594
swe,sex_m,age_10yrbands_y15_24,edu_aggregate_adv,2014,4.807
swe,sex_m,age_10yrbands_y15_24,edu_aggregate_adv,2015,3.888
swe,sex_m,age_10yrbands_y15_24,edu_aggregate_adv,2016,4.027
swe,sex_m,age_10yrbands_y15_24,edu_aggregate_adv,2017,3.609
swe,sex_m,age_10yrbands_y15_24,edu_aggregate_adv,2018,3.322
swe,sex_m,age_10yrbands_y15_24,edu_aggregate_adv,2019,3.569
swe,sex_m,age_10yrbands_y15_24,edu_aggregate_adv,2020,4.305
swe,sex_m,age_10yrbands_y15_24,edu_aggregate_adv,2021,3.042
swe,sex_m,age_10yrbands_y15_24,edu_aggregate_adv,2022,1.546
swe,sex_m,age_10yrbands_y15_24,edu_aggregate_adv,2023,3.799
swe,sex_m,age_10yrbands_y15_24,edu_aggregate_bas,1995,11.903
swe,sex_m,age_10yrbands_y15_24,edu_aggregate_bas,1996,14.546
swe,sex_m,age_10yrbands_y15_24,edu_aggregate_bas,1997,16.712
swe,sex_m,age_10yrbands_y15_24,edu_aggregate_bas,1998,12.188
swe,sex_m,age_10yrbands_y15_24,edu_aggregate_bas,1999,15.281
swe,sex_m,age_10yrbands_y15_24,edu_aggregate_bas,2000,7.205
swe,sex_m,age_10yrbands_y15_24,edu_aggregate_bas,2001,18.364
swe,sex_m,age_10yrbands_y15_24,edu_aggregate_bas,2002,14.907
swe,sex_m,age_10yrbands_y15_24,edu_aggregate_bas,2003,20.014
swe,sex_m,age_10yrbands_y15_24,edu_aggregate_bas,2004,21.477
swe,sex_m,age_10yrbands_y15_24,edu_aggregate_bas,2005,29.756
swe,sex_m,age_10yrbands_y15_24,edu_aggregate_bas,2006,30.519
swe,sex_m,age_10yrbands_y15_24,edu_aggregate_bas,2007,29.93
swe,sex_m,age_10yrbands_y15_24,edu_aggregate_bas,2008,32.707
swe,sex_m,age_10yrbands_y15_24,edu_aggregate_bas,2009,34.068
swe,sex_m,age_10yrbands_y15_24,edu_aggregate_bas,2010,37.423
swe,sex_m,age_10yrbands_y15_24,edu_aggregate_bas,2011,34.302
swe,sex_m,age_10yrbands_y15_24,edu_aggregate_bas,2012,36.363
swe,sex_m,age_10yrbands_y15_24,edu_aggregate_bas,2013,37.996
swe,sex_m,age_10yrbands_y15_24,edu_aggregate_bas,2014,37.642
swe,sex_m,age_10yrbands_y15_24,edu_aggregate_bas,2015,33.775
swe,sex_m,age_10yrbands_y15_24,edu_aggregate_bas,2016,34.83
swe,sex_m,age_10yrbands_y15_24,edu_aggregate_bas,2017,32.43
swe,sex_m,age_10yrbands_y15_24,edu_aggregate_bas,2018,34.303
swe,sex_m,age_10yrbands_y15_24,edu_aggregate_bas,2019,39.622
swe,sex_m,age_10yrbands_y15_24,edu_aggregate_bas,2020,44.173
swe,sex_m,age_10yrbands_y15_24,edu_aggregate_bas,2021,51.479
swe,sex_m,age_10yrbands_y15_24,edu_aggregate_bas,2022,51.626
swe,sex_m,age_10yrbands_y15_24,edu_aggregate_bas,2023,49.792
swe,sex_m,age_10yrbands_y15_24,edu_aggregate_int,1995,38.364
swe,sex_m,age_10yrbands_y15_24,edu_aggregate_int,1996,34.795
swe,sex_m,age_10yrbands_y15_24,edu_aggregate_int,1997,31.896
swe,sex_m,age_10yrbands_y15_24,edu_aggregate_int,1998,25.692
swe,sex_m,age_10yrbands_y15_24,edu_aggregate_int,1999,21.015
swe,sex_m,age_10yrbands_y15_24,edu_aggregate_int,2000,13.269
swe,sex_m,age_10yrbands_y15_24,edu_aggregate_int,2001,11.968
swe,sex_m,age_10yrbands_y15_24,edu_aggregate_int,2002,16.06
swe,sex_m,age_10yrbands_y15_24,edu_aggregate_int,2003,18.309
swe,sex_m,age_10yrbands_y15_24,edu_aggregate_int,2004,23.158
swe,sex_m,age_10yrbands_y15_24,edu_aggregate_int,2005,27.082
swe,sex_m,age_10yrbands_y15_24,edu_aggregate_int,2006,28.205
swe,sex_m,age_10yrbands_y15_24,edu_aggregate_int,2007,24.344
swe,sex_m,age_10yrbands_y15_24,edu_aggregate_int,2008,27.342
swe,sex_m,age_10yrbands_y15_24,edu_aggregate_int,2009,46.643
swe,sex_m,age_10yrbands_y15_24,edu_aggregate_int,2010,44.184
swe,sex_m,age_10yrbands_y15_24,edu_aggregate_int,2011,40.709
swe,sex_m,age_10yrbands_y15_24,edu_aggregate_int,2012,40.939
swe,sex_m,age_10yrbands_y15_24,edu_aggregate_int,2013,40.954
swe,sex_m,age_10yrbands_y15_24,edu_aggregate_int,2014,39.894
swe,sex_m,age_10yrbands_y15_24,edu_aggregate_int,2015,32.358
swe,sex_m,age_10yrbands_y15_24,edu_aggregate_int,2016,28.006
swe,sex_m,age_10yrbands_y15_24,edu_aggregate_int,2017,25.151
swe,sex_m,age_10yrbands_y15_24,edu_aggregate_int,2018,20.734
swe,sex_m,age_10yrbands_y15_24,edu_aggregate_int,2019,23.116
swe,sex_m,age_10yrbands_y15_24,edu_aggregate_int,2020,28.917
swe,sex_m,age_10yrbands_y15_24,edu_aggregate_int,2021,24
swe,sex_m,age_10yrbands_y15_24,edu_aggregate_int,2022,16.233
swe,sex_m,age_10yrbands_y15_24,edu_aggregate_int,2023,24.153
swe,sex_m,age_10yrbands_y15_24,edu_aggregate_total,1995,52.01
swe,sex_m,age_10yrbands_y15_24,edu_aggregate_total,1996,54.115
swe,sex_m,age_10yrbands_y15_24,edu_aggregate_total,1997,52.263
swe,sex_m,age_10yrbands_y15_24,edu_aggregate_total,1998,41.487
swe,sex_m,age_10yrbands_y15_24,edu_aggregate_total,1999,38.46
swe,sex_m,age_10yrbands_y15_24,edu_aggregate_total,2000,23.125
swe,sex_m,age_10yrbands_y15_24,edu_aggregate_total,2001,34.833
swe,sex_m,age_10yrbands_y15_24,edu_aggregate_total,2002,35.983
swe,sex_m,age_10yrbands_y15_24,edu_aggregate_total,2003,42.219
swe,sex_m,age_10yrbands_y15_24,edu_aggregate_total,2004,53.555
swe,sex_m,age_10yrbands_y15_24,edu_aggregate_total,2005,64.649
swe,sex_m,age_10yrbands_y15_24,edu_aggregate_total,2006,61.892
swe,sex_m,age_10yrbands_y15_24,edu_aggregate_total,2007,58.386
swe,sex_m,age_10yrbands_y15_24,edu_aggregate_total,2008,63.931
swe,sex_m,age_10yrbands_y15_24,edu_aggregate_total,2009,84.3
swe,sex_m,age_10yrbands_y15_24,edu_aggregate_total,2010,85.547
swe,sex_m,age_10yrbands_y15_24,edu_aggregate_total,2011,79.262
swe,sex_m,age_10yrbands_y15_24,edu_aggregate_total,2012,82.394
swe,sex_m,age_10yrbands_y15_24,edu_aggregate_total,2013,83.894
swe,sex_m,age_10yrbands_y15_24,edu_aggregate_total,2014,82.679
swe,sex_m,age_10yrbands_y15_24,edu_aggregate_total,2015,70.172
swe,sex_m,age_10yrbands_y15_24,edu_aggregate_total,2016,67.376
swe,sex_m,age_10yrbands_y15_24,edu_aggregate_total,2017,61.614
swe,sex_m,age_10yrbands_y15_24,edu_aggregate_total,2018,59.187
swe,sex_m,age_10yrbands_y15_24,edu_aggregate_total,2019,67.144
swe,sex_m,age_10yrbands_y15_24,edu_aggregate_total,2020,79.137
swe,sex_m,age_10yrbands_y15_24,edu_aggregate_total,2021,81.304
swe,sex_m,age_10yrbands_y15_24,edu_aggregate_total,2022,70.171
swe,sex_m,age_10yrbands_y15_24,edu_aggregate_total,2023,80.424
swe,sex_m,age_10yrbands_y15_24,edu_aggregate_x,1998,2.89
swe,sex_m,age_10yrbands_y15_24,edu_aggregate_x,2000,1.95
swe,sex_m,age_10yrbands_y15_24,edu_aggregate_x,2001,4.154
swe,sex_m,age_10yrbands_y15_24,edu_aggregate_x,2002,3.999
swe,sex_m,age_10yrbands_y15_24,edu_aggregate_x,2003,3.246
swe,sex_m,age_10yrbands_y15_24,edu_aggregate_x,2004,6.523
swe,sex_m,age_10yrbands_y15_24,edu_aggregate_x,2005,5.473
swe,sex_m,age_10yrbands_y15_24,edu_aggregate_x,2006,1.138
swe,sex_m,age_10yrbands_y15_24,edu_aggregate_x,2007,2.172
swe,sex_m,age_10yrbands_y15_24,edu_aggregate_x,2008,1.244
swe,sex_m,age_10yrbands_y15_24,edu_aggregate_x,2009,0.766
swe,sex_m,age_10yrbands_y15_24,edu_aggregate_x,2010,0.527
swe,sex_m,age_10yrbands_y15_24,edu_aggregate_x,2011,0.876
swe,sex_m,age_10yrbands_y15_24,edu_aggregate_x,2012,0.865
swe,sex_m,age_10yrbands_y15_24,edu_aggregate_x,2013,0.351
swe,sex_m,age_10yrbands_y15_24,edu_aggregate_x,2014,0.337
swe,sex_m,age_10yrbands_y15_24,edu_aggregate_x,2016,0.513
swe,sex_m,age_10yrbands_y15_24,edu_aggregate_x,2017,0.424
swe,sex_m,age_10yrbands_y15_24,edu_aggregate_x,2018,0.828
swe,sex_m,age_10yrbands_y15_24,edu_aggregate_x,2019,0.837
swe,sex_m,age_10yrbands_y15_24,edu_aggregate_x,2020,1.742
swe,sex_m,age_10yrbands_y15_24,edu_aggregate_x,2021,2.783
swe,sex_m,age_10yrbands_y15_24,edu_aggregate_x,2022,0.766
swe,sex_m,age_10yrbands_y15_24,edu_aggregate_x,2023,2.681
swe,sex_m,age_10yrbands_y15_24,edu_isced11_1,2006,1.769
swe,sex_m,age_10yrbands_y15_24,edu_isced11_1,2007,2.694
swe,sex_m,age_10yrbands_y15_24,edu_isced11_1,2008,4.968
swe,sex_m,age_10yrbands_y15_24,edu_isced11_1,2009,2.441
swe,sex_m,age_10yrbands_y15_24,edu_isced11_1,2010,3.644
swe,sex_m,age_10yrbands_y15_24,edu_isced11_1,2011,3.391
swe,sex_m,age_10yrbands_y15_24,edu_isced11_1,2012,3.668
swe,sex_m,age_10yrbands_y15_24,edu_isced11_1,2013,4.491
swe,sex_m,age_10yrbands_y15_24,edu_isced11_1,2014,6.296
swe,sex_m,age_10yrbands_y15_24,edu_isced11_1,2015,6.246
swe,sex_m,age_10yrbands_y15_24,edu_isced11_1,2016,6.503
swe,sex_m,age_10yrbands_y15_24,edu_isced11_1,2017,7.006
swe,sex_m,age_10yrbands_y15_24,edu_isced11_1,2018,5.531
swe,sex_m,age_10yrbands_y15_24,edu_isced11_1,2019,7.956
swe,sex_m,age_10yrbands_y15_24,edu_isced11_1,2020,9.678
swe,sex_m,age_10yrbands_y15_24,edu_isced11_1,2021,10.811
swe,sex_m,age_10yrbands_y15_24,edu_isced11_1,2022,13.303
swe,sex_m,age_10yrbands_y15_24,edu_isced11_1,2023,8.739
swe,sex_m,age_10yrbands_y15_24,edu_isced11_2,2006,28.75
swe,sex_m,age_10yrbands_y15_24,edu_isced11_2,2007,27.236
swe,sex_m,age_10yrbands_y15_24,edu_isced11_2,2008,27.739
swe,sex_m,age_10yrbands_y15_24,edu_isced11_2,2009,31.627
swe,sex_m,age_10yrbands_y15_24,edu_isced11_2,2010,33.779
swe,sex_m,age_10yrbands_y15_24,edu_isced11_2,2011,30.911
swe,sex_m,age_10yrbands_y15_24,edu_isced11_2,2012,32.696
swe,sex_m,age_10yrbands_y15_24,edu_isced11_2,2013,33.505
swe,sex_m,age_10yrbands_y15_24,edu_isced11_2,2014,31.346
swe,sex_m,age_10yrbands_y15_24,edu_isced11_2,2015,27.529
swe,sex_m,age_10yrbands_y15_24,edu_isced11_2,2016,28.327
swe,sex_m,age_10yrbands_y15_24,edu_isced11_2,2017,25.424
swe,sex_m,age_10yrbands_y15_24,edu_isced11_2,2018,28.772
swe,sex_m,age_10yrbands_y15_24,edu_isced11_2,2019,31.666
swe,sex_m,age_10yrbands_y15_24,edu_isced11_2,2020,34.495
swe,sex_m,age_10yrbands_y15_24,edu_isced11_2,2021,40.668
swe,sex_m,age_10yrbands_y15_24,edu_isced11_2,2022,38.323
swe,sex_m,age_10yrbands_y15_24,edu_isced11_2,2023,41.053
swe,sex_m,age_10yrbands_y15_24,edu_isced11_3,2006,25.9
swe,sex_m,age_10yrbands_y15_24,edu_isced11_3,2007,21.331
swe,sex_m,age_10yrbands_y15_24,edu_isced11_3,2008,24.543
swe,sex_m,age_10yrbands_y15_24,edu_isced11_3,2009,42.65
swe,sex_m,age_10yrbands_y15_24,edu_isced11_3,2010,40.123
swe,sex_m,age_10yrbands_y15_24,edu_isced11_3,2011,36.488
swe,sex_m,age_10yrbands_y15_24,edu_isced11_3,2012,35.492
swe,sex_m,age_10yrbands_y15_24,edu_isced11_3,2013,35.696
swe,sex_m,age_10yrbands_y15_24,edu_isced11_3,2014,35.113
swe,sex_m,age_10yrbands_y15_24,edu_isced11_3,2015,27.168
swe,sex_m,age_10yrbands_y15_24,edu_isced11_3,2016,23.274
swe,sex_m,age_10yrbands_y15_24,edu_isced11_3,2017,22.102
swe,sex_m,age_10yrbands_y15_24,edu_isced11_3,2018,16.348
swe,sex_m,age_10yrbands_y15_24,edu_isced11_3,2019,19.072
swe,sex_m,age_10yrbands_y15_24,edu_isced11_3,2020,22.568
swe,sex_m,age_10yrbands_y15_24,edu_isced11_3,2021,19.031
swe,sex_m,age_10yrbands_y15_24,edu_isced11_3,2022,12.214
swe,sex_m,age_10yrbands_y15_24,edu_isced11_3,2023,18.665
swe,sex_m,age_10yrbands_y15_24,edu_isced11_4,2006,2.304
swe,sex_m,age_10yrbands_y15_24,edu_isced11_4,2007,3.013
swe,sex_m,age_10yrbands_y15_24,edu_isced11_4,2008,2.799
swe,sex_m,age_10yrbands_y15_24,edu_isced11_4,2009,3.993
swe,sex_m,age_10yrbands_y15_24,edu_isced11_4,2010,4.061
swe,sex_m,age_10yrbands_y15_24,edu_isced11_4,2011,4.221
swe,sex_m,age_10yrbands_y15_24,edu_isced11_4,2012,5.447
swe,sex_m,age_10yrbands_y15_24,edu_isced11_4,2013,5.258
swe,sex_m,age_10yrbands_y15_24,edu_isced11_4,2014,4.781
swe,sex_m,age_10yrbands_y15_24,edu_isced11_4,2015,5.19
swe,sex_m,age_10yrbands_y15_24,edu_isced11_4,2016,4.732
swe,sex_m,age_10yrbands_y15_24,edu_isced11_4,2017,3.05
swe,sex_m,age_10yrbands_y15_24,edu_isced11_4,2018,4.386
swe,sex_m,age_10yrbands_y15_24,edu_isced11_4,2019,4.044
swe,sex_m,age_10yrbands_y15_24,edu_isced11_4,2020,6.349
swe,sex_m,age_10yrbands_y15_24,edu_isced11_4,2021,4.97
swe,sex_m,age_10yrbands_y15_24,edu_isced11_4,2022,4.018
swe,sex_m,age_10yrbands_y15_24,edu_isced11_4,2023,5.488
swe,sex_m,age_10yrbands_y15_24,edu_isced11_5,2006,2.03
swe,sex_m,age_10yrbands_y15_24,edu_isced11_5,2007,1.94
swe,sex_m,age_10yrbands_y15_24,edu_isced11_5,2008,2.638
swe,sex_m,age_10yrbands_y15_24,edu_isced11_5,2009,2.823
swe,sex_m,age_10yrbands_y15_24,edu_isced11_5,2010,3.413
swe,sex_m,age_10yrbands_y15_24,edu_isced11_5,2011,3.375
swe,sex_m,age_10yrbands_y15_24,edu_isced11_5,2012,4.226
swe,sex_m,age_10yrbands_y15_24,edu_isced11_5,2013,4.594
swe,sex_m,age_10yrbands_y15_24,edu_isced11_5,2014,2.73
swe,sex_m,age_10yrbands_y15_24,edu_isced11_5,2015,2.203
swe,sex_m,age_10yrbands_y15_24,edu_isced11_5,2016,2.357
swe,sex_m,age_10yrbands_y15_24,edu_isced11_5,2017,1.97
swe,sex_m,age_10yrbands_y15_24,edu_isced11_5,2018,2.033
swe,sex_m,age_10yrbands_y15_24,edu_isced11_5,2019,2.196
swe,sex_m,age_10yrbands_y15_24,edu_isced11_5,2020,2.284
swe,sex_m,age_10yrbands_y15_24,edu_isced11_5,2021,1.203
swe,sex_m,age_10yrbands_y15_24,edu_isced11_5,2022,0.562
swe,sex_m,age_10yrbands_y15_24,edu_isced11_5,2023,2.208
swe,sex_m,age_10yrbands_y15_24,edu_isced11_6,2014,1.809
swe,sex_m,age_10yrbands_y15_24,edu_isced11_6,2015,1.481
swe,sex_m,age_10yrbands_y15_24,edu_isced11_6,2016,1.494
swe,sex_m,age_10yrbands_y15_24,edu_isced11_6,2017,1.557
swe,sex_m,age_10yrbands_y15_24,edu_isced11_6,2018,1.127
swe,sex_m,age_10yrbands_y15_24,edu_isced11_6,2019,1.089
swe,sex_m,age_10yrbands_y15_24,edu_isced11_6,2020,1.549
swe,sex_m,age_10yrbands_y15_24,edu_isced11_6,2021,1.839
swe,sex_m,age_10yrbands_y15_24,edu_isced11_6,2022,0.877
swe,sex_m,age_10yrbands_y15_24,edu_isced11_6,2023,1.487
swe,sex_m,age_10yrbands_y15_24,edu_isced11_7,2014,0.268
swe,sex_m,age_10yrbands_y15_24,edu_isced11_7,2015,0.204
swe,sex_m,age_10yrbands_y15_24,edu_isced11_9,2006,1.138
swe,sex_m,age_10yrbands_y15_24,edu_isced11_9,2007,2.172
swe,sex_m,age_10yrbands_y15_24,edu_isced11_9,2008,1.244
swe,sex_m,age_10yrbands_y15_24,edu_isced11_9,2009,0.766
swe,sex_m,age_10yrbands_y15_24,edu_isced11_9,2010,0.527
swe,sex_m,age_10yrbands_y15_24,edu_isced11_9,2011,0.876
swe,sex_m,age_10yrbands_y15_24,edu_isced11_9,2012,0.865
swe,sex_m,age_10yrbands_y15_24,edu_isced11_9,2013,0.351
swe,sex_m,age_10yrbands_y15_24,edu_isced11_9,2014,0.337
swe,sex_m,age_10yrbands_y15_24,edu_isced11_9,2016,0.513
swe,sex_m,age_10yrbands_y15_24,edu_isced11_9,2017,0.424
swe,sex_m,age_10yrbands_y15_24,edu_isced11_9,2018,0.828
swe,sex_m,age_10yrbands_y15_24,edu_isced11_9,2019,0.837
swe,sex_m,age_10yrbands_y15_24,edu_isced11_9,2020,1.742
swe,sex_m,age_10yrbands_y15_24,edu_isced11_9,2021,2.783
swe,sex_m,age_10yrbands_y15_24,edu_isced11_9,2022,0.766
swe,sex_m,age_10yrbands_y15_24,edu_isced11_9,2023,2.681
swe,sex_m,age_10yrbands_y15_24,edu_isced11_total,2006,61.892
swe,sex_m,age_10yrbands_y15_24,edu_isced11_total,2007,58.386
swe,sex_m,age_10yrbands_y15_24,edu_isced11_total,2008,63.931
swe,sex_m,age_10yrbands_y15_24,edu_isced11_total,2009,84.3
swe,sex_m,age_10yrbands_y15_24,edu_isced11_total,2010,85.547
swe,sex_m,age_10yrbands_y15_24,edu_isced11_total,2011,79.262
swe,sex_m,age_10yrbands_y15_24,edu_isced11_total,2012,82.394
swe,sex_m,age_10yrbands_y15_24,edu_isced11_total,2013,83.894
swe,sex_m,age_10yrbands_y15_24,edu_isced11_total,2014,82.679
swe,sex_m,age_10yrbands_y15_24,edu_isced11_total,2015,70.172
swe,sex_m,age_10yrbands_y15_24,edu_isced11_total,2016,67.376
swe,sex_m,age_10yrbands_y15_24,edu_isced11_total,2017,61.614
swe,sex_m,age_10yrbands_y15_24,edu_isced11_total,2018,59.187
swe,sex_m,age_10yrbands_y15_24,edu_isced11_total,2019,67.144
swe,sex_m,age_10yrbands_y15_24,edu_isced11_total,2020,79.137
swe,sex_m,age_10yrbands_y15_24,edu_isced11_total,2021,81.304
swe,sex_m,age_10yrbands_y15_24,edu_isced11_total,2022,70.171
swe,sex_m,age_10yrbands_y15_24,edu_isced11_total,2023,80.424
swe,sex_m,age_10yrbands_y25_34,edu_aggregate_adv,1995,7.479
swe,sex_m,age_10yrbands_y25_34,edu_aggregate_adv,1996,8.319
swe,sex_m,age_10yrbands_y25_34,edu_aggregate_adv,1997,6.596
swe,sex_m,age_10yrbands_y25_34,edu_aggregate_adv,1998,9.164
swe,sex_m,age_10yrbands_y25_34,edu_aggregate_adv,1999,6.458
swe,sex_m,age_10yrbands_y25_34,edu_aggregate_adv,2000,3.877
swe,sex_m,age_10yrbands_y25_34,edu_aggregate_adv,2001,4.313
swe,sex_m,age_10yrbands_y25_34,edu_aggregate_adv,2002,6.172
swe,sex_m,age_10yrbands_y25_34,edu_aggregate_adv,2003,9.795
swe,sex_m,age_10yrbands_y25_34,edu_aggregate_adv,2004,9.858
swe,sex_m,age_10yrbands_y25_34,edu_aggregate_adv,2005,12.025
swe,sex_m,age_10yrbands_y25_34,edu_aggregate_adv,2006,9.444
swe,sex_m,age_10yrbands_y25_34,edu_aggregate_adv,2007,8.345
swe,sex_m,age_10yrbands_y25_34,edu_aggregate_adv,2008,8.278
swe,sex_m,age_10yrbands_y25_34,edu_aggregate_adv,2009,13.188
swe,sex_m,age_10yrbands_y25_34,edu_aggregate_adv,2010,11.286
swe,sex_m,age_10yrbands_y25_34,edu_aggregate_adv,2011,9.867
swe,sex_m,age_10yrbands_y25_34,edu_aggregate_adv,2012,11.757
swe,sex_m,age_10yrbands_y25_34,edu_aggregate_adv,2013,11.22
swe,sex_m,age_10yrbands_y25_34,edu_aggregate_adv,2014,12.403
swe,sex_m,age_10yrbands_y25_34,edu_aggregate_adv,2015,13.264
swe,sex_m,age_10yrbands_y25_34,edu_aggregate_adv,2016,13.812
swe,sex_m,age_10yrbands_y25_34,edu_aggregate_adv,2017,14.497
swe,sex_m,age_10yrbands_y25_34,edu_aggregate_adv,2018,14.176
swe,sex_m,age_10yrbands_y25_34,edu_aggregate_adv,2019,11.746
swe,sex_m,age_10yrbands_y25_34,edu_aggregate_adv,2020,19.161
swe,sex_m,age_10yrbands_y25_34,edu_aggregate_adv,2021,16.436
swe,sex_m,age_10yrbands_y25_34,edu_aggregate_adv,2022,11.232
swe,sex_m,age_10yrbands_y25_34,edu_aggregate_adv,2023,10.552
swe,sex_m,age_10yrbands_y25_34,edu_aggregate_bas,1995,14.49
swe,sex_m,age_10yrbands_y25_34,edu_aggregate_bas,1996,13.416
swe,sex_m,age_10yrbands_y25_34,edu_aggregate_bas,1997,17.939
swe,sex_m,age_10yrbands_y25_34,edu_aggregate_bas,1998,18.014
swe,sex_m,age_10yrbands_y25_34,edu_aggregate_bas,1999,12.249
swe,sex_m,age_10yrbands_y25_34,edu_aggregate_bas,2000,7.7
swe,sex_m,age_10yrbands_y25_34,edu_aggregate_bas,2001,4.448
swe,sex_m,age_10yrbands_y25_34,edu_aggregate_bas,2002,3.881
swe,sex_m,age_10yrbands_y25_34,edu_aggregate_bas,2003,4.752
swe,sex_m,age_10yrbands_y25_34,edu_aggregate_bas,2004,5.754
swe,sex_m,age_10yrbands_y25_34,edu_aggregate_bas,2005,7.912
swe,sex_m,age_10yrbands_y25_34,edu_aggregate_bas,2006,10.612
swe,sex_m,age_10yrbands_y25_34,edu_aggregate_bas,2007,7.516
swe,sex_m,age_10yrbands_y25_34,edu_aggregate_bas,2008,8.308
swe,sex_m,age_10yrbands_y25_34,edu_aggregate_bas,2009,13.595
swe,sex_m,age_10yrbands_y25_34,edu_aggregate_bas,2010,12.537
swe,sex_m,age_10yrbands_y25_34,edu_aggregate_bas,2011,12.968
swe,sex_m,age_10yrbands_y25_34,edu_aggregate_bas,2012,15.265
swe,sex_m,age_10yrbands_y25_34,edu_aggregate_bas,2013,14.89
swe,sex_m,age_10yrbands_y25_34,edu_aggregate_bas,2014,15.983
swe,sex_m,age_10yrbands_y25_34,edu_aggregate_bas,2015,14.21
swe,sex_m,age_10yrbands_y25_34,edu_aggregate_bas,2016,13.649
swe,sex_m,age_10yrbands_y25_34,edu_aggregate_bas,2017,14.671
swe,sex_m,age_10yrbands_y25_34,edu_aggregate_bas,2018,13.585
swe,sex_m,age_10yrbands_y25_34,edu_aggregate_bas,2019,11.41
swe,sex_m,age_10yrbands_y25_34,edu_aggregate_bas,2020,20.391
swe,sex_m,age_10yrbands_y25_34,edu_aggregate_bas,2021,18.422
swe,sex_m,age_10yrbands_y25_34,edu_aggregate_bas,2022,12.588
swe,sex_m,age_10yrbands_y25_34,edu_aggregate_bas,2023,13.907
swe,sex_m,age_10yrbands_y25_34,edu_aggregate_int,1995,39.13
swe,sex_m,age_10yrbands_y25_34,edu_aggregate_int,1996,45.584
swe,sex_m,age_10yrbands_y25_34,edu_aggregate_int,1997,41.922
swe,sex_m,age_10yrbands_y25_34,edu_aggregate_int,1998,34.665
swe,sex_m,age_10yrbands_y25_34,edu_aggregate_int,1999,26.789
swe,sex_m,age_10yrbands_y25_34,edu_aggregate_int,2000,15.49
swe,sex_m,age_10yrbands_y25_34,edu_aggregate_int,2001,13.947
swe,sex_m,age_10yrbands_y25_34,edu_aggregate_int,2002,17.008
swe,sex_m,age_10yrbands_y25_34,edu_aggregate_int,2003,17.997
swe,sex_m,age_10yrbands_y25_34,edu_aggregate_int,2004,21.722
swe,sex_m,age_10yrbands_y25_34,edu_aggregate_int,2005,24.78
swe,sex_m,age_10yrbands_y25_34,edu_aggregate_int,2006,15.948
swe,sex_m,age_10yrbands_y25_34,edu_aggregate_int,2007,11.916
swe,sex_m,age_10yrbands_y25_34,edu_aggregate_int,2008,10.78
swe,sex_m,age_10yrbands_y25_34,edu_aggregate_int,2009,19.264
swe,sex_m,age_10yrbands_y25_34,edu_aggregate_int,2010,18.595
swe,sex_m,age_10yrbands_y25_34,edu_aggregate_int,2011,16.496
swe,sex_m,age_10yrbands_y25_34,edu_aggregate_int,2012,17.887
swe,sex_m,age_10yrbands_y25_34,edu_aggregate_int,2013,17.928
swe,sex_m,age_10yrbands_y25_34,edu_aggregate_int,2014,18.315
swe,sex_m,age_10yrbands_y25_34,edu_aggregate_int,2015,17.889
swe,sex_m,age_10yrbands_y25_34,edu_aggregate_int,2016,17.408
swe,sex_m,age_10yrbands_y25_34,edu_aggregate_int,2017,15.56
swe,sex_m,age_10yrbands_y25_34,edu_aggregate_int,2018,14.922
swe,sex_m,age_10yrbands_y25_34,edu_aggregate_int,2019,14.251
swe,sex_m,age_10yrbands_y25_34,edu_aggregate_int,2020,19.223
swe,sex_m,age_10yrbands_y25_34,edu_aggregate_int,2021,21.983
swe,sex_m,age_10yrbands_y25_34,edu_aggregate_int,2022,16.865
swe,sex_m,age_10yrbands_y25_34,edu_aggregate_int,2023,18.577
swe,sex_m,age_10yrbands_y25_34,edu_aggregate_total,1995,61.404
swe,sex_m,age_10yrbands_y25_34,edu_aggregate_total,1996,67.649
swe,sex_m,age_10yrbands_y25_34,edu_aggregate_total,1997,67.653
swe,sex_m,age_10yrbands_y25_34,edu_aggregate_total,1998,62.677
swe,sex_m,age_10yrbands_y25_34,edu_aggregate_total,1999,45.496
swe,sex_m,age_10yrbands_y25_34,edu_aggregate_total,2000,27.286
swe,sex_m,age_10yrbands_y25_34,edu_aggregate_total,2001,22.95
swe,sex_m,age_10yrbands_y25_34,edu_aggregate_total,2002,27.341
swe,sex_m,age_10yrbands_y25_34,edu_aggregate_total,2003,32.818
swe,sex_m,age_10yrbands_y25_34,edu_aggregate_total,2004,37.687
swe,sex_m,age_10yrbands_y25_34,edu_aggregate_total,2005,45.064
swe,sex_m,age_10yrbands_y25_34,edu_aggregate_total,2006,36.692
swe,sex_m,age_10yrbands_y25_34,edu_aggregate_total,2007,27.936
swe,sex_m,age_10yrbands_y25_34,edu_aggregate_total,2008,27.47
swe,sex_m,age_10yrbands_y25_34,edu_aggregate_total,2009,46.278
swe,sex_m,age_10yrbands_y25_34,edu_aggregate_total,2010,43.117
swe,sex_m,age_10yrbands_y25_34,edu_aggregate_total,2011,39.771
swe,sex_m,age_10yrbands_y25_34,edu_aggregate_total,2012,45.315
swe,sex_m,age_10yrbands_y25_34,edu_aggregate_total,2013,44.399
swe,sex_m,age_10yrbands_y25_34,edu_aggregate_total,2014,46.701
swe,sex_m,age_10yrbands_y25_34,edu_aggregate_total,2015,45.766
swe,sex_m,age_10yrbands_y25_34,edu_aggregate_total,2016,45.063
swe,sex_m,age_10yrbands_y25_34,edu_aggregate_total,2017,44.97
swe,sex_m,age_10yrbands_y25_34,edu_aggregate_total,2018,42.947
swe,sex_m,age_10yrbands_y25_34,edu_aggregate_total,2019,37.468
swe,sex_m,age_10yrbands_y25_34,edu_aggregate_total,2020,58.978
swe,sex_m,age_10yrbands_y25_34,edu_aggregate_total,2021,56.995
swe,sex_m,age_10yrbands_y25_34,edu_aggregate_total,2022,40.685
swe,sex_m,age_10yrbands_y25_34,edu_aggregate_total,2023,43.508
swe,sex_m,age_10yrbands_y25_34,edu_aggregate_x,2005,0.348
swe,sex_m,age_10yrbands_y25_34,edu_aggregate_x,2006,0.688
swe,sex_m,age_10yrbands_y25_34,edu_aggregate_x,2007,0.16
swe,sex_m,age_10yrbands_y25_34,edu_aggregate_x,2009,0.231
swe,sex_m,age_10yrbands_y25_34,edu_aggregate_x,2010,0.698
swe,sex_m,age_10yrbands_y25_34,edu_aggregate_x,2011,0.44
swe,sex_m,age_10yrbands_y25_34,edu_aggregate_x,2012,0.405
swe,sex_m,age_10yrbands_y25_34,edu_aggregate_x,2013,0.36
swe,sex_m,age_10yrbands_y25_34,edu_aggregate_x,2015,0.403
swe,sex_m,age_10yrbands_y25_34,edu_isced11_1,2006,1.576
swe,sex_m,age_10yrbands_y25_34,edu_isced11_1,2007,0.952
swe,sex_m,age_10yrbands_y25_34,edu_isced11_1,2008,1.381
swe,sex_m,age_10yrbands_y25_34,edu_isced11_1,2009,2.113
swe,sex_m,age_10yrbands_y25_34,edu_isced11_1,2010,2.281
swe,sex_m,age_10yrbands_y25_34,edu_isced11_1,2011,3.685
swe,sex_m,age_10yrbands_y25_34,edu_isced11_1,2012,3.469
swe,sex_m,age_10yrbands_y25_34,edu_isced11_1,2013,3.252
swe,sex_m,age_10yrbands_y25_34,edu_isced11_1,2014,3.92
swe,sex_m,age_10yrbands_y25_34,edu_isced11_1,2015,5.043
swe,sex_m,age_10yrbands_y25_34,edu_isced11_1,2016,4.917
swe,sex_m,age_10yrbands_y25_34,edu_isced11_1,2017,3.403
swe,sex_m,age_10yrbands_y25_34,edu_isced11_1,2018,3.682
swe,sex_m,age_10yrbands_y25_34,edu_isced11_1,2019,3.254
swe,sex_m,age_10yrbands_y25_34,edu_isced11_1,2020,6.983
swe,sex_m,age_10yrbands_y25_34,edu_isced11_1,2021,6.683
swe,sex_m,age_10yrbands_y25_34,edu_isced11_1,2022,3.244
swe,sex_m,age_10yrbands_y25_34,edu_isced11_1,2023,3.105
swe,sex_m,age_10yrbands_y25_34,edu_isced11_2,2006,9.036
swe,sex_m,age_10yrbands_y25_34,edu_isced11_2,2007,6.564
swe,sex_m,age_10yrbands_y25_34,edu_isced11_2,2008,6.927
swe,sex_m,age_10yrbands_y25_34,edu_isced11_2,2009,11.482
swe,sex_m,age_10yrbands_y25_34,edu_isced11_2,2010,10.256
swe,sex_m,age_10yrbands_y25_34,edu_isced11_2,2011,9.283
swe,sex_m,age_10yrbands_y25_34,edu_isced11_2,2012,11.796
swe,sex_m,age_10yrbands_y25_34,edu_isced11_2,2013,11.638
swe,sex_m,age_10yrbands_y25_34,edu_isced11_2,2014,12.063
swe,sex_m,age_10yrbands_y25_34,edu_isced11_2,2015,9.167
swe,sex_m,age_10yrbands_y25_34,edu_isced11_2,2016,8.732
swe,sex_m,age_10yrbands_y25_34,edu_isced11_2,2017,11.268
swe,sex_m,age_10yrbands_y25_34,edu_isced11_2,2018,9.902
swe,sex_m,age_10yrbands_y25_34,edu_isced11_2,2019,8.156
swe,sex_m,age_10yrbands_y25_34,edu_isced11_2,2020,13.408
swe,sex_m,age_10yrbands_y25_34,edu_isced11_2,2021,11.74
swe,sex_m,age_10yrbands_y25_34,edu_isced11_2,2022,9.344
swe,sex_m,age_10yrbands_y25_34,edu_isced11_2,2023,10.802
swe,sex_m,age_10yrbands_y25_34,edu_isced11_3,2006,13.807
swe,sex_m,age_10yrbands_y25_34,edu_isced11_3,2007,9.197
swe,sex_m,age_10yrbands_y25_34,edu_isced11_3,2008,7.974
swe,sex_m,age_10yrbands_y25_34,edu_isced11_3,2009,16.541
swe,sex_m,age_10yrbands_y25_34,edu_isced11_3,2010,15.544
swe,sex_m,age_10yrbands_y25_34,edu_isced11_3,2011,12.618
swe,sex_m,age_10yrbands_y25_34,edu_isced11_3,2012,13.273
swe,sex_m,age_10yrbands_y25_34,edu_isced11_3,2013,13.966
swe,sex_m,age_10yrbands_y25_34,edu_isced11_3,2014,13.766
swe,sex_m,age_10yrbands_y25_34,edu_isced11_3,2015,13.882
swe,sex_m,age_10yrbands_y25_34,edu_isced11_3,2016,12.626
swe,sex_m,age_10yrbands_y25_34,edu_isced11_3,2017,11.515
swe,sex_m,age_10yrbands_y25_34,edu_isced11_3,2018,11.616
swe,sex_m,age_10yrbands_y25_34,edu_isced11_3,2019,10.953
swe,sex_m,age_10yrbands_y25_34,edu_isced11_3,2020,14.591
swe,sex_m,age_10yrbands_y25_34,edu_isced11_3,2021,15.982
swe,sex_m,age_10yrbands_y25_34,edu_isced11_3,2022,13.568
swe,sex_m,age_10yrbands_y25_34,edu_isced11_3,2023,14.062
swe,sex_m,age_10yrbands_y25_34,edu_isced11_4,2006,2.141
swe,sex_m,age_10yrbands_y25_34,edu_isced11_4,2007,2.718
swe,sex_m,age_10yrbands_y25_34,edu_isced11_4,2008,2.806
swe,sex_m,age_10yrbands_y25_34,edu_isced11_4,2009,2.722
swe,sex_m,age_10yrbands_y25_34,edu_isced11_4,2010,3.051
swe,sex_m,age_10yrbands_y25_34,edu_isced11_4,2011,3.878
swe,sex_m,age_10yrbands_y25_34,edu_isced11_4,2012,4.615
swe,sex_m,age_10yrbands_y25_34,edu_isced11_4,2013,3.963
swe,sex_m,age_10yrbands_y25_34,edu_isced11_4,2014,4.55
swe,sex_m,age_10yrbands_y25_34,edu_isced11_4,2015,4.008
swe,sex_m,age_10yrbands_y25_34,edu_isced11_4,2016,4.783
swe,sex_m,age_10yrbands_y25_34,edu_isced11_4,2017,4.046
swe,sex_m,age_10yrbands_y25_34,edu_isced11_4,2018,3.306
swe,sex_m,age_10yrbands_y25_34,edu_isced11_4,2019,3.298
swe,sex_m,age_10yrbands_y25_34,edu_isced11_4,2020,4.632
swe,sex_m,age_10yrbands_y25_34,edu_isced11_4,2021,6
swe,sex_m,age_10yrbands_y25_34,edu_isced11_4,2022,3.297
swe,sex_m,age_10yrbands_y25_34,edu_isced11_4,2023,4.515
swe,sex_m,age_10yrbands_y25_34,edu_isced11_5,2006,9.444
swe,sex_m,age_10yrbands_y25_34,edu_isced11_5,2007,8.345
swe,sex_m,age_10yrbands_y25_34,edu_isced11_5,2008,8.278
swe,sex_m,age_10yrbands_y25_34,edu_isced11_5,2009,13.188
swe,sex_m,age_10yrbands_y25_34,edu_isced11_5,2010,11.286
swe,sex_m,age_10yrbands_y25_34,edu_isced11_5,2011,9.867
swe,sex_m,age_10yrbands_y25_34,edu_isced11_5,2012,11.757
swe,sex_m,age_10yrbands_y25_34,edu_isced11_5,2013,11.22
swe,sex_m,age_10yrbands_y25_34,edu_isced11_5,2014,4.341
swe,sex_m,age_10yrbands_y25_34,edu_isced11_5,2015,4.717
swe,sex_m,age_10yrbands_y25_34,edu_isced11_5,2016,5.136
swe,sex_m,age_10yrbands_y25_34,edu_isced11_5,2017,5.591
swe,sex_m,age_10yrbands_y25_34,edu_isced11_5,2018,5.703
swe,sex_m,age_10yrbands_y25_34,edu_isced11_5,2019,5.024
swe,sex_m,age_10yrbands_y25_34,edu_isced11_5,2020,7.367
swe,sex_m,age_10yrbands_y25_34,edu_isced11_5,2021,5.821
swe,sex_m,age_10yrbands_y25_34,edu_isced11_5,2022,4.609
swe,sex_m,age_10yrbands_y25_34,edu_isced11_5,2023,3.306
swe,sex_m,age_10yrbands_y25_34,edu_isced11_6,2014,6.1
swe,sex_m,age_10yrbands_y25_34,edu_isced11_6,2015,5.975
swe,sex_m,age_10yrbands_y25_34,edu_isced11_6,2016,5.274
swe,sex_m,age_10yrbands_y25_34,edu_isced11_6,2017,6.083
swe,sex_m,age_10yrbands_y25_34,edu_isced11_6,2018,5.833
swe,sex_m,age_10yrbands_y25_34,edu_isced11_6,2019,5.282
swe,sex_m,age_10yrbands_y25_34,edu_isced11_6,2020,8.905
swe,sex_m,age_10yrbands_y25_34,edu_isced11_6,2021,7.482
swe,sex_m,age_10yrbands_y25_34,edu_isced11_6,2022,4.628
swe,sex_m,age_10yrbands_y25_34,edu_isced11_6,2023,4.853
swe,sex_m,age_10yrbands_y25_34,edu_isced11_7,2014,1.926
swe,sex_m,age_10yrbands_y25_34,edu_isced11_7,2015,2.444
swe,sex_m,age_10yrbands_y25_34,edu_isced11_7,2016,2.866
swe,sex_m,age_10yrbands_y25_34,edu_isced11_7,2017,2.594
swe,sex_m,age_10yrbands_y25_34,edu_isced11_7,2018,2.406
swe,sex_m,age_10yrbands_y25_34,edu_isced11_7,2019,1.261
swe,sex_m,age_10yrbands_y25_34,edu_isced11_7,2020,2.681
swe,sex_m,age_10yrbands_y25_34,edu_isced11_7,2021,2.967
swe,sex_m,age_10yrbands_y25_34,edu_isced11_7,2022,1.712
swe,sex_m,age_10yrbands_y25_34,edu_isced11_7,2023,1.988
swe,sex_m,age_10yrbands_y25_34,edu_isced11_8,2016,0.537
swe,sex_m,age_10yrbands_y25_34,edu_isced11_8,2017,0.229
swe,sex_m,age_10yrbands_y25_34,edu_isced11_9,2006,0.688
swe,sex_m,age_10yrbands_y25_34,edu_isced11_9,2007,0.16
swe,sex_m,age_10yrbands_y25_34,edu_isced11_9,2009,0.231
swe,sex_m,age_10yrbands_y25_34,edu_isced11_9,2010,0.698
swe,sex_m,age_10yrbands_y25_34,edu_isced11_9,2011,0.44
swe,sex_m,age_10yrbands_y25_34,edu_isced11_9,2012,0.405
swe,sex_m,age_10yrbands_y25_34,edu_isced11_9,2013,0.36
swe,sex_m,age_10yrbands_y25_34,edu_isced11_9,2015,0.403
swe,sex_m,age_10yrbands_y25_34,edu_isced11_total,2006,36.692
swe,sex_m,age_10yrbands_y25_34,edu_isced11_total,2007,27.936
swe,sex_m,age_10yrbands_y25_34,edu_isced11_total,2008,27.47
swe,sex_m,age_10yrbands_y25_34,edu_isced11_total,2009,46.278
swe,sex_m,age_10yrbands_y25_34,edu_isced11_total,2010,43.117
swe,sex_m,age_10yrbands_y25_34,edu_isced11_total,2011,39.771
swe,sex_m,age_10yrbands_y25_34,edu_isced11_total,2012,45.315
swe,sex_m,age_10yrbands_y25_34,edu_isced11_total,2013,44.399
swe,sex_m,age_10yrbands_y25_34,edu_isced11_total,2014,46.701
swe,sex_m,age_10yrbands_y25_34,edu_isced11_total,2015,45.766
swe,sex_m,age_10yrbands_y25_34,edu_isced11_total,2016,45.063
swe,sex_m,age_10yrbands_y25_34,edu_isced11_total,2017,44.97
swe,sex_m,age_10yrbands_y25_34,edu_isced11_total,2018,42.947
swe,sex_m,age_10yrbands_y25_34,edu_isced11_total,2019,37.468
swe,sex_m,age_10yrbands_y25_34,edu_isced11_total,2020,58.978
swe,sex_m,age_10yrbands_y25_34,edu_isced11_total,2021,56.995
swe,sex_m,age_10yrbands_y25_34,edu_isced11_total,2022,40.685
swe,sex_m,age_10yrbands_y25_34,edu_isced11_total,2023,43.508
swe,sex_m,age_10yrbands_y35_44,edu_aggregate_adv,1995,5.12
swe,sex_m,age_10yrbands_y35_44,edu_aggregate_adv,1996,8.973
swe,sex_m,age_10yrbands_y35_44,edu_aggregate_adv,1997,9.645
swe,sex_m,age_10yrbands_y35_44,edu_aggregate_adv,1998,11.846
swe,sex_m,age_10yrbands_y35_44,edu_aggregate_adv,1999,10.862
swe,sex_m,age_10yrbands_y35_44,edu_aggregate_adv,2000,3.842
swe,sex_m,age_10yrbands_y35_44,edu_aggregate_adv,2001,3.501
swe,sex_m,age_10yrbands_y35_44,edu_aggregate_adv,2002,3.41
swe,sex_m,age_10yrbands_y35_44,edu_aggregate_adv,2003,7.235
swe,sex_m,age_10yrbands_y35_44,edu_aggregate_adv,2004,5.976
swe,sex_m,age_10yrbands_y35_44,edu_aggregate_adv,2005,7.089
swe,sex_m,age_10yrbands_y35_44,edu_aggregate_adv,2006,6.15
swe,sex_m,age_10yrbands_y35_44,edu_aggregate_adv,2007,5.613
swe,sex_m,age_10yrbands_y35_44,edu_aggregate_adv,2008,4.606
swe,sex_m,age_10yrbands_y35_44,edu_aggregate_adv,2009,7.319
swe,sex_m,age_10yrbands_y35_44,edu_aggregate_adv,2010,8.166
swe,sex_m,age_10yrbands_y35_44,edu_aggregate_adv,2011,7.324
swe,sex_m,age_10yrbands_y35_44,edu_aggregate_adv,2012,7.578
swe,sex_m,age_10yrbands_y35_44,edu_aggregate_adv,2013,7.855
swe,sex_m,age_10yrbands_y35_44,edu_aggregate_adv,2014,8.788
swe,sex_m,age_10yrbands_y35_44,edu_aggregate_adv,2015,9.669
swe,sex_m,age_10yrbands_y35_44,edu_aggregate_adv,2016,8.437
swe,sex_m,age_10yrbands_y35_44,edu_aggregate_adv,2017,11.195
swe,sex_m,age_10yrbands_y35_44,edu_aggregate_adv,2018,7.748
swe,sex_m,age_10yrbands_y35_44,edu_aggregate_adv,2019,8.412
swe,sex_m,age_10yrbands_y35_44,edu_aggregate_adv,2020,11.901
swe,sex_m,age_10yrbands_y35_44,edu_aggregate_adv,2021,11.276
swe,sex_m,age_10yrbands_y35_44,edu_aggregate_adv,2022,8.227
swe,sex_m,age_10yrbands_y35_44,edu_aggregate_adv,2023,11.195
swe,sex_m,age_10yrbands_y35_44,edu_aggregate_bas,1995,16.931
swe,sex_m,age_10yrbands_y35_44,edu_aggregate_bas,1996,17.052
swe,sex_m,age_10yrbands_y35_44,edu_aggregate_bas,1997,14.73
swe,sex_m,age_10yrbands_y35_44,edu_aggregate_bas,1998,10.145
swe,sex_m,age_10yrbands_y35_44,edu_aggregate_bas,1999,9.345
swe,sex_m,age_10yrbands_y35_44,edu_aggregate_bas,2000,6.574
swe,sex_m,age_10yrbands_y35_44,edu_aggregate_bas,2001,3.987
swe,sex_m,age_10yrbands_y35_44,edu_aggregate_bas,2002,4.928
swe,sex_m,age_10yrbands_y35_44,edu_aggregate_bas,2003,4.216
swe,sex_m,age_10yrbands_y35_44,edu_aggregate_bas,2004,4.379
swe,sex_m,age_10yrbands_y35_44,edu_aggregate_bas,2005,7.567
swe,sex_m,age_10yrbands_y35_44,edu_aggregate_bas,2006,7.707
swe,sex_m,age_10yrbands_y35_44,edu_aggregate_bas,2007,6.854
swe,sex_m,age_10yrbands_y35_44,edu_aggregate_bas,2008,6.989
swe,sex_m,age_10yrbands_y35_44,edu_aggregate_bas,2009,10.125
swe,sex_m,age_10yrbands_y35_44,edu_aggregate_bas,2010,9.902
swe,sex_m,age_10yrbands_y35_44,edu_aggregate_bas,2011,11.291
swe,sex_m,age_10yrbands_y35_44,edu_aggregate_bas,2012,11.528
swe,sex_m,age_10yrbands_y35_44,edu_aggregate_bas,2013,11.96
swe,sex_m,age_10yrbands_y35_44,edu_aggregate_bas,2014,11.573
swe,sex_m,age_10yrbands_y35_44,edu_aggregate_bas,2015,12.08
swe,sex_m,age_10yrbands_y35_44,edu_aggregate_bas,2016,13.284
swe,sex_m,age_10yrbands_y35_44,edu_aggregate_bas,2017,13.435
swe,sex_m,age_10yrbands_y35_44,edu_aggregate_bas,2018,13.828
swe,sex_m,age_10yrbands_y35_44,edu_aggregate_bas,2019,15.138
swe,sex_m,age_10yrbands_y35_44,edu_aggregate_bas,2020,15.863
swe,sex_m,age_10yrbands_y35_44,edu_aggregate_bas,2021,14.932
swe,sex_m,age_10yrbands_y35_44,edu_aggregate_bas,2022,15.56
swe,sex_m,age_10yrbands_y35_44,edu_aggregate_bas,2023,11.477
swe,sex_m,age_10yrbands_y35_44,edu_aggregate_int,1995,27.875
swe,sex_m,age_10yrbands_y35_44,edu_aggregate_int,1996,26.066
swe,sex_m,age_10yrbands_y35_44,edu_aggregate_int,1997,25.403
swe,sex_m,age_10yrbands_y35_44,edu_aggregate_int,1998,23.046
swe,sex_m,age_10yrbands_y35_44,edu_aggregate_int,1999,24.609
swe,sex_m,age_10yrbands_y35_44,edu_aggregate_int,2000,15.872
swe,sex_m,age_10yrbands_y35_44,edu_aggregate_int,2001,15.689
swe,sex_m,age_10yrbands_y35_44,edu_aggregate_int,2002,15.521
swe,sex_m,age_10yrbands_y35_44,edu_aggregate_int,2003,15.484
swe,sex_m,age_10yrbands_y35_44,edu_aggregate_int,2004,21.021
swe,sex_m,age_10yrbands_y35_44,edu_aggregate_int,2005,20.141
swe,sex_m,age_10yrbands_y35_44,edu_aggregate_int,2006,13.208
swe,sex_m,age_10yrbands_y35_44,edu_aggregate_int,2007,10.651
swe,sex_m,age_10yrbands_y35_44,edu_aggregate_int,2008,8.847
swe,sex_m,age_10yrbands_y35_44,edu_aggregate_int,2009,14.817
swe,sex_m,age_10yrbands_y35_44,edu_aggregate_int,2010,15.642
swe,sex_m,age_10yrbands_y35_44,edu_aggregate_int,2011,10.102
swe,sex_m,age_10yrbands_y35_44,edu_aggregate_int,2012,10.753
swe,sex_m,age_10yrbands_y35_44,edu_aggregate_int,2013,12.755
swe,sex_m,age_10yrbands_y35_44,edu_aggregate_int,2014,11.239
swe,sex_m,age_10yrbands_y35_44,edu_aggregate_int,2015,8.396
swe,sex_m,age_10yrbands_y35_44,edu_aggregate_int,2016,7.99
swe,sex_m,age_10yrbands_y35_44,edu_aggregate_int,2017,7.053
swe,sex_m,age_10yrbands_y35_44,edu_aggregate_int,2018,5.512
swe,sex_m,age_10yrbands_y35_44,edu_aggregate_int,2019,7.111
swe,sex_m,age_10yrbands_y35_44,edu_aggregate_int,2020,9.479
swe,sex_m,age_10yrbands_y35_44,edu_aggregate_int,2021,8.796
swe,sex_m,age_10yrbands_y35_44,edu_aggregate_int,2022,8.738
swe,sex_m,age_10yrbands_y35_44,edu_aggregate_int,2023,10.296
swe,sex_m,age_10yrbands_y35_44,edu_aggregate_total,1995,49.925
swe,sex_m,age_10yrbands_y35_44,edu_aggregate_total,1996,52.847
swe,sex_m,age_10yrbands_y35_44,edu_aggregate_total,1997,51.431
swe,sex_m,age_10yrbands_y35_44,edu_aggregate_total,1998,45.782
swe,sex_m,age_10yrbands_y35_44,edu_aggregate_total,1999,45.076
swe,sex_m,age_10yrbands_y35_44,edu_aggregate_total,2000,26.287
swe,sex_m,age_10yrbands_y35_44,edu_aggregate_total,2001,23.503
swe,sex_m,age_10yrbands_y35_44,edu_aggregate_total,2002,24.23
swe,sex_m,age_10yrbands_y35_44,edu_aggregate_total,2003,27.107
swe,sex_m,age_10yrbands_y35_44,edu_aggregate_total,2004,31.541
swe,sex_m,age_10yrbands_y35_44,edu_aggregate_total,2005,35.031
swe,sex_m,age_10yrbands_y35_44,edu_aggregate_total,2006,27.499
swe,sex_m,age_10yrbands_y35_44,edu_aggregate_total,2007,23.277
swe,sex_m,age_10yrbands_y35_44,edu_aggregate_total,2008,20.907
swe,sex_m,age_10yrbands_y35_44,edu_aggregate_total,2009,32.547
swe,sex_m,age_10yrbands_y35_44,edu_aggregate_total,2010,33.971
swe,sex_m,age_10yrbands_y35_44,edu_aggregate_total,2011,29.039
swe,sex_m,age_10yrbands_y35_44,edu_aggregate_total,2012,30.064
swe,sex_m,age_10yrbands_y35_44,edu_aggregate_total,2013,32.871
swe,sex_m,age_10yrbands_y35_44,edu_aggregate_total,2014,31.784
swe,sex_m,age_10yrbands_y35_44,edu_aggregate_total,2015,30.462
swe,sex_m,age_10yrbands_y35_44,edu_aggregate_total,2016,29.805
swe,sex_m,age_10yrbands_y35_44,edu_aggregate_total,2017,31.792
swe,sex_m,age_10yrbands_y35_44,edu_aggregate_total,2018,27.204
swe,sex_m,age_10yrbands_y35_44,edu_aggregate_total,2019,31.03
swe,sex_m,age_10yrbands_y35_44,edu_aggregate_total,2020,37.392
swe,sex_m,age_10yrbands_y35_44,edu_aggregate_total,2021,35.23
swe,sex_m,age_10yrbands_y35_44,edu_aggregate_total,2022,32.573
swe,sex_m,age_10yrbands_y35_44,edu_aggregate_total,2023,33.472
swe,sex_m,age_10yrbands_y35_44,edu_aggregate_x,2005,0.234
swe,sex_m,age_10yrbands_y35_44,edu_aggregate_x,2006,0.434
swe,sex_m,age_10yrbands_y35_44,edu_aggregate_x,2008,0.464
swe,sex_m,age_10yrbands_y35_44,edu_aggregate_x,2009,0.286
swe,sex_m,age_10yrbands_y35_44,edu_aggregate_x,2010,0.26
swe,sex_m,age_10yrbands_y35_44,edu_aggregate_x,2011,0.321
swe,sex_m,age_10yrbands_y35_44,edu_aggregate_x,2012,0.205
swe,sex_m,age_10yrbands_y35_44,edu_aggregate_x,2013,0.301
swe,sex_m,age_10yrbands_y35_44,edu_aggregate_x,2015,0.318
swe,sex_m,age_10yrbands_y35_44,edu_isced11_1,2006,2.258
swe,sex_m,age_10yrbands_y35_44,edu_isced11_1,2007,1.505
swe,sex_m,age_10yrbands_y35_44,edu_isced11_1,2008,1.957
swe,sex_m,age_10yrbands_y35_44,edu_isced11_1,2009,2.609
swe,sex_m,age_10yrbands_y35_44,edu_isced11_1,2010,2.472
swe,sex_m,age_10yrbands_y35_44,edu_isced11_1,2011,2.703
swe,sex_m,age_10yrbands_y35_44,edu_isced11_1,2012,3.025
swe,sex_m,age_10yrbands_y35_44,edu_isced11_1,2013,3.523
swe,sex_m,age_10yrbands_y35_44,edu_isced11_1,2014,3.341
swe,sex_m,age_10yrbands_y35_44,edu_isced11_1,2015,3.904
swe,sex_m,age_10yrbands_y35_44,edu_isced11_1,2016,4.187
swe,sex_m,age_10yrbands_y35_44,edu_isced11_1,2017,4.646
swe,sex_m,age_10yrbands_y35_44,edu_isced11_1,2018,4.663
swe,sex_m,age_10yrbands_y35_44,edu_isced11_1,2019,5.904
swe,sex_m,age_10yrbands_y35_44,edu_isced11_1,2020,5.567
swe,sex_m,age_10yrbands_y35_44,edu_isced11_1,2021,6.331
swe,sex_m,age_10yrbands_y35_44,edu_isced11_1,2022,6.539
swe,sex_m,age_10yrbands_y35_44,edu_isced11_1,2023,4.645
swe,sex_m,age_10yrbands_y35_44,edu_isced11_2,2006,5.449
swe,sex_m,age_10yrbands_y35_44,edu_isced11_2,2007,5.349
swe,sex_m,age_10yrbands_y35_44,edu_isced11_2,2008,5.032
swe,sex_m,age_10yrbands_y35_44,edu_isced11_2,2009,7.516
swe,sex_m,age_10yrbands_y35_44,edu_isced11_2,2010,7.43
swe,sex_m,age_10yrbands_y35_44,edu_isced11_2,2011,8.588
swe,sex_m,age_10yrbands_y35_44,edu_isced11_2,2012,8.503
swe,sex_m,age_10yrbands_y35_44,edu_isced11_2,2013,8.437
swe,sex_m,age_10yrbands_y35_44,edu_isced11_2,2014,8.232
swe,sex_m,age_10yrbands_y35_44,edu_isced11_2,2015,8.176
swe,sex_m,age_10yrbands_y35_44,edu_isced11_2,2016,9.097
swe,sex_m,age_10yrbands_y35_44,edu_isced11_2,2017,8.789
swe,sex_m,age_10yrbands_y35_44,edu_isced11_2,2018,9.164
swe,sex_m,age_10yrbands_y35_44,edu_isced11_2,2019,9.235
swe,sex_m,age_10yrbands_y35_44,edu_isced11_2,2020,10.296
swe,sex_m,age_10yrbands_y35_44,edu_isced11_2,2021,8.601
swe,sex_m,age_10yrbands_y35_44,edu_isced11_2,2022,9.021
swe,sex_m,age_10yrbands_y35_44,edu_isced11_2,2023,6.832
swe,sex_m,age_10yrbands_y35_44,edu_isced11_3,2006,11.453
swe,sex_m,age_10yrbands_y35_44,edu_isced11_3,2007,8.865
swe,sex_m,age_10yrbands_y35_44,edu_isced11_3,2008,7.142
swe,sex_m,age_10yrbands_y35_44,edu_isced11_3,2009,12.924
swe,sex_m,age_10yrbands_y35_44,edu_isced11_3,2010,13.038
swe,sex_m,age_10yrbands_y35_44,edu_isced11_3,2011,8.609
swe,sex_m,age_10yrbands_y35_44,edu_isced11_3,2012,8.535
swe,sex_m,age_10yrbands_y35_44,edu_isced11_3,2013,10.445
swe,sex_m,age_10yrbands_y35_44,edu_isced11_3,2014,9.499
swe,sex_m,age_10yrbands_y35_44,edu_isced11_3,2015,7.11
swe,sex_m,age_10yrbands_y35_44,edu_isced11_3,2016,5.957
swe,sex_m,age_10yrbands_y35_44,edu_isced11_3,2017,5.125
swe,sex_m,age_10yrbands_y35_44,edu_isced11_3,2018,4.418
swe,sex_m,age_10yrbands_y35_44,edu_isced11_3,2019,5.44
swe,sex_m,age_10yrbands_y35_44,edu_isced11_3,2020,8.184
swe,sex_m,age_10yrbands_y35_44,edu_isced11_3,2021,6.733
swe,sex_m,age_10yrbands_y35_44,edu_isced11_3,2022,7.225
swe,sex_m,age_10yrbands_y35_44,edu_isced11_3,2023,8.291
swe,sex_m,age_10yrbands_y35_44,edu_isced11_4,2006,1.756
swe,sex_m,age_10yrbands_y35_44,edu_isced11_4,2007,1.786
swe,sex_m,age_10yrbands_y35_44,edu_isced11_4,2008,1.704
swe,sex_m,age_10yrbands_y35_44,edu_isced11_4,2009,1.893
swe,sex_m,age_10yrbands_y35_44,edu_isced11_4,2010,2.604
swe,sex_m,age_10yrbands_y35_44,edu_isced11_4,2011,1.494
swe,sex_m,age_10yrbands_y35_44,edu_isced11_4,2012,2.217
swe,sex_m,age_10yrbands_y35_44,edu_isced11_4,2013,2.309
swe,sex_m,age_10yrbands_y35_44,edu_isced11_4,2014,1.74
swe,sex_m,age_10yrbands_y35_44,edu_isced11_4,2015,1.285
swe,sex_m,age_10yrbands_y35_44,edu_isced11_4,2016,2.033
swe,sex_m,age_10yrbands_y35_44,edu_isced11_4,2017,1.929
swe,sex_m,age_10yrbands_y35_44,edu_isced11_4,2018,1.095
swe,sex_m,age_10yrbands_y35_44,edu_isced11_4,2019,1.671
swe,sex_m,age_10yrbands_y35_44,edu_isced11_4,2020,1.295
swe,sex_m,age_10yrbands_y35_44,edu_isced11_4,2021,2.063
swe,sex_m,age_10yrbands_y35_44,edu_isced11_4,2022,1.514
swe,sex_m,age_10yrbands_y35_44,edu_isced11_4,2023,2.004
swe,sex_m,age_10yrbands_y35_44,edu_isced11_5,2006,6.15
swe,sex_m,age_10yrbands_y35_44,edu_isced11_5,2007,5.613
swe,sex_m,age_10yrbands_y35_44,edu_isced11_5,2008,4.606
swe,sex_m,age_10yrbands_y35_44,edu_isced11_5,2009,7.319
swe,sex_m,age_10yrbands_y35_44,edu_isced11_5,2010,8.166
swe,sex_m,age_10yrbands_y35_44,edu_isced11_5,2011,7.324
swe,sex_m,age_10yrbands_y35_44,edu_isced11_5,2012,7.578
swe,sex_m,age_10yrbands_y35_44,edu_isced11_5,2013,7.855
swe,sex_m,age_10yrbands_y35_44,edu_isced11_5,2014,2.459
swe,sex_m,age_10yrbands_y35_44,edu_isced11_5,2015,3.227
swe,sex_m,age_10yrbands_y35_44,edu_isced11_5,2016,3.172
swe,sex_m,age_10yrbands_y35_44,edu_isced11_5,2017,3.307
swe,sex_m,age_10yrbands_y35_44,edu_isced11_5,2018,1.633
swe,sex_m,age_10yrbands_y35_44,edu_isced11_5,2019,2.701
swe,sex_m,age_10yrbands_y35_44,edu_isced11_5,2020,4.82
swe,sex_m,age_10yrbands_y35_44,edu_isced11_5,2021,5.305
swe,sex_m,age_10yrbands_y35_44,edu_isced11_5,2022,2.91
swe,sex_m,age_10yrbands_y35_44,edu_isced11_5,2023,3.652
swe,sex_m,age_10yrbands_y35_44,edu_isced11_6,2014,2.938
swe,sex_m,age_10yrbands_y35_44,edu_isced11_6,2015,2.586
swe,sex_m,age_10yrbands_y35_44,edu_isced11_6,2016,2.875
swe,sex_m,age_10yrbands_y35_44,edu_isced11_6,2017,3.335
swe,sex_m,age_10yrbands_y35_44,edu_isced11_6,2018,2.794
swe,sex_m,age_10yrbands_y35_44,edu_isced11_6,2019,2.703
swe,sex_m,age_10yrbands_y35_44,edu_isced11_6,2020,4.063
swe,sex_m,age_10yrbands_y35_44,edu_isced11_6,2021,4.133
swe,sex_m,age_10yrbands_y35_44,edu_isced11_6,2022,2.482
swe,sex_m,age_10yrbands_y35_44,edu_isced11_6,2023,4.228
swe,sex_m,age_10yrbands_y35_44,edu_isced11_7,2014,2.716
swe,sex_m,age_10yrbands_y35_44,edu_isced11_7,2015,3.349
swe,sex_m,age_10yrbands_y35_44,edu_isced11_7,2016,2.286
swe,sex_m,age_10yrbands_y35_44,edu_isced11_7,2017,3.624
swe,sex_m,age_10yrbands_y35_44,edu_isced11_7,2018,2.688
swe,sex_m,age_10yrbands_y35_44,edu_isced11_7,2019,2.084
swe,sex_m,age_10yrbands_y35_44,edu_isced11_7,2020,2.077
swe,sex_m,age_10yrbands_y35_44,edu_isced11_7,2021,1.838
swe,sex_m,age_10yrbands_y35_44,edu_isced11_7,2022,2.765
swe,sex_m,age_10yrbands_y35_44,edu_isced11_7,2023,3.135
swe,sex_m,age_10yrbands_y35_44,edu_isced11_8,2014,0.676
swe,sex_m,age_10yrbands_y35_44,edu_isced11_8,2015,0.507
swe,sex_m,age_10yrbands_y35_44,edu_isced11_8,2017,0.928
swe,sex_m,age_10yrbands_y35_44,edu_isced11_8,2018,0.633
swe,sex_m,age_10yrbands_y35_44,edu_isced11_8,2019,0.924
swe,sex_m,age_10yrbands_y35_44,edu_isced11_8,2020,0.942
swe,sex_m,age_10yrbands_y35_44,edu_isced11_9,2006,0.434
swe,sex_m,age_10yrbands_y35_44,edu_isced11_9,2008,0.464
swe,sex_m,age_10yrbands_y35_44,edu_isced11_9,2009,0.286
swe,sex_m,age_10yrbands_y35_44,edu_isced11_9,2010,0.26
swe,sex_m,age_10yrbands_y35_44,edu_isced11_9,2011,0.321
swe,sex_m,age_10yrbands_y35_44,edu_isced11_9,2012,0.205
swe,sex_m,age_10yrbands_y35_44,edu_isced11_9,2013,0.301
swe,sex_m,age_10yrbands_y35_44,edu_isced11_9,2015,0.318
swe,sex_m,age_10yrbands_y35_44,edu_isced11_total,2006,27.499
swe,sex_m,age_10yrbands_y35_44,edu_isced11_total,2007,23.277
swe,sex_m,age_10yrbands_y35_44,edu_isced11_total,2008,20.907
swe,sex_m,age_10yrbands_y35_44,edu_isced11_total,2009,32.547
swe,sex_m,age_10yrbands_y35_44,edu_isced11_total,2010,33.971
swe,sex_m,age_10yrbands_y35_44,edu_isced11_total,2011,29.039
swe,sex_m,age_10yrbands_y35_44,edu_isced11_total,2012,30.064
swe,sex_m,age_10yrbands_y35_44,edu_isced11_total,2013,32.871
swe,sex_m,age_10yrbands_y35_44,edu_isced11_total,2014,31.784
swe,sex_m,age_10yrbands_y35_44,edu_isced11_total,2015,30.462
swe,sex_m,age_10yrbands_y35_44,edu_isced11_total,2016,29.805
swe,sex_m,age_10yrbands_y35_44,edu_isced11_total,2017,31.792
swe,sex_m,age_10yrbands_y35_44,edu_isced11_total,2018,27.204
swe,sex_m,age_10yrbands_y35_44,edu_isced11_total,2019,31.03
swe,sex_m,age_10yrbands_y35_44,edu_isced11_total,2020,37.392
swe,sex_m,age_10yrbands_y35_44,edu_isced11_total,2021,35.23
swe,sex_m,age_10yrbands_y35_44,edu_isced11_total,2022,32.573
swe,sex_m,age_10yrbands_y35_44,edu_isced11_total,2023,33.472
swe,sex_m,age_10yrbands_y45_54,edu_aggregate_adv,1995,7.532
swe,sex_m,age_10yrbands_y45_54,edu_aggregate_adv,1996,5.522
swe,sex_m,age_10yrbands_y45_54,edu_aggregate_adv,1997,6.316
swe,sex_m,age_10yrbands_y45_54,edu_aggregate_adv,1998,6.272
swe,sex_m,age_10yrbands_y45_54,edu_aggregate_adv,1999,7.135
swe,sex_m,age_10yrbands_y45_54,edu_aggregate_adv,2000,8.828
swe,sex_m,age_10yrbands_y45_54,edu_aggregate_adv,2001,3.105
swe,sex_m,age_10yrbands_y45_54,edu_aggregate_adv,2002,3.886
swe,sex_m,age_10yrbands_y45_54,edu_aggregate_adv,2003,4.523
swe,sex_m,age_10yrbands_y45_54,edu_aggregate_adv,2004,4.515
swe,sex_m,age_10yrbands_y45_54,edu_aggregate_adv,2005,4.462
swe,sex_m,age_10yrbands_y45_54,edu_aggregate_adv,2006,4.395
swe,sex_m,age_10yrbands_y45_54,edu_aggregate_adv,2007,4.269
swe,sex_m,age_10yrbands_y45_54,edu_aggregate_adv,2008,4.114
swe,sex_m,age_10yrbands_y45_54,edu_aggregate_adv,2009,5.856
swe,sex_m,age_10yrbands_y45_54,edu_aggregate_adv,2010,6.502
swe,sex_m,age_10yrbands_y45_54,edu_aggregate_adv,2011,6.627
swe,sex_m,age_10yrbands_y45_54,edu_aggregate_adv,2012,7.355
swe,sex_m,age_10yrbands_y45_54,edu_aggregate_adv,2013,6.816
swe,sex_m,age_10yrbands_y45_54,edu_aggregate_adv,2014,7.471
swe,sex_m,age_10yrbands_y45_54,edu_aggregate_adv,2015,7.76
swe,sex_m,age_10yrbands_y45_54,edu_aggregate_adv,2016,9.18
swe,sex_m,age_10yrbands_y45_54,edu_aggregate_adv,2017,8.47
swe,sex_m,age_10yrbands_y45_54,edu_aggregate_adv,2018,9.054
swe,sex_m,age_10yrbands_y45_54,edu_aggregate_adv,2019,11.015
swe,sex_m,age_10yrbands_y45_54,edu_aggregate_adv,2020,9.755
swe,sex_m,age_10yrbands_y45_54,edu_aggregate_adv,2021,8.959
swe,sex_m,age_10yrbands_y45_54,edu_aggregate_adv,2022,7.233
swe,sex_m,age_10yrbands_y45_54,edu_aggregate_adv,2023,9.393
swe,sex_m,age_10yrbands_y45_54,edu_aggregate_bas,1995,18.738
swe,sex_m,age_10yrbands_y45_54,edu_aggregate_bas,1996,10.402
swe,sex_m,age_10yrbands_y45_54,edu_aggregate_bas,1997,15.493
swe,sex_m,age_10yrbands_y45_54,edu_aggregate_bas,1998,18.61
swe,sex_m,age_10yrbands_y45_54,edu_aggregate_bas,1999,11.472
swe,sex_m,age_10yrbands_y45_54,edu_aggregate_bas,2000,10.526
swe,sex_m,age_10yrbands_y45_54,edu_aggregate_bas,2001,4.705
swe,sex_m,age_10yrbands_y45_54,edu_aggregate_bas,2002,4.459
swe,sex_m,age_10yrbands_y45_54,edu_aggregate_bas,2003,3.404
swe,sex_m,age_10yrbands_y45_54,edu_aggregate_bas,2004,4.596
swe,sex_m,age_10yrbands_y45_54,edu_aggregate_bas,2005,5.324
swe,sex_m,age_10yrbands_y45_54,edu_aggregate_bas,2006,6.437
swe,sex_m,age_10yrbands_y45_54,edu_aggregate_bas,2007,5.179
swe,sex_m,age_10yrbands_y45_54,edu_aggregate_bas,2008,5.526
swe,sex_m,age_10yrbands_y45_54,edu_aggregate_bas,2009,7.955
swe,sex_m,age_10yrbands_y45_54,edu_aggregate_bas,2010,9.053
swe,sex_m,age_10yrbands_y45_54,edu_aggregate_bas,2011,9.003
swe,sex_m,age_10yrbands_y45_54,edu_aggregate_bas,2012,9.463
swe,sex_m,age_10yrbands_y45_54,edu_aggregate_bas,2013,9.119
swe,sex_m,age_10yrbands_y45_54,edu_aggregate_bas,2014,9.359
swe,sex_m,age_10yrbands_y45_54,edu_aggregate_bas,2015,8.552
swe,sex_m,age_10yrbands_y45_54,edu_aggregate_bas,2016,8.699
swe,sex_m,age_10yrbands_y45_54,edu_aggregate_bas,2017,8.461
swe,sex_m,age_10yrbands_y45_54,edu_aggregate_bas,2018,10.308
swe,sex_m,age_10yrbands_y45_54,edu_aggregate_bas,2019,9.749
swe,sex_m,age_10yrbands_y45_54,edu_aggregate_bas,2020,10.425
swe,sex_m,age_10yrbands_y45_54,edu_aggregate_bas,2021,14.077
swe,sex_m,age_10yrbands_y45_54,edu_aggregate_bas,2022,13.528
swe,sex_m,age_10yrbands_y45_54,edu_aggregate_bas,2023,13.865
swe,sex_m,age_10yrbands_y45_54,edu_aggregate_int,1995,16.848
swe,sex_m,age_10yrbands_y45_54,edu_aggregate_int,1996,20.2
swe,sex_m,age_10yrbands_y45_54,edu_aggregate_int,1997,22.365
swe,sex_m,age_10yrbands_y45_54,edu_aggregate_int,1998,25.104
swe,sex_m,age_10yrbands_y45_54,edu_aggregate_int,1999,16.783
swe,sex_m,age_10yrbands_y45_54,edu_aggregate_int,2000,11.921
swe,sex_m,age_10yrbands_y45_54,edu_aggregate_int,2001,11.775
swe,sex_m,age_10yrbands_y45_54,edu_aggregate_int,2002,10.807
swe,sex_m,age_10yrbands_y45_54,edu_aggregate_int,2003,12.434
swe,sex_m,age_10yrbands_y45_54,edu_aggregate_int,2004,14.121
swe,sex_m,age_10yrbands_y45_54,edu_aggregate_int,2005,15.286
swe,sex_m,age_10yrbands_y45_54,edu_aggregate_int,2006,11.775
swe,sex_m,age_10yrbands_y45_54,edu_aggregate_int,2007,9.203
swe,sex_m,age_10yrbands_y45_54,edu_aggregate_int,2008,10.573
swe,sex_m,age_10yrbands_y45_54,edu_aggregate_int,2009,17.19
swe,sex_m,age_10yrbands_y45_54,edu_aggregate_int,2010,16.074
swe,sex_m,age_10yrbands_y45_54,edu_aggregate_int,2011,13.958
swe,sex_m,age_10yrbands_y45_54,edu_aggregate_int,2012,15.039
swe,sex_m,age_10yrbands_y45_54,edu_aggregate_int,2013,14.09
swe,sex_m,age_10yrbands_y45_54,edu_aggregate_int,2014,13.675
swe,sex_m,age_10yrbands_y45_54,edu_aggregate_int,2015,13.279
swe,sex_m,age_10yrbands_y45_54,edu_aggregate_int,2016,11.821
swe,sex_m,age_10yrbands_y45_54,edu_aggregate_int,2017,10.889
swe,sex_m,age_10yrbands_y45_54,edu_aggregate_int,2018,8.422
swe,sex_m,age_10yrbands_y45_54,edu_aggregate_int,2019,9.63
swe,sex_m,age_10yrbands_y45_54,edu_aggregate_int,2020,10.468
swe,sex_m,age_10yrbands_y45_54,edu_aggregate_int,2021,10.603
swe,sex_m,age_10yrbands_y45_54,edu_aggregate_int,2022,9.964
swe,sex_m,age_10yrbands_y45_54,edu_aggregate_int,2023,8.513
swe,sex_m,age_10yrbands_y45_54,edu_aggregate_total,1995,43.117
swe,sex_m,age_10yrbands_y45_54,edu_aggregate_total,1996,36.466
swe,sex_m,age_10yrbands_y45_54,edu_aggregate_total,1997,45.582
swe,sex_m,age_10yrbands_y45_54,edu_aggregate_total,1998,50.314
swe,sex_m,age_10yrbands_y45_54,edu_aggregate_total,1999,35.39
swe,sex_m,age_10yrbands_y45_54,edu_aggregate_total,2000,31.274
swe,sex_m,age_10yrbands_y45_54,edu_aggregate_total,2001,19.586
swe,sex_m,age_10yrbands_y45_54,edu_aggregate_total,2002,19.462
swe,sex_m,age_10yrbands_y45_54,edu_aggregate_total,2003,20.529
swe,sex_m,age_10yrbands_y45_54,edu_aggregate_total,2004,23.472
swe,sex_m,age_10yrbands_y45_54,edu_aggregate_total,2005,25.072
swe,sex_m,age_10yrbands_y45_54,edu_aggregate_total,2006,23.068
swe,sex_m,age_10yrbands_y45_54,edu_aggregate_total,2007,18.887
swe,sex_m,age_10yrbands_y45_54,edu_aggregate_total,2008,20.329
swe,sex_m,age_10yrbands_y45_54,edu_aggregate_total,2009,31.415
swe,sex_m,age_10yrbands_y45_54,edu_aggregate_total,2010,32.308
swe,sex_m,age_10yrbands_y45_54,edu_aggregate_total,2011,30.174
swe,sex_m,age_10yrbands_y45_54,edu_aggregate_total,2012,32.19
swe,sex_m,age_10yrbands_y45_54,edu_aggregate_total,2013,30.232
swe,sex_m,age_10yrbands_y45_54,edu_aggregate_total,2014,30.505
swe,sex_m,age_10yrbands_y45_54,edu_aggregate_total,2015,29.68
swe,sex_m,age_10yrbands_y45_54,edu_aggregate_total,2016,29.774
swe,sex_m,age_10yrbands_y45_54,edu_aggregate_total,2017,28.149
swe,sex_m,age_10yrbands_y45_54,edu_aggregate_total,2018,27.901
swe,sex_m,age_10yrbands_y45_54,edu_aggregate_total,2019,30.506
swe,sex_m,age_10yrbands_y45_54,edu_aggregate_total,2020,30.648
swe,sex_m,age_10yrbands_y45_54,edu_aggregate_total,2021,33.691
swe,sex_m,age_10yrbands_y45_54,edu_aggregate_total,2022,30.916
swe,sex_m,age_10yrbands_y45_54,edu_aggregate_total,2023,32.107
swe,sex_m,age_10yrbands_y45_54,edu_aggregate_x,2006,0.461
swe,sex_m,age_10yrbands_y45_54,edu_aggregate_x,2007,0.236
swe,sex_m,age_10yrbands_y45_54,edu_aggregate_x,2009,0.414
swe,sex_m,age_10yrbands_y45_54,edu_aggregate_x,2010,0.679
swe,sex_m,age_10yrbands_y45_54,edu_aggregate_x,2011,0.587
swe,sex_m,age_10yrbands_y45_54,edu_aggregate_x,2012,0.333
swe,sex_m,age_10yrbands_y45_54,edu_aggregate_x,2013,0.207
swe,sex_m,age_10yrbands_y45_54,edu_aggregate_x,2017,0.329
swe,sex_m,age_10yrbands_y45_54,edu_isced11_1,2006,1.351
swe,sex_m,age_10yrbands_y45_54,edu_isced11_1,2007,0.973
swe,sex_m,age_10yrbands_y45_54,edu_isced11_1,2008,1.128
swe,sex_m,age_10yrbands_y45_54,edu_isced11_1,2009,1.9
swe,sex_m,age_10yrbands_y45_54,edu_isced11_1,2010,2.141
swe,sex_m,age_10yrbands_y45_54,edu_isced11_1,2011,2.054
swe,sex_m,age_10yrbands_y45_54,edu_isced11_1,2012,1.558
swe,sex_m,age_10yrbands_y45_54,edu_isced11_1,2013,1.984
swe,sex_m,age_10yrbands_y45_54,edu_isced11_1,2014,2.055
swe,sex_m,age_10yrbands_y45_54,edu_isced11_1,2015,2.374
swe,sex_m,age_10yrbands_y45_54,edu_isced11_1,2016,3.389
swe,sex_m,age_10yrbands_y45_54,edu_isced11_1,2017,2.959
swe,sex_m,age_10yrbands_y45_54,edu_isced11_1,2018,3.85
swe,sex_m,age_10yrbands_y45_54,edu_isced11_1,2019,2.292
swe,sex_m,age_10yrbands_y45_54,edu_isced11_1,2020,3.123
swe,sex_m,age_10yrbands_y45_54,edu_isced11_1,2021,5.78
swe,sex_m,age_10yrbands_y45_54,edu_isced11_1,2022,5.693
swe,sex_m,age_10yrbands_y45_54,edu_isced11_1,2023,6.056
swe,sex_m,age_10yrbands_y45_54,edu_isced11_2,2006,5.085
swe,sex_m,age_10yrbands_y45_54,edu_isced11_2,2007,4.206
swe,sex_m,age_10yrbands_y45_54,edu_isced11_2,2008,4.397
swe,sex_m,age_10yrbands_y45_54,edu_isced11_2,2009,6.055
swe,sex_m,age_10yrbands_y45_54,edu_isced11_2,2010,6.912
swe,sex_m,age_10yrbands_y45_54,edu_isced11_2,2011,6.948
swe,sex_m,age_10yrbands_y45_54,edu_isced11_2,2012,7.904
swe,sex_m,age_10yrbands_y45_54,edu_isced11_2,2013,7.136
swe,sex_m,age_10yrbands_y45_54,edu_isced11_2,2014,7.304
swe,sex_m,age_10yrbands_y45_54,edu_isced11_2,2015,6.178
swe,sex_m,age_10yrbands_y45_54,edu_isced11_2,2016,5.31
swe,sex_m,age_10yrbands_y45_54,edu_isced11_2,2017,5.503
swe,sex_m,age_10yrbands_y45_54,edu_isced11_2,2018,6.458
swe,sex_m,age_10yrbands_y45_54,edu_isced11_2,2019,7.457
swe,sex_m,age_10yrbands_y45_54,edu_isced11_2,2020,7.302
swe,sex_m,age_10yrbands_y45_54,edu_isced11_2,2021,8.296
swe,sex_m,age_10yrbands_y45_54,edu_isced11_2,2022,7.835
swe,sex_m,age_10yrbands_y45_54,edu_isced11_2,2023,7.81
swe,sex_m,age_10yrbands_y45_54,edu_isced11_3,2006,9.947
swe,sex_m,age_10yrbands_y45_54,edu_isced11_3,2007,7.66
swe,sex_m,age_10yrbands_y45_54,edu_isced11_3,2008,8.941
swe,sex_m,age_10yrbands_y45_54,edu_isced11_3,2009,15.294
swe,sex_m,age_10yrbands_y45_54,edu_isced11_3,2010,14.729
swe,sex_m,age_10yrbands_y45_54,edu_isced11_3,2011,11.868
swe,sex_m,age_10yrbands_y45_54,edu_isced11_3,2012,12.777
swe,sex_m,age_10yrbands_y45_54,edu_isced11_3,2013,12.118
swe,sex_m,age_10yrbands_y45_54,edu_isced11_3,2014,11.884
swe,sex_m,age_10yrbands_y45_54,edu_isced11_3,2015,11.313
swe,sex_m,age_10yrbands_y45_54,edu_isced11_3,2016,9.972
swe,sex_m,age_10yrbands_y45_54,edu_isced11_3,2017,9.144
swe,sex_m,age_10yrbands_y45_54,edu_isced11_3,2018,6.953
swe,sex_m,age_10yrbands_y45_54,edu_isced11_3,2019,8.641
swe,sex_m,age_10yrbands_y45_54,edu_isced11_3,2020,9.058
swe,sex_m,age_10yrbands_y45_54,edu_isced11_3,2021,8.332
swe,sex_m,age_10yrbands_y45_54,edu_isced11_3,2022,8.626
swe,sex_m,age_10yrbands_y45_54,edu_isced11_3,2023,6.841
swe,sex_m,age_10yrbands_y45_54,edu_isced11_4,2006,1.829
swe,sex_m,age_10yrbands_y45_54,edu_isced11_4,2007,1.542
swe,sex_m,age_10yrbands_y45_54,edu_isced11_4,2008,1.632
swe,sex_m,age_10yrbands_y45_54,edu_isced11_4,2009,1.896
swe,sex_m,age_10yrbands_y45_54,edu_isced11_4,2010,1.345
swe,sex_m,age_10yrbands_y45_54,edu_isced11_4,2011,2.09
swe,sex_m,age_10yrbands_y45_54,edu_isced11_4,2012,2.263
swe,sex_m,age_10yrbands_y45_54,edu_isced11_4,2013,1.972
swe,sex_m,age_10yrbands_y45_54,edu_isced11_4,2014,1.791
swe,sex_m,age_10yrbands_y45_54,edu_isced11_4,2015,1.965
swe,sex_m,age_10yrbands_y45_54,edu_isced11_4,2016,1.849
swe,sex_m,age_10yrbands_y45_54,edu_isced11_4,2017,1.745
swe,sex_m,age_10yrbands_y45_54,edu_isced11_4,2018,1.47
swe,sex_m,age_10yrbands_y45_54,edu_isced11_4,2019,0.988
swe,sex_m,age_10yrbands_y45_54,edu_isced11_4,2020,1.411
swe,sex_m,age_10yrbands_y45_54,edu_isced11_4,2021,2.271
swe,sex_m,age_10yrbands_y45_54,edu_isced11_4,2022,1.338
swe,sex_m,age_10yrbands_y45_54,edu_isced11_4,2023,1.672
swe,sex_m,age_10yrbands_y45_54,edu_isced11_5,2006,4.395
swe,sex_m,age_10yrbands_y45_54,edu_isced11_5,2007,4.269
swe,sex_m,age_10yrbands_y45_54,edu_isced11_5,2008,4.114
swe,sex_m,age_10yrbands_y45_54,edu_isced11_5,2009,5.856
swe,sex_m,age_10yrbands_y45_54,edu_isced11_5,2010,6.502
swe,sex_m,age_10yrbands_y45_54,edu_isced11_5,2011,6.627
swe,sex_m,age_10yrbands_y45_54,edu_isced11_5,2012,7.355
swe,sex_m,age_10yrbands_y45_54,edu_isced11_5,2013,6.816
swe,sex_m,age_10yrbands_y45_54,edu_isced11_5,2014,2.723
swe,sex_m,age_10yrbands_y45_54,edu_isced11_5,2015,2.597
swe,sex_m,age_10yrbands_y45_54,edu_isced11_5,2016,3.255
swe,sex_m,age_10yrbands_y45_54,edu_isced11_5,2017,3.345
swe,sex_m,age_10yrbands_y45_54,edu_isced11_5,2018,3.097
swe,sex_m,age_10yrbands_y45_54,edu_isced11_5,2019,4.795
swe,sex_m,age_10yrbands_y45_54,edu_isced11_5,2020,4.161
swe,sex_m,age_10yrbands_y45_54,edu_isced11_5,2021,4.293
swe,sex_m,age_10yrbands_y45_54,edu_isced11_5,2022,1.92
swe,sex_m,age_10yrbands_y45_54,edu_isced11_5,2023,2.678
swe,sex_m,age_10yrbands_y45_54,edu_isced11_6,2014,2.244
swe,sex_m,age_10yrbands_y45_54,edu_isced11_6,2015,2.575
swe,sex_m,age_10yrbands_y45_54,edu_isced11_6,2016,2.819
swe,sex_m,age_10yrbands_y45_54,edu_isced11_6,2017,2.143
swe,sex_m,age_10yrbands_y45_54,edu_isced11_6,2018,2.999
swe,sex_m,age_10yrbands_y45_54,edu_isced11_6,2019,3.3
swe,sex_m,age_10yrbands_y45_54,edu_isced11_6,2020,3.148
swe,sex_m,age_10yrbands_y45_54,edu_isced11_6,2021,3.164
swe,sex_m,age_10yrbands_y45_54,edu_isced11_6,2022,3.155
swe,sex_m,age_10yrbands_y45_54,edu_isced11_6,2023,4.357
swe,sex_m,age_10yrbands_y45_54,edu_isced11_7,2014,2.327
swe,sex_m,age_10yrbands_y45_54,edu_isced11_7,2015,2.143
swe,sex_m,age_10yrbands_y45_54,edu_isced11_7,2016,2.611
swe,sex_m,age_10yrbands_y45_54,edu_isced11_7,2017,2.388
swe,sex_m,age_10yrbands_y45_54,edu_isced11_7,2018,2.297
swe,sex_m,age_10yrbands_y45_54,edu_isced11_7,2019,2.659
swe,sex_m,age_10yrbands_y45_54,edu_isced11_7,2020,1.577
swe,sex_m,age_10yrbands_y45_54,edu_isced11_7,2021,1.171
swe,sex_m,age_10yrbands_y45_54,edu_isced11_7,2022,1.844
swe,sex_m,age_10yrbands_y45_54,edu_isced11_7,2023,2.234
swe,sex_m,age_10yrbands_y45_54,edu_isced11_8,2014,0.176
swe,sex_m,age_10yrbands_y45_54,edu_isced11_8,2015,0.445
swe,sex_m,age_10yrbands_y45_54,edu_isced11_8,2016,0.495
swe,sex_m,age_10yrbands_y45_54,edu_isced11_8,2017,0.595
swe,sex_m,age_10yrbands_y45_54,edu_isced11_8,2018,0.66
swe,sex_m,age_10yrbands_y45_54,edu_isced11_8,2020,0.868
swe,sex_m,age_10yrbands_y45_54,edu_isced11_9,2006,0.461
swe,sex_m,age_10yrbands_y45_54,edu_isced11_9,2007,0.236
swe,sex_m,age_10yrbands_y45_54,edu_isced11_9,2009,0.414
swe,sex_m,age_10yrbands_y45_54,edu_isced11_9,2010,0.679
swe,sex_m,age_10yrbands_y45_54,edu_isced11_9,2011,0.587
swe,sex_m,age_10yrbands_y45_54,edu_isced11_9,2012,0.333
swe,sex_m,age_10yrbands_y45_54,edu_isced11_9,2013,0.207
swe,sex_m,age_10yrbands_y45_54,edu_isced11_9,2017,0.329
swe,sex_m,age_10yrbands_y45_54,edu_isced11_total,2006,23.068
swe,sex_m,age_10yrbands_y45_54,edu_isced11_total,2007,18.887
swe,sex_m,age_10yrbands_y45_54,edu_isced11_total,2008,20.329
swe,sex_m,age_10yrbands_y45_54,edu_isced11_total,2009,31.415
swe,sex_m,age_10yrbands_y45_54,edu_isced11_total,2010,32.308
swe,sex_m,age_10yrbands_y45_54,edu_isced11_total,2011,30.174
swe,sex_m,age_10yrbands_y45_54,edu_isced11_total,2012,32.19
swe,sex_m,age_10yrbands_y45_54,edu_isced11_total,2013,30.232
swe,sex_m,age_10yrbands_y45_54,edu_isced11_total,2014,30.505
swe,sex_m,age_10yrbands_y45_54,edu_isced11_total,2015,29.68
swe,sex_m,age_10yrbands_y45_54,edu_isced11_total,2016,29.774
swe,sex_m,age_10yrbands_y45_54,edu_isced11_total,2017,28.149
swe,sex_m,age_10yrbands_y45_54,edu_isced11_total,2018,27.901
swe,sex_m,age_10yrbands_y45_54,edu_isced11_total,2019,30.506
swe,sex_m,age_10yrbands_y45_54,edu_isced11_total,2020,30.648
swe,sex_m,age_10yrbands_y45_54,edu_isced11_total,2021,33.691
swe,sex_m,age_10yrbands_y45_54,edu_isced11_total,2022,30.916
swe,sex_m,age_10yrbands_y45_54,edu_isced11_total,2023,32.107
swe,sex_m,age_10yrbands_y55_64,edu_aggregate_adv,1995,2.989
swe,sex_m,age_10yrbands_y55_64,edu_aggregate_adv,1996,2.82
swe,sex_m,age_10yrbands_y55_64,edu_aggregate_adv,1997,3.837
swe,sex_m,age_10yrbands_y55_64,edu_aggregate_adv,1998,2.489
swe,sex_m,age_10yrbands_y55_64,edu_aggregate_adv,1999,4.707
swe,sex_m,age_10yrbands_y55_64,edu_aggregate_adv,2000,5.464
swe,sex_m,age_10yrbands_y55_64,edu_aggregate_adv,2001,1.173
swe,sex_m,age_10yrbands_y55_64,edu_aggregate_adv,2002,2.621
swe,sex_m,age_10yrbands_y55_64,edu_aggregate_adv,2003,2.717
swe,sex_m,age_10yrbands_y55_64,edu_aggregate_adv,2004,2.839
swe,sex_m,age_10yrbands_y55_64,edu_aggregate_adv,2005,3.843
swe,sex_m,age_10yrbands_y55_64,edu_aggregate_adv,2006,4.398
swe,sex_m,age_10yrbands_y55_64,edu_aggregate_adv,2007,3.788
swe,sex_m,age_10yrbands_y55_64,edu_aggregate_adv,2008,3.805
swe,sex_m,age_10yrbands_y55_64,edu_aggregate_adv,2009,3.805
swe,sex_m,age_10yrbands_y55_64,edu_aggregate_adv,2010,5.369
swe,sex_m,age_10yrbands_y55_64,edu_aggregate_adv,2011,5.295
swe,sex_m,age_10yrbands_y55_64,edu_aggregate_adv,2012,4.587
swe,sex_m,age_10yrbands_y55_64,edu_aggregate_adv,2013,4.911
swe,sex_m,age_10yrbands_y55_64,edu_aggregate_adv,2014,6.017
swe,sex_m,age_10yrbands_y55_64,edu_aggregate_adv,2015,5.62
swe,sex_m,age_10yrbands_y55_64,edu_aggregate_adv,2016,6.046
swe,sex_m,age_10yrbands_y55_64,edu_aggregate_adv,2017,5.796
swe,sex_m,age_10yrbands_y55_64,edu_aggregate_adv,2018,7.16
swe,sex_m,age_10yrbands_y55_64,edu_aggregate_adv,2019,5.868
swe,sex_m,age_10yrbands_y55_64,edu_aggregate_adv,2020,6.584
swe,sex_m,age_10yrbands_y55_64,edu_aggregate_adv,2021,8.477
swe,sex_m,age_10yrbands_y55_64,edu_aggregate_adv,2022,6.161
swe,sex_m,age_10yrbands_y55_64,edu_aggregate_adv,2023,7.18
swe,sex_m,age_10yrbands_y55_64,edu_aggregate_bas,1995,12.836
swe,sex_m,age_10yrbands_y55_64,edu_aggregate_bas,1996,16.849
swe,sex_m,age_10yrbands_y55_64,edu_aggregate_bas,1997,17.927
swe,sex_m,age_10yrbands_y55_64,edu_aggregate_bas,1998,10.253
swe,sex_m,age_10yrbands_y55_64,edu_aggregate_bas,1999,11.186
swe,sex_m,age_10yrbands_y55_64,edu_aggregate_bas,2000,10.661
swe,sex_m,age_10yrbands_y55_64,edu_aggregate_bas,2001,7.326
swe,sex_m,age_10yrbands_y55_64,edu_aggregate_bas,2002,5.74
swe,sex_m,age_10yrbands_y55_64,edu_aggregate_bas,2003,5.346
swe,sex_m,age_10yrbands_y55_64,edu_aggregate_bas,2004,6.86
swe,sex_m,age_10yrbands_y55_64,edu_aggregate_bas,2005,6.466
swe,sex_m,age_10yrbands_y55_64,edu_aggregate_bas,2006,5.748
swe,sex_m,age_10yrbands_y55_64,edu_aggregate_bas,2007,5.815
swe,sex_m,age_10yrbands_y55_64,edu_aggregate_bas,2008,4.887
swe,sex_m,age_10yrbands_y55_64,edu_aggregate_bas,2009,9.193
swe,sex_m,age_10yrbands_y55_64,edu_aggregate_bas,2010,10.516
swe,sex_m,age_10yrbands_y55_64,edu_aggregate_bas,2011,8.937
swe,sex_m,age_10yrbands_y55_64,edu_aggregate_bas,2012,9.26
swe,sex_m,age_10yrbands_y55_64,edu_aggregate_bas,2013,9.069
swe,sex_m,age_10yrbands_y55_64,edu_aggregate_bas,2014,7.989
swe,sex_m,age_10yrbands_y55_64,edu_aggregate_bas,2015,7.946
swe,sex_m,age_10yrbands_y55_64,edu_aggregate_bas,2016,8.613
swe,sex_m,age_10yrbands_y55_64,edu_aggregate_bas,2017,9.01
swe,sex_m,age_10yrbands_y55_64,edu_aggregate_bas,2018,7.298
swe,sex_m,age_10yrbands_y55_64,edu_aggregate_bas,2019,7.418
swe,sex_m,age_10yrbands_y55_64,edu_aggregate_bas,2020,12.466
swe,sex_m,age_10yrbands_y55_64,edu_aggregate_bas,2021,11.36
swe,sex_m,age_10yrbands_y55_64,edu_aggregate_bas,2022,7.561
swe,sex_m,age_10yrbands_y55_64,edu_aggregate_bas,2023,8.983
swe,sex_m,age_10yrbands_y55_64,edu_aggregate_int,1995,6.547
swe,sex_m,age_10yrbands_y55_64,edu_aggregate_int,1996,7.995
swe,sex_m,age_10yrbands_y55_64,edu_aggregate_int,1997,13.132
swe,sex_m,age_10yrbands_y55_64,edu_aggregate_int,1998,12.348
swe,sex_m,age_10yrbands_y55_64,edu_aggregate_int,1999,10.884
swe,sex_m,age_10yrbands_y55_64,edu_aggregate_int,2000,9.485
swe,sex_m,age_10yrbands_y55_64,edu_aggregate_int,2001,10.356
swe,sex_m,age_10yrbands_y55_64,edu_aggregate_int,2002,10.904
swe,sex_m,age_10yrbands_y55_64,edu_aggregate_int,2003,14.674
swe,sex_m,age_10yrbands_y55_64,edu_aggregate_int,2004,16.378
swe,sex_m,age_10yrbands_y55_64,edu_aggregate_int,2005,14.63
swe,sex_m,age_10yrbands_y55_64,edu_aggregate_int,2006,12.022
swe,sex_m,age_10yrbands_y55_64,edu_aggregate_int,2007,10.223
swe,sex_m,age_10yrbands_y55_64,edu_aggregate_int,2008,10.085
swe,sex_m,age_10yrbands_y55_64,edu_aggregate_int,2009,14.312
swe,sex_m,age_10yrbands_y55_64,edu_aggregate_int,2010,15.376
swe,sex_m,age_10yrbands_y55_64,edu_aggregate_int,2011,13.29
swe,sex_m,age_10yrbands_y55_64,edu_aggregate_int,2012,12.834
swe,sex_m,age_10yrbands_y55_64,edu_aggregate_int,2013,13.343
swe,sex_m,age_10yrbands_y55_64,edu_aggregate_int,2014,15.028
swe,sex_m,age_10yrbands_y55_64,edu_aggregate_int,2015,14.768
swe,sex_m,age_10yrbands_y55_64,edu_aggregate_int,2016,14.283
swe,sex_m,age_10yrbands_y55_64,edu_aggregate_int,2017,12.776
swe,sex_m,age_10yrbands_y55_64,edu_aggregate_int,2018,10.358
swe,sex_m,age_10yrbands_y55_64,edu_aggregate_int,2019,12.034
swe,sex_m,age_10yrbands_y55_64,edu_aggregate_int,2020,14.645
swe,sex_m,age_10yrbands_y55_64,edu_aggregate_int,2021,20.664
swe,sex_m,age_10yrbands_y55_64,edu_aggregate_int,2022,16.23
swe,sex_m,age_10yrbands_y55_64,edu_aggregate_int,2023,14.115
swe,sex_m,age_10yrbands_y55_64,edu_aggregate_total,1995,22.371
swe,sex_m,age_10yrbands_y55_64,edu_aggregate_total,1996,28.371
swe,sex_m,age_10yrbands_y55_64,edu_aggregate_total,1997,35.22
swe,sex_m,age_10yrbands_y55_64,edu_aggregate_total,1998,25.09
swe,sex_m,age_10yrbands_y55_64,edu_aggregate_total,1999,26.777
swe,sex_m,age_10yrbands_y55_64,edu_aggregate_total,2000,25.609
swe,sex_m,age_10yrbands_y55_64,edu_aggregate_total,2001,18.856
swe,sex_m,age_10yrbands_y55_64,edu_aggregate_total,2002,19.265
swe,sex_m,age_10yrbands_y55_64,edu_aggregate_total,2003,22.738
swe,sex_m,age_10yrbands_y55_64,edu_aggregate_total,2004,26.077
swe,sex_m,age_10yrbands_y55_64,edu_aggregate_total,2005,24.939
swe,sex_m,age_10yrbands_y55_64,edu_aggregate_total,2006,22.609
swe,sex_m,age_10yrbands_y55_64,edu_aggregate_total,2007,20.309
swe,sex_m,age_10yrbands_y55_64,edu_aggregate_total,2008,19.03
swe,sex_m,age_10yrbands_y55_64,edu_aggregate_total,2009,27.66
swe,sex_m,age_10yrbands_y55_64,edu_aggregate_total,2010,31.442
swe,sex_m,age_10yrbands_y55_64,edu_aggregate_total,2011,27.745
swe,sex_m,age_10yrbands_y55_64,edu_aggregate_total,2012,26.979
swe,sex_m,age_10yrbands_y55_64,edu_aggregate_total,2013,27.529
swe,sex_m,age_10yrbands_y55_64,edu_aggregate_total,2014,29.034
swe,sex_m,age_10yrbands_y55_64,edu_aggregate_total,2015,28.335
swe,sex_m,age_10yrbands_y55_64,edu_aggregate_total,2016,28.998
swe,sex_m,age_10yrbands_y55_64,edu_aggregate_total,2017,27.632
swe,sex_m,age_10yrbands_y55_64,edu_aggregate_total,2018,24.925
swe,sex_m,age_10yrbands_y55_64,edu_aggregate_total,2019,25.344
swe,sex_m,age_10yrbands_y55_64,edu_aggregate_total,2020,33.709
swe,sex_m,age_10yrbands_y55_64,edu_aggregate_total,2021,40.637
swe,sex_m,age_10yrbands_y55_64,edu_aggregate_total,2022,30.125
swe,sex_m,age_10yrbands_y55_64,edu_aggregate_total,2023,30.278
swe,sex_m,age_10yrbands_y55_64,edu_aggregate_x,2006,0.441
swe,sex_m,age_10yrbands_y55_64,edu_aggregate_x,2007,0.484
swe,sex_m,age_10yrbands_y55_64,edu_aggregate_x,2008,0.253
swe,sex_m,age_10yrbands_y55_64,edu_aggregate_x,2009,0.349
swe,sex_m,age_10yrbands_y55_64,edu_aggregate_x,2010,0.181
swe,sex_m,age_10yrbands_y55_64,edu_aggregate_x,2011,0.223
swe,sex_m,age_10yrbands_y55_64,edu_aggregate_x,2012,0.298
swe,sex_m,age_10yrbands_y55_64,edu_aggregate_x,2013,0.206
swe,sex_m,age_10yrbands_y55_64,edu_isced11_1,2006,3.199
swe,sex_m,age_10yrbands_y55_64,edu_isced11_1,2007,3.126
swe,sex_m,age_10yrbands_y55_64,edu_isced11_1,2008,2.069
swe,sex_m,age_10yrbands_y55_64,edu_isced11_1,2009,4.593
swe,sex_m,age_10yrbands_y55_64,edu_isced11_1,2010,4.301
swe,sex_m,age_10yrbands_y55_64,edu_isced11_1,2011,2.68
swe,sex_m,age_10yrbands_y55_64,edu_isced11_1,2012,2.674
swe,sex_m,age_10yrbands_y55_64,edu_isced11_1,2013,2.584
swe,sex_m,age_10yrbands_y55_64,edu_isced11_1,2014,2.211
swe,sex_m,age_10yrbands_y55_64,edu_isced11_1,2015,2.153
swe,sex_m,age_10yrbands_y55_64,edu_isced11_1,2016,1.54
swe,sex_m,age_10yrbands_y55_64,edu_isced11_1,2017,2.155
swe,sex_m,age_10yrbands_y55_64,edu_isced11_1,2018,1.828
swe,sex_m,age_10yrbands_y55_64,edu_isced11_1,2019,2.29
swe,sex_m,age_10yrbands_y55_64,edu_isced11_1,2020,4.106
swe,sex_m,age_10yrbands_y55_64,edu_isced11_1,2021,2.927
swe,sex_m,age_10yrbands_y55_64,edu_isced11_1,2022,2.514
swe,sex_m,age_10yrbands_y55_64,edu_isced11_1,2023,3.619
swe,sex_m,age_10yrbands_y55_64,edu_isced11_2,2006,2.549
swe,sex_m,age_10yrbands_y55_64,edu_isced11_2,2007,2.689
swe,sex_m,age_10yrbands_y55_64,edu_isced11_2,2008,2.819
swe,sex_m,age_10yrbands_y55_64,edu_isced11_2,2009,4.6
swe,sex_m,age_10yrbands_y55_64,edu_isced11_2,2010,6.215
swe,sex_m,age_10yrbands_y55_64,edu_isced11_2,2011,6.257
swe,sex_m,age_10yrbands_y55_64,edu_isced11_2,2012,6.585
swe,sex_m,age_10yrbands_y55_64,edu_isced11_2,2013,6.485
swe,sex_m,age_10yrbands_y55_64,edu_isced11_2,2014,5.779
swe,sex_m,age_10yrbands_y55_64,edu_isced11_2,2015,5.793
swe,sex_m,age_10yrbands_y55_64,edu_isced11_2,2016,7.073
swe,sex_m,age_10yrbands_y55_64,edu_isced11_2,2017,6.855
swe,sex_m,age_10yrbands_y55_64,edu_isced11_2,2018,5.47
swe,sex_m,age_10yrbands_y55_64,edu_isced11_2,2019,5.128
swe,sex_m,age_10yrbands_y55_64,edu_isced11_2,2020,8.36
swe,sex_m,age_10yrbands_y55_64,edu_isced11_2,2021,8.433
swe,sex_m,age_10yrbands_y55_64,edu_isced11_2,2022,5.047
swe,sex_m,age_10yrbands_y55_64,edu_isced11_2,2023,5.365
swe,sex_m,age_10yrbands_y55_64,edu_isced11_3,2006,10.307
swe,sex_m,age_10yrbands_y55_64,edu_isced11_3,2007,9.336
swe,sex_m,age_10yrbands_y55_64,edu_isced11_3,2008,8.67
swe,sex_m,age_10yrbands_y55_64,edu_isced11_3,2009,12.655
swe,sex_m,age_10yrbands_y55_64,edu_isced11_3,2010,13.62
swe,sex_m,age_10yrbands_y55_64,edu_isced11_3,2011,11.227
swe,sex_m,age_10yrbands_y55_64,edu_isced11_3,2012,10.732
swe,sex_m,age_10yrbands_y55_64,edu_isced11_3,2013,11.202
swe,sex_m,age_10yrbands_y55_64,edu_isced11_3,2014,12.373
swe,sex_m,age_10yrbands_y55_64,edu_isced11_3,2015,12.46
swe,sex_m,age_10yrbands_y55_64,edu_isced11_3,2016,12.16
swe,sex_m,age_10yrbands_y55_64,edu_isced11_3,2017,10.713
swe,sex_m,age_10yrbands_y55_64,edu_isced11_3,2018,8.117
swe,sex_m,age_10yrbands_y55_64,edu_isced11_3,2019,9.404
swe,sex_m,age_10yrbands_y55_64,edu_isced11_3,2020,11.793
swe,sex_m,age_10yrbands_y55_64,edu_isced11_3,2021,17.137
swe,sex_m,age_10yrbands_y55_64,edu_isced11_3,2022,13.492
swe,sex_m,age_10yrbands_y55_64,edu_isced11_3,2023,11.215
swe,sex_m,age_10yrbands_y55_64,edu_isced11_4,2006,1.716
swe,sex_m,age_10yrbands_y55_64,edu_isced11_4,2007,0.887
swe,sex_m,age_10yrbands_y55_64,edu_isced11_4,2008,1.415
swe,sex_m,age_10yrbands_y55_64,edu_isced11_4,2009,1.657
swe,sex_m,age_10yrbands_y55_64,edu_isced11_4,2010,1.756
swe,sex_m,age_10yrbands_y55_64,edu_isced11_4,2011,2.062
swe,sex_m,age_10yrbands_y55_64,edu_isced11_4,2012,2.101
swe,sex_m,age_10yrbands_y55_64,edu_isced11_4,2013,2.141
swe,sex_m,age_10yrbands_y55_64,edu_isced11_4,2014,2.654
swe,sex_m,age_10yrbands_y55_64,edu_isced11_4,2015,2.308
swe,sex_m,age_10yrbands_y55_64,edu_isced11_4,2016,2.124
swe,sex_m,age_10yrbands_y55_64,edu_isced11_4,2017,2.063
swe,sex_m,age_10yrbands_y55_64,edu_isced11_4,2018,2.24
swe,sex_m,age_10yrbands_y55_64,edu_isced11_4,2019,2.63
swe,sex_m,age_10yrbands_y55_64,edu_isced11_4,2020,2.851
swe,sex_m,age_10yrbands_y55_64,edu_isced11_4,2021,3.527
swe,sex_m,age_10yrbands_y55_64,edu_isced11_4,2022,2.738
swe,sex_m,age_10yrbands_y55_64,edu_isced11_4,2023,2.9
swe,sex_m,age_10yrbands_y55_64,edu_isced11_5,2006,4.398
swe,sex_m,age_10yrbands_y55_64,edu_isced11_5,2007,3.788
swe,sex_m,age_10yrbands_y55_64,edu_isced11_5,2008,3.805
swe,sex_m,age_10yrbands_y55_64,edu_isced11_5,2009,3.805
swe,sex_m,age_10yrbands_y55_64,edu_isced11_5,2010,5.369
swe,sex_m,age_10yrbands_y55_64,edu_isced11_5,2011,5.295
swe,sex_m,age_10yrbands_y55_64,edu_isced11_5,2012,4.587
swe,sex_m,age_10yrbands_y55_64,edu_isced11_5,2013,4.911
swe,sex_m,age_10yrbands_y55_64,edu_isced11_5,2014,1.81
swe,sex_m,age_10yrbands_y55_64,edu_isced11_5,2015,1.89
swe,sex_m,age_10yrbands_y55_64,edu_isced11_5,2016,1.824
swe,sex_m,age_10yrbands_y55_64,edu_isced11_5,2017,1.687
swe,sex_m,age_10yrbands_y55_64,edu_isced11_5,2018,2.018
swe,sex_m,age_10yrbands_y55_64,edu_isced11_5,2019,1.816
swe,sex_m,age_10yrbands_y55_64,edu_isced11_5,2020,1.816
swe,sex_m,age_10yrbands_y55_64,edu_isced11_5,2021,2.514
swe,sex_m,age_10yrbands_y55_64,edu_isced11_5,2022,1.182
swe,sex_m,age_10yrbands_y55_64,edu_isced11_5,2023,1.726
swe,sex_m,age_10yrbands_y55_64,edu_isced11_6,2014,1.657
swe,sex_m,age_10yrbands_y55_64,edu_isced11_6,2015,1.462
swe,sex_m,age_10yrbands_y55_64,edu_isced11_6,2016,2.272
swe,sex_m,age_10yrbands_y55_64,edu_isced11_6,2017,2.169
swe,sex_m,age_10yrbands_y55_64,edu_isced11_6,2018,1.986
swe,sex_m,age_10yrbands_y55_64,edu_isced11_6,2019,2.163
swe,sex_m,age_10yrbands_y55_64,edu_isced11_6,2020,2.572
swe,sex_m,age_10yrbands_y55_64,edu_isced11_6,2021,3.815
swe,sex_m,age_10yrbands_y55_64,edu_isced11_6,2022,2.474
swe,sex_m,age_10yrbands_y55_64,edu_isced11_6,2023,2.571
swe,sex_m,age_10yrbands_y55_64,edu_isced11_7,2014,2.341
swe,sex_m,age_10yrbands_y55_64,edu_isced11_7,2015,1.93
swe,sex_m,age_10yrbands_y55_64,edu_isced11_7,2016,1.604
swe,sex_m,age_10yrbands_y55_64,edu_isced11_7,2017,1.642
swe,sex_m,age_10yrbands_y55_64,edu_isced11_7,2018,2.336
swe,sex_m,age_10yrbands_y55_64,edu_isced11_7,2019,1.341
swe,sex_m,age_10yrbands_y55_64,edu_isced11_7,2020,1.652
swe,sex_m,age_10yrbands_y55_64,edu_isced11_7,2021,1.851
swe,sex_m,age_10yrbands_y55_64,edu_isced11_7,2022,2.319
swe,sex_m,age_10yrbands_y55_64,edu_isced11_7,2023,2.591
swe,sex_m,age_10yrbands_y55_64,edu_isced11_8,2014,0.21
swe,sex_m,age_10yrbands_y55_64,edu_isced11_8,2015,0.338
swe,sex_m,age_10yrbands_y55_64,edu_isced11_8,2016,0.345
swe,sex_m,age_10yrbands_y55_64,edu_isced11_8,2017,0.298
swe,sex_m,age_10yrbands_y55_64,edu_isced11_8,2018,0.818
swe,sex_m,age_10yrbands_y55_64,edu_isced11_8,2019,0.548
swe,sex_m,age_10yrbands_y55_64,edu_isced11_8,2020,0.543
swe,sex_m,age_10yrbands_y55_64,edu_isced11_8,2023,0.293
swe,sex_m,age_10yrbands_y55_64,edu_isced11_9,2006,0.441
swe,sex_m,age_10yrbands_y55_64,edu_isced11_9,2007,0.484
swe,sex_m,age_10yrbands_y55_64,edu_isced11_9,2008,0.253
swe,sex_m,age_10yrbands_y55_64,edu_isced11_9,2009,0.349
swe,sex_m,age_10yrbands_y55_64,edu_isced11_9,2010,0.181
swe,sex_m,age_10yrbands_y55_64,edu_isced11_9,2011,0.223
swe,sex_m,age_10yrbands_y55_64,edu_isced11_9,2012,0.298
swe,sex_m,age_10yrbands_y55_64,edu_isced11_9,2013,0.206
swe,sex_m,age_10yrbands_y55_64,edu_isced11_total,2006,22.609
swe,sex_m,age_10yrbands_y55_64,edu_isced11_total,2007,20.309
swe,sex_m,age_10yrbands_y55_64,edu_isced11_total,2008,19.03
swe,sex_m,age_10yrbands_y55_64,edu_isced11_total,2009,27.66
swe,sex_m,age_10yrbands_y55_64,edu_isced11_total,2010,31.442
swe,sex_m,age_10yrbands_y55_64,edu_isced11_total,2011,27.745
swe,sex_m,age_10yrbands_y55_64,edu_isced11_total,2012,26.979
swe,sex_m,age_10yrbands_y55_64,edu_isced11_total,2013,27.529
swe,sex_m,age_10yrbands_y55_64,edu_isced11_total,2014,29.034
swe,sex_m,age_10yrbands_y55_64,edu_isced11_total,2015,28.335
swe,sex_m,age_10yrbands_y55_64,edu_isced11_total,2016,28.998
swe,sex_m,age_10yrbands_y55_64,edu_isced11_total,2017,27.632
swe,sex_m,age_10yrbands_y55_64,edu_isced11_total,2018,24.925
swe,sex_m,age_10yrbands_y55_64,edu_isced11_total,2019,25.344
swe,sex_m,age_10yrbands_y55_64,edu_isced11_total,2020,33.709
swe,sex_m,age_10yrbands_y55_64,edu_isced11_total,2021,40.637
swe,sex_m,age_10yrbands_y55_64,edu_isced11_total,2022,30.125
swe,sex_m,age_10yrbands_y55_64,edu_isced11_total,2023,30.278
swe,sex_m,age_10yrbands_yge65,edu_aggregate_adv,2006,0.652
swe,sex_m,age_10yrbands_yge65,edu_aggregate_adv,2007,0.45
swe,sex_m,age_10yrbands_yge65,edu_aggregate_adv,2009,0.426
swe,sex_m,age_10yrbands_yge65,edu_aggregate_adv,2010,0.307
swe,sex_m,age_10yrbands_yge65,edu_aggregate_adv,2011,0.328
swe,sex_m,age_10yrbands_yge65,edu_aggregate_adv,2012,0.289
swe,sex_m,age_10yrbands_yge65,edu_aggregate_adv,2013,0.301
swe,sex_m,age_10yrbands_yge65,edu_aggregate_adv,2014,0.979
swe,sex_m,age_10yrbands_yge65,edu_aggregate_adv,2015,1.159
swe,sex_m,age_10yrbands_yge65,edu_aggregate_adv,2016,1.178
swe,sex_m,age_10yrbands_yge65,edu_aggregate_adv,2017,0.795
swe,sex_m,age_10yrbands_yge65,edu_aggregate_adv,2018,1.2
swe,sex_m,age_10yrbands_yge65,edu_aggregate_adv,2019,0.942
swe,sex_m,age_10yrbands_yge65,edu_aggregate_adv,2020,1.024
swe,sex_m,age_10yrbands_yge65,edu_aggregate_adv,2021,1.203
swe,sex_m,age_10yrbands_yge65,edu_aggregate_adv,2022,2.537
swe,sex_m,age_10yrbands_yge65,edu_aggregate_adv,2023,2.453
swe,sex_m,age_10yrbands_yge65,edu_aggregate_bas,2010,0.253
swe,sex_m,age_10yrbands_yge65,edu_aggregate_bas,2011,0.354
swe,sex_m,age_10yrbands_yge65,edu_aggregate_bas,2012,0.569
swe,sex_m,age_10yrbands_yge65,edu_aggregate_bas,2013,0.501
swe,sex_m,age_10yrbands_yge65,edu_aggregate_bas,2014,0.27
swe,sex_m,age_10yrbands_yge65,edu_aggregate_bas,2015,0.66
swe,sex_m,age_10yrbands_yge65,edu_aggregate_bas,2016,0.534
swe,sex_m,age_10yrbands_yge65,edu_aggregate_bas,2017,0.293
swe,sex_m,age_10yrbands_yge65,edu_aggregate_bas,2018,0.51
swe,sex_m,age_10yrbands_yge65,edu_aggregate_bas,2019,0.438
swe,sex_m,age_10yrbands_yge65,edu_aggregate_bas,2023,0.555
swe,sex_m,age_10yrbands_yge65,edu_aggregate_int,2008,0.759
swe,sex_m,age_10yrbands_yge65,edu_aggregate_int,2009,0.848
swe,sex_m,age_10yrbands_yge65,edu_aggregate_int,2010,0.711
swe,sex_m,age_10yrbands_yge65,edu_aggregate_int,2011,0.57
swe,sex_m,age_10yrbands_yge65,edu_aggregate_int,2012,0.575
swe,sex_m,age_10yrbands_yge65,edu_aggregate_int,2013,0.63
swe,sex_m,age_10yrbands_yge65,edu_aggregate_int,2014,1.218
swe,sex_m,age_10yrbands_yge65,edu_aggregate_int,2015,0.683
swe,sex_m,age_10yrbands_yge65,edu_aggregate_int,2016,0.712
swe,sex_m,age_10yrbands_yge65,edu_aggregate_int,2017,1.708
swe,sex_m,age_10yrbands_yge65,edu_aggregate_int,2018,1.047
swe,sex_m,age_10yrbands_yge65,edu_aggregate_int,2019,1.182
swe,sex_m,age_10yrbands_yge65,edu_aggregate_int,2020,0.733
swe,sex_m,age_10yrbands_yge65,edu_aggregate_int,2021,2.712
swe,sex_m,age_10yrbands_yge65,edu_aggregate_int,2022,2.308
swe,sex_m,age_10yrbands_yge65,edu_aggregate_int,2023,1.832
swe,sex_m,age_10yrbands_yge65,edu_aggregate_total,2006,0.857
swe,sex_m,age_10yrbands_yge65,edu_aggregate_total,2007,0.659
swe,sex_m,age_10yrbands_yge65,edu_aggregate_total,2008,1.182
swe,sex_m,age_10yrbands_yge65,edu_aggregate_total,2009,1.378
swe,sex_m,age_10yrbands_yge65,edu_aggregate_total,2010,1.368
swe,sex_m,age_10yrbands_yge65,edu_aggregate_total,2011,1.454
swe,sex_m,age_10yrbands_yge65,edu_aggregate_total,2012,1.638
swe,sex_m,age_10yrbands_yge65,edu_aggregate_total,2013,1.502
swe,sex_m,age_10yrbands_yge65,edu_aggregate_total,2014,2.467
swe,sex_m,age_10yrbands_yge65,edu_aggregate_total,2015,2.501
swe,sex_m,age_10yrbands_yge65,edu_aggregate_total,2016,2.424
swe,sex_m,age_10yrbands_yge65,edu_aggregate_total,2017,2.796
swe,sex_m,age_10yrbands_yge65,edu_aggregate_total,2018,2.758
swe,sex_m,age_10yrbands_yge65,edu_aggregate_total,2019,2.562
swe,sex_m,age_10yrbands_yge65,edu_aggregate_total,2020,2.168
swe,sex_m,age_10yrbands_yge65,edu_aggregate_total,2021,4.236
swe,sex_m,age_10yrbands_yge65,edu_aggregate_total,2022,5.424
swe,sex_m,age_10yrbands_yge65,edu_aggregate_total,2023,4.84
swe,sex_m,age_10yrbands_yge65,edu_isced11_1,2010,0.174
swe,sex_m,age_10yrbands_yge65,edu_isced11_1,2011,0.258
swe,sex_m,age_10yrbands_yge65,edu_isced11_1,2012,0.165
swe,sex_m,age_10yrbands_yge65,edu_isced11_1,2013,0.466
swe,sex_m,age_10yrbands_yge65,edu_isced11_1,2014,0.112
swe,sex_m,age_10yrbands_yge65,edu_isced11_1,2015,0.204
swe,sex_m,age_10yrbands_yge65,edu_isced11_1,2016,0.363
swe,sex_m,age_10yrbands_yge65,edu_isced11_2,2010,0.078
swe,sex_m,age_10yrbands_yge65,edu_isced11_2,2011,0.096
swe,sex_m,age_10yrbands_yge65,edu_isced11_2,2012,0.404
swe,sex_m,age_10yrbands_yge65,edu_isced11_2,2015,0.456
swe,sex_m,age_10yrbands_yge65,edu_isced11_2,2016,0.172
swe,sex_m,age_10yrbands_yge65,edu_isced11_2,2023,0.555
swe,sex_m,age_10yrbands_yge65,edu_isced11_3,2008,0.759
swe,sex_m,age_10yrbands_yge65,edu_isced11_3,2009,0.697
swe,sex_m,age_10yrbands_yge65,edu_isced11_3,2010,0.579
swe,sex_m,age_10yrbands_yge65,edu_isced11_3,2011,0.526
swe,sex_m,age_10yrbands_yge65,edu_isced11_3,2012,0.549
swe,sex_m,age_10yrbands_yge65,edu_isced11_3,2013,0.591
swe,sex_m,age_10yrbands_yge65,edu_isced11_3,2014,1.008
swe,sex_m,age_10yrbands_yge65,edu_isced11_3,2015,0.54
swe,sex_m,age_10yrbands_yge65,edu_isced11_3,2016,0.712
swe,sex_m,age_10yrbands_yge65,edu_isced11_3,2017,1.636
swe,sex_m,age_10yrbands_yge65,edu_isced11_3,2018,0.934
swe,sex_m,age_10yrbands_yge65,edu_isced11_3,2019,1.052
swe,sex_m,age_10yrbands_yge65,edu_isced11_3,2020,0.733
swe,sex_m,age_10yrbands_yge65,edu_isced11_3,2021,2.584
swe,sex_m,age_10yrbands_yge65,edu_isced11_3,2022,2.308
swe,sex_m,age_10yrbands_yge65,edu_isced11_3,2023,1.706
swe,sex_m,age_10yrbands_yge65,edu_isced11_4,2014,0.21
swe,sex_m,age_10yrbands_yge65,edu_isced11_4,2015,0.142
swe,sex_m,age_10yrbands_yge65,edu_isced11_5,2006,0.652
swe,sex_m,age_10yrbands_yge65,edu_isced11_5,2007,0.45
swe,sex_m,age_10yrbands_yge65,edu_isced11_5,2009,0.426
swe,sex_m,age_10yrbands_yge65,edu_isced11_5,2010,0.307
swe,sex_m,age_10yrbands_yge65,edu_isced11_5,2011,0.328
swe,sex_m,age_10yrbands_yge65,edu_isced11_5,2012,0.289
swe,sex_m,age_10yrbands_yge65,edu_isced11_5,2013,0.301
swe,sex_m,age_10yrbands_yge65,edu_isced11_5,2022,0.912
swe,sex_m,age_10yrbands_yge65,edu_isced11_5,2023,0.788
swe,sex_m,age_10yrbands_yge65,edu_isced11_6,2014,0.297
swe,sex_m,age_10yrbands_yge65,edu_isced11_6,2015,0.321
swe,sex_m,age_10yrbands_yge65,edu_isced11_6,2016,0.668
swe,sex_m,age_10yrbands_yge65,edu_isced11_6,2017,0.284
swe,sex_m,age_10yrbands_yge65,edu_isced11_6,2020,0.648
swe,sex_m,age_10yrbands_yge65,edu_isced11_6,2022,0.727
swe,sex_m,age_10yrbands_yge65,edu_isced11_7,2014,0.462
swe,sex_m,age_10yrbands_yge65,edu_isced11_7,2015,0.639
swe,sex_m,age_10yrbands_yge65,edu_isced11_7,2016,0.388
swe,sex_m,age_10yrbands_yge65,edu_isced11_7,2018,0.422
swe,sex_m,age_10yrbands_yge65,edu_isced11_7,2022,0.78
swe,sex_m,age_10yrbands_yge65,edu_isced11_7,2023,1.132
swe,sex_m,age_10yrbands_yge65,edu_isced11_total,2006,0.857
swe,sex_m,age_10yrbands_yge65,edu_isced11_total,2007,0.659
swe,sex_m,age_10yrbands_yge65,edu_isced11_total,2008,1.182
swe,sex_m,age_10yrbands_yge65,edu_isced11_total,2009,1.378
swe,sex_m,age_10yrbands_yge65,edu_isced11_total,2010,1.368
swe,sex_m,age_10yrbands_yge65,edu_isced11_total,2011,1.454
swe,sex_m,age_10yrbands_yge65,edu_isced11_total,2012,1.638
swe,sex_m,age_10yrbands_yge65,edu_isced11_total,2013,1.502
swe,sex_m,age_10yrbands_yge65,edu_isced11_total,2014,2.467
swe,sex_m,age_10yrbands_yge65,edu_isced11_total,2015,2.501
swe,sex_m,age_10yrbands_yge65,edu_isced11_total,2016,2.424
swe,sex_m,age_10yrbands_yge65,edu_isced11_total,2017,2.796
swe,sex_m,age_10yrbands_yge65,edu_isced11_total,2018,2.758
swe,sex_m,age_10yrbands_yge65,edu_isced11_total,2019,2.562
swe,sex_m,age_10yrbands_yge65,edu_isced11_total,2020,2.168
swe,sex_m,age_10yrbands_yge65,edu_isced11_total,2021,4.236
swe,sex_m,age_10yrbands_yge65,edu_isced11_total,2022,5.424
swe,sex_m,age_10yrbands_yge65,edu_isced11_total,2023,4.84
swe,sex_m,age_aggregate_total,edu_aggregate_adv,1987,5
swe,sex_m,age_aggregate_total,edu_aggregate_adv,1988,5
swe,sex_m,age_aggregate_total,edu_aggregate_adv,1989,5
swe,sex_m,age_aggregate_total,edu_aggregate_adv,1990,5
swe,sex_m,age_aggregate_total,edu_aggregate_adv,1991,10
swe,sex_m,age_aggregate_total,edu_aggregate_adv,1992,20
swe,sex_m,age_aggregate_total,edu_aggregate_adv,1993,27
swe,sex_m,age_aggregate_total,edu_aggregate_adv,1994,24
swe,sex_m,age_aggregate_total,edu_aggregate_adv,1995,24.862
swe,sex_m,age_aggregate_total,edu_aggregate_adv,1996,29.054
swe,sex_m,age_aggregate_total,edu_aggregate_adv,1997,28.656
swe,sex_m,age_aggregate_total,edu_aggregate_adv,1998,30.487
swe,sex_m,age_aggregate_total,edu_aggregate_adv,1999,29.848
swe,sex_m,age_aggregate_total,edu_aggregate_adv,2000,22.711
swe,sex_m,age_aggregate_total,edu_aggregate_adv,2001,12.44
swe,sex_m,age_aggregate_total,edu_aggregate_adv,2002,17.105
swe,sex_m,age_aggregate_total,edu_aggregate_adv,2003,25.239
swe,sex_m,age_aggregate_total,edu_aggregate_adv,2004,25.812
swe,sex_m,age_aggregate_total,edu_aggregate_adv,2005,29.937
swe,sex_m,age_aggregate_total,edu_aggregate_adv,2006,27.068
swe,sex_m,age_aggregate_total,edu_aggregate_adv,2007,24.405
swe,sex_m,age_aggregate_total,edu_aggregate_adv,2008,23.767
swe,sex_m,age_aggregate_total,edu_aggregate_adv,2009,33.42
swe,sex_m,age_aggregate_total,edu_aggregate_adv,2010,35.043
swe,sex_m,age_aggregate_total,edu_aggregate_adv,2011,32.817
swe,sex_m,age_aggregate_total,edu_aggregate_adv,2012,35.793
swe,sex_m,age_aggregate_total,edu_aggregate_adv,2013,35.697
swe,sex_m,age_aggregate_total,edu_aggregate_adv,2014,40.465
swe,sex_m,age_aggregate_total,edu_aggregate_adv,2015,41.361
swe,sex_m,age_aggregate_total,edu_aggregate_adv,2016,42.679
swe,sex_m,age_aggregate_total,edu_aggregate_adv,2017,44.362
swe,sex_m,age_aggregate_total,edu_aggregate_adv,2018,42.659
swe,sex_m,age_aggregate_total,edu_aggregate_adv,2019,41.552
swe,sex_m,age_aggregate_total,edu_aggregate_adv,2020,52.73
swe,sex_m,age_aggregate_total,edu_aggregate_adv,2021,49.393
swe,sex_m,age_aggregate_total,edu_aggregate_adv,2022,36.934
swe,sex_m,age_aggregate_total,edu_aggregate_adv,2023,44.573
swe,sex_m,age_aggregate_total,edu_aggregate_bas,1987,19
swe,sex_m,age_aggregate_total,edu_aggregate_bas,1988,16
swe,sex_m,age_aggregate_total,edu_aggregate_bas,1989,13
swe,sex_m,age_aggregate_total,edu_aggregate_bas,1990,14
swe,sex_m,age_aggregate_total,edu_aggregate_bas,1991,27
swe,sex_m,age_aggregate_total,edu_aggregate_bas,1992,46
swe,sex_m,age_aggregate_total,edu_aggregate_bas,1993,69
swe,sex_m,age_aggregate_total,edu_aggregate_bas,1994,65
swe,sex_m,age_aggregate_total,edu_aggregate_bas,1995,74.897
swe,sex_m,age_aggregate_total,edu_aggregate_bas,1996,72.264
swe,sex_m,age_aggregate_total,edu_aggregate_bas,1997,82.802
swe,sex_m,age_aggregate_total,edu_aggregate_bas,1998,69.21
swe,sex_m,age_aggregate_total,edu_aggregate_bas,1999,60.021
swe,sex_m,age_aggregate_total,edu_aggregate_bas,2000,42.665
swe,sex_m,age_aggregate_total,edu_aggregate_bas,2001,39.239
swe,sex_m,age_aggregate_total,edu_aggregate_bas,2002,33.915
swe,sex_m,age_aggregate_total,edu_aggregate_bas,2003,37.733
swe,sex_m,age_aggregate_total,edu_aggregate_bas,2004,43.519
swe,sex_m,age_aggregate_total,edu_aggregate_bas,2005,57.025
swe,sex_m,age_aggregate_total,edu_aggregate_bas,2006,61.076
swe,sex_m,age_aggregate_total,edu_aggregate_bas,2007,55.408
swe,sex_m,age_aggregate_total,edu_aggregate_bas,2008,58.477
swe,sex_m,age_aggregate_total,edu_aggregate_bas,2009,75.007
swe,sex_m,age_aggregate_total,edu_aggregate_bas,2010,79.684
swe,sex_m,age_aggregate_total,edu_aggregate_bas,2011,76.854
swe,sex_m,age_aggregate_total,edu_aggregate_bas,2012,82.448
swe,sex_m,age_aggregate_total,edu_aggregate_bas,2013,83.535
swe,sex_m,age_aggregate_total,edu_aggregate_bas,2014,82.817
swe,sex_m,age_aggregate_total,edu_aggregate_bas,2015,77.222
swe,sex_m,age_aggregate_total,edu_aggregate_bas,2016,79.609
swe,sex_m,age_aggregate_total,edu_aggregate_bas,2017,78.301
swe,sex_m,age_aggregate_total,edu_aggregate_bas,2018,79.832
swe,sex_m,age_aggregate_total,edu_aggregate_bas,2019,83.774
swe,sex_m,age_aggregate_total,edu_aggregate_bas,2020,103.728
swe,sex_m,age_aggregate_total,edu_aggregate_bas,2021,110.591
swe,sex_m,age_aggregate_total,edu_aggregate_bas,2022,101.443
swe,sex_m,age_aggregate_total,edu_aggregate_bas,2023,98.58
swe,sex_m,age_aggregate_total,edu_aggregate_int,1987,23
swe,sex_m,age_aggregate_total,edu_aggregate_int,1988,18
swe,sex_m,age_aggregate_total,edu_aggregate_int,1989,15
swe,sex_m,age_aggregate_total,edu_aggregate_int,1990,19
swe,sex_m,age_aggregate_total,edu_aggregate_int,1991,42
swe,sex_m,age_aggregate_total,edu_aggregate_int,1992,79
swe,sex_m,age_aggregate_total,edu_aggregate_int,1993,122
swe,sex_m,age_aggregate_total,edu_aggregate_int,1994,113
swe,sex_m,age_aggregate_total,edu_aggregate_int,1995,128.763
swe,sex_m,age_aggregate_total,edu_aggregate_int,1996,134.64
swe,sex_m,age_aggregate_total,edu_aggregate_int,1997,134.718
swe,sex_m,age_aggregate_total,edu_aggregate_int,1998,120.855
swe,sex_m,age_aggregate_total,edu_aggregate_int,1999,100.08
swe,sex_m,age_aggregate_total,edu_aggregate_int,2000,67.004
swe,sex_m,age_aggregate_total,edu_aggregate_int,2001,63.735
swe,sex_m,age_aggregate_total,edu_aggregate_int,2002,70.3
swe,sex_m,age_aggregate_total,edu_aggregate_int,2003,78.898
swe,sex_m,age_aggregate_total,edu_aggregate_int,2004,96.4
swe,sex_m,age_aggregate_total,edu_aggregate_int,2005,102.173
swe,sex_m,age_aggregate_total,edu_aggregate_int,2006,81.31
swe,sex_m,age_aggregate_total,edu_aggregate_int,2007,66.431
swe,sex_m,age_aggregate_total,edu_aggregate_int,2008,68.386
swe,sex_m,age_aggregate_total,edu_aggregate_int,2009,113.074
swe,sex_m,age_aggregate_total,edu_aggregate_int,2010,110.582
swe,sex_m,age_aggregate_total,edu_aggregate_int,2011,95.125
swe,sex_m,age_aggregate_total,edu_aggregate_int,2012,98.027
swe,sex_m,age_aggregate_total,edu_aggregate_int,2013,99.7
swe,sex_m,age_aggregate_total,edu_aggregate_int,2014,99.369
swe,sex_m,age_aggregate_total,edu_aggregate_int,2015,87.373
swe,sex_m,age_aggregate_total,edu_aggregate_int,2016,80.22
swe,sex_m,age_aggregate_total,edu_aggregate_int,2017,73.138
swe,sex_m,age_aggregate_total,edu_aggregate_int,2018,60.996
swe,sex_m,age_aggregate_total,edu_aggregate_int,2019,67.324
swe,sex_m,age_aggregate_total,edu_aggregate_int,2020,83.465
swe,sex_m,age_aggregate_total,edu_aggregate_int,2021,88.757
swe,sex_m,age_aggregate_total,edu_aggregate_int,2022,70.338
swe,sex_m,age_aggregate_total,edu_aggregate_int,2023,77.485
swe,sex_m,age_aggregate_total,edu_aggregate_total,1987,48
swe,sex_m,age_aggregate_total,edu_aggregate_total,1988,40
swe,sex_m,age_aggregate_total,edu_aggregate_total,1989,34
swe,sex_m,age_aggregate_total,edu_aggregate_total,1990,40
swe,sex_m,age_aggregate_total,edu_aggregate_total,1991,78
swe,sex_m,age_aggregate_total,edu_aggregate_total,1992,144
swe,sex_m,age_aggregate_total,edu_aggregate_total,1993,218
swe,sex_m,age_aggregate_total,edu_aggregate_total,1994,202
swe,sex_m,age_aggregate_total,edu_aggregate_total,1995,228.828
swe,sex_m,age_aggregate_total,edu_aggregate_total,1996,240.353
swe,sex_m,age_aggregate_total,edu_aggregate_total,1997,252.149
swe,sex_m,age_aggregate_total,edu_aggregate_total,1998,225.349
swe,sex_m,age_aggregate_total,edu_aggregate_total,1999,191.688
swe,sex_m,age_aggregate_total,edu_aggregate_total,2000,134.55
swe,sex_m,age_aggregate_total,edu_aggregate_total,2001,120.135
swe,sex_m,age_aggregate_total,edu_aggregate_total,2002,126.282
swe,sex_m,age_aggregate_total,edu_aggregate_total,2003,145.732
swe,sex_m,age_aggregate_total,edu_aggregate_total,2004,173.271
swe,sex_m,age_aggregate_total,edu_aggregate_total,2005,195.191
swe,sex_m,age_aggregate_total,edu_aggregate_total,2006,172.616
swe,sex_m,age_aggregate_total,edu_aggregate_total,2007,149.455
swe,sex_m,age_aggregate_total,edu_aggregate_total,2008,152.848
swe,sex_m,age_aggregate_total,edu_aggregate_total,2009,223.577
swe,sex_m,age_aggregate_total,edu_aggregate_total,2010,227.752
swe,sex_m,age_aggregate_total,edu_aggregate_total,2011,207.445
swe,sex_m,age_aggregate_total,edu_aggregate_total,2012,218.58
swe,sex_m,age_aggregate_total,edu_aggregate_total,2013,220.427
swe,sex_m,age_aggregate_total,edu_aggregate_total,2014,223.171
swe,sex_m,age_aggregate_total,edu_aggregate_total,2015,206.917
swe,sex_m,age_aggregate_total,edu_aggregate_total,2016,203.44
swe,sex_m,age_aggregate_total,edu_aggregate_total,2017,196.954
swe,sex_m,age_aggregate_total,edu_aggregate_total,2018,184.922
swe,sex_m,age_aggregate_total,edu_aggregate_total,2019,194.054
swe,sex_m,age_aggregate_total,edu_aggregate_total,2020,242.033
swe,sex_m,age_aggregate_total,edu_aggregate_total,2021,252.094
swe,sex_m,age_aggregate_total,edu_aggregate_total,2022,209.895
swe,sex_m,age_aggregate_total,edu_aggregate_total,2023,224.631
swe,sex_m,age_aggregate_total,edu_aggregate_x,1996,4.395
swe,sex_m,age_aggregate_total,edu_aggregate_x,1997,5.974
swe,sex_m,age_aggregate_total,edu_aggregate_x,1998,4.797
swe,sex_m,age_aggregate_total,edu_aggregate_x,1999,1.738
swe,sex_m,age_aggregate_total,edu_aggregate_x,2000,2.17
swe,sex_m,age_aggregate_total,edu_aggregate_x,2001,4.721
swe,sex_m,age_aggregate_total,edu_aggregate_x,2002,4.962
swe,sex_m,age_aggregate_total,edu_aggregate_x,2003,3.862
swe,sex_m,age_aggregate_total,edu_aggregate_x,2004,7.54
swe,sex_m,age_aggregate_total,edu_aggregate_x,2005,6.055
swe,sex_m,age_aggregate_total,edu_aggregate_x,2006,3.162
swe,sex_m,age_aggregate_total,edu_aggregate_x,2007,3.211
swe,sex_m,age_aggregate_total,edu_aggregate_x,2008,2.219
swe,sex_m,age_aggregate_total,edu_aggregate_x,2009,2.076
swe,sex_m,age_aggregate_total,edu_aggregate_x,2010,2.442
swe,sex_m,age_aggregate_total,edu_aggregate_x,2011,2.649
swe,sex_m,age_aggregate_total,edu_aggregate_x,2012,2.312
swe,sex_m,age_aggregate_total,edu_aggregate_x,2013,1.496
swe,sex_m,age_aggregate_total,edu_aggregate_x,2014,0.52
swe,sex_m,age_aggregate_total,edu_aggregate_x,2015,0.961
swe,sex_m,age_aggregate_total,edu_aggregate_x,2016,0.931
swe,sex_m,age_aggregate_total,edu_aggregate_x,2017,1.154
swe,sex_m,age_aggregate_total,edu_aggregate_x,2018,1.434
swe,sex_m,age_aggregate_total,edu_aggregate_x,2019,1.403
swe,sex_m,age_aggregate_total,edu_aggregate_x,2020,2.109
swe,sex_m,age_aggregate_total,edu_aggregate_x,2021,3.352
swe,sex_m,age_aggregate_total,edu_aggregate_x,2022,1.18
swe,sex_m,age_aggregate_total,edu_aggregate_x,2023,3.992
swe,sex_m,age_aggregate_total,edu_isced11_1,2006,10.208
swe,sex_m,age_aggregate_total,edu_isced11_1,2007,9.331
swe,sex_m,age_aggregate_total,edu_isced11_1,2008,11.563
swe,sex_m,age_aggregate_total,edu_isced11_1,2009,13.729
swe,sex_m,age_aggregate_total,edu_isced11_1,2010,15.013
swe,sex_m,age_aggregate_total,edu_isced11_1,2011,14.771
swe,sex_m,age_aggregate_total,edu_isced11_1,2012,14.559
swe,sex_m,age_aggregate_total,edu_isced11_1,2013,16.299
swe,sex_m,age_aggregate_total,edu_isced11_1,2014,17.935
swe,sex_m,age_aggregate_total,edu_isced11_1,2015,19.923
swe,sex_m,age_aggregate_total,edu_isced11_1,2016,20.898
swe,sex_m,age_aggregate_total,edu_isced11_1,2017,20.324
swe,sex_m,age_aggregate_total,edu_isced11_1,2018,19.982
swe,sex_m,age_aggregate_total,edu_isced11_1,2019,21.973
swe,sex_m,age_aggregate_total,edu_isced11_1,2020,29.57
swe,sex_m,age_aggregate_total,edu_isced11_1,2021,32.64
swe,sex_m,age_aggregate_total,edu_isced11_1,2022,31.718
swe,sex_m,age_aggregate_total,edu_isced11_1,2023,26.163
swe,sex_m,age_aggregate_total,edu_isced11_2,2006,50.869
swe,sex_m,age_aggregate_total,edu_isced11_2,2007,46.077
swe,sex_m,age_aggregate_total,edu_isced11_2,2008,46.914
swe,sex_m,age_aggregate_total,edu_isced11_2,2009,61.279
swe,sex_m,age_aggregate_total,edu_isced11_2,2010,64.671
swe,sex_m,age_aggregate_total,edu_isced11_2,2011,62.083
swe,sex_m,age_aggregate_total,edu_isced11_2,2012,67.889
swe,sex_m,age_aggregate_total,edu_isced11_2,2013,67.236
swe,sex_m,age_aggregate_total,edu_isced11_2,2014,64.882
swe,sex_m,age_aggregate_total,edu_isced11_2,2015,57.299
swe,sex_m,age_aggregate_total,edu_isced11_2,2016,58.711
swe,sex_m,age_aggregate_total,edu_isced11_2,2017,57.977
swe,sex_m,age_aggregate_total,edu_isced11_2,2018,59.85
swe,sex_m,age_aggregate_total,edu_isced11_2,2019,61.802
swe,sex_m,age_aggregate_total,edu_isced11_2,2020,74.158
swe,sex_m,age_aggregate_total,edu_isced11_2,2021,77.952
swe,sex_m,age_aggregate_total,edu_isced11_2,2022,69.725
swe,sex_m,age_aggregate_total,edu_isced11_2,2023,72.418
swe,sex_m,age_aggregate_total,edu_isced11_3,2006,71.564
swe,sex_m,age_aggregate_total,edu_isced11_3,2007,56.485
swe,sex_m,age_aggregate_total,edu_isced11_3,2008,58.028
swe,sex_m,age_aggregate_total,edu_isced11_3,2009,100.762
swe,sex_m,age_aggregate_total,edu_isced11_3,2010,97.633
swe,sex_m,age_aggregate_total,edu_isced11_3,2011,81.336
swe,sex_m,age_aggregate_total,edu_isced11_3,2012,81.358
swe,sex_m,age_aggregate_total,edu_isced11_3,2013,84.018
swe,sex_m,age_aggregate_total,edu_isced11_3,2014,83.643
swe,sex_m,age_aggregate_total,edu_isced11_3,2015,72.474
swe,sex_m,age_aggregate_total,edu_isced11_3,2016,64.7
swe,sex_m,age_aggregate_total,edu_isced11_3,2017,60.234
swe,sex_m,age_aggregate_total,edu_isced11_3,2018,48.385
swe,sex_m,age_aggregate_total,edu_isced11_3,2019,54.563
swe,sex_m,age_aggregate_total,edu_isced11_3,2020,66.928
swe,sex_m,age_aggregate_total,edu_isced11_3,2021,69.799
swe,sex_m,age_aggregate_total,edu_isced11_3,2022,57.433
swe,sex_m,age_aggregate_total,edu_isced11_3,2023,60.78
swe,sex_m,age_aggregate_total,edu_isced11_4,2006,9.746
swe,sex_m,age_aggregate_total,edu_isced11_4,2007,9.946
swe,sex_m,age_aggregate_total,edu_isced11_4,2008,10.358
swe,sex_m,age_aggregate_total,edu_isced11_4,2009,12.312
swe,sex_m,age_aggregate_total,edu_isced11_4,2010,12.95
swe,sex_m,age_aggregate_total,edu_isced11_4,2011,13.789
swe,sex_m,age_aggregate_total,edu_isced11_4,2012,16.669
swe,sex_m,age_aggregate_total,edu_isced11_4,2013,15.682
swe,sex_m,age_aggregate_total,edu_isced11_4,2014,15.726
swe,sex_m,age_aggregate_total,edu_isced11_4,2015,14.899
swe,sex_m,age_aggregate_total,edu_isced11_4,2016,15.521
swe,sex_m,age_aggregate_total,edu_isced11_4,2017,12.904
swe,sex_m,age_aggregate_total,edu_isced11_4,2018,12.611
swe,sex_m,age_aggregate_total,edu_isced11_4,2019,12.761
swe,sex_m,age_aggregate_total,edu_isced11_4,2020,16.538
swe,sex_m,age_aggregate_total,edu_isced11_4,2021,18.959
swe,sex_m,age_aggregate_total,edu_isced11_4,2022,12.905
swe,sex_m,age_aggregate_total,edu_isced11_4,2023,16.705
swe,sex_m,age_aggregate_total,edu_isced11_5,2006,27.068
swe,sex_m,age_aggregate_total,edu_isced11_5,2007,24.405
swe,sex_m,age_aggregate_total,edu_isced11_5,2008,23.767
swe,sex_m,age_aggregate_total,edu_isced11_5,2009,33.42
swe,sex_m,age_aggregate_total,edu_isced11_5,2010,35.043
swe,sex_m,age_aggregate_total,edu_isced11_5,2011,32.817
swe,sex_m,age_aggregate_total,edu_isced11_5,2012,35.793
swe,sex_m,age_aggregate_total,edu_isced11_5,2013,35.697
swe,sex_m,age_aggregate_total,edu_isced11_5,2014,14.184
swe,sex_m,age_aggregate_total,edu_isced11_5,2015,14.712
swe,sex_m,age_aggregate_total,edu_isced11_5,2016,15.835
swe,sex_m,age_aggregate_total,edu_isced11_5,2017,16.099
swe,sex_m,age_aggregate_total,edu_isced11_5,2018,14.746
swe,sex_m,age_aggregate_total,edu_isced11_5,2019,16.664
swe,sex_m,age_aggregate_total,edu_isced11_5,2020,20.609
swe,sex_m,age_aggregate_total,edu_isced11_5,2021,19.281
swe,sex_m,age_aggregate_total,edu_isced11_5,2022,12.096
swe,sex_m,age_aggregate_total,edu_isced11_5,2023,14.357
swe,sex_m,age_aggregate_total,edu_isced11_6,2014,15.045
swe,sex_m,age_aggregate_total,edu_isced11_6,2015,14.401
swe,sex_m,age_aggregate_total,edu_isced11_6,2016,15.402
swe,sex_m,age_aggregate_total,edu_isced11_6,2017,15.571
swe,sex_m,age_aggregate_total,edu_isced11_6,2018,15.011
swe,sex_m,age_aggregate_total,edu_isced11_6,2019,14.915
swe,sex_m,age_aggregate_total,edu_isced11_6,2020,20.887
swe,sex_m,age_aggregate_total,edu_isced11_6,2021,20.898
swe,sex_m,age_aggregate_total,edu_isced11_6,2022,14.343
swe,sex_m,age_aggregate_total,edu_isced11_6,2023,17.909
swe,sex_m,age_aggregate_total,edu_isced11_7,2014,10.04
swe,sex_m,age_aggregate_total,edu_isced11_7,2015,10.709
swe,sex_m,age_aggregate_total,edu_isced11_7,2016,9.932
swe,sex_m,age_aggregate_total,edu_isced11_7,2017,10.525
swe,sex_m,age_aggregate_total,edu_isced11_7,2018,10.311
swe,sex_m,age_aggregate_total,edu_isced11_7,2019,8.061
swe,sex_m,age_aggregate_total,edu_isced11_7,2020,8.672
swe,sex_m,age_aggregate_total,edu_isced11_7,2021,8.42
swe,sex_m,age_aggregate_total,edu_isced11_7,2022,9.527
swe,sex_m,age_aggregate_total,edu_isced11_7,2023,11.184
swe,sex_m,age_aggregate_total,edu_isced11_8,2014,1.197
swe,sex_m,age_aggregate_total,edu_isced11_8,2015,1.539
swe,sex_m,age_aggregate_total,edu_isced11_8,2016,1.511
swe,sex_m,age_aggregate_total,edu_isced11_8,2017,2.166
swe,sex_m,age_aggregate_total,edu_isced11_8,2018,2.591
swe,sex_m,age_aggregate_total,edu_isced11_8,2019,1.911
swe,sex_m,age_aggregate_total,edu_isced11_8,2020,2.562
swe,sex_m,age_aggregate_total,edu_isced11_8,2021,0.795
swe,sex_m,age_aggregate_total,edu_isced11_8,2022,0.968
swe,sex_m,age_aggregate_total,edu_isced11_8,2023,1.123
swe,sex_m,age_aggregate_total,edu_isced11_9,2006,3.162
swe,sex_m,age_aggregate_total,edu_isced11_9,2007,3.211
swe,sex_m,age_aggregate_total,edu_isced11_9,2008,2.219
swe,sex_m,age_aggregate_total,edu_isced11_9,2009,2.076
swe,sex_m,age_aggregate_total,edu_isced11_9,2010,2.442
swe,sex_m,age_aggregate_total,edu_isced11_9,2011,2.649
swe,sex_m,age_aggregate_total,edu_isced11_9,2012,2.312
swe,sex_m,age_aggregate_total,edu_isced11_9,2013,1.496
swe,sex_m,age_aggregate_total,edu_isced11_9,2014,0.52
swe,sex_m,age_aggregate_total,edu_isced11_9,2015,0.961
swe,sex_m,age_aggregate_total,edu_isced11_9,2016,0.931
swe,sex_m,age_aggregate_total,edu_isced11_9,2017,1.154
swe,sex_m,age_aggregate_total,edu_isced11_9,2018,1.434
swe,sex_m,age_aggregate_total,edu_isced11_9,2019,1.403
swe,sex_m,age_aggregate_total,edu_isced11_9,2020,2.109
swe,sex_m,age_aggregate_total,edu_isced11_9,2021,3.352
swe,sex_m,age_aggregate_total,edu_isced11_9,2022,1.18
swe,sex_m,age_aggregate_total,edu_isced11_9,2023,3.992
swe,sex_m,age_aggregate_total,edu_isced11_total,2006,172.616
swe,sex_m,age_aggregate_total,edu_isced11_total,2007,149.455
swe,sex_m,age_aggregate_total,edu_isced11_total,2008,152.848
swe,sex_m,age_aggregate_total,edu_isced11_total,2009,223.577
swe,sex_m,age_aggregate_total,edu_isced11_total,2010,227.752
swe,sex_m,age_aggregate_total,edu_isced11_total,2011,207.445
swe,sex_m,age_aggregate_total,edu_isced11_total,2012,218.58
swe,sex_m,age_aggregate_total,edu_isced11_total,2013,220.427
swe,sex_m,age_aggregate_total,edu_isced11_total,2014,223.171
swe,sex_m,age_aggregate_total,edu_isced11_total,2015,206.917
swe,sex_m,age_aggregate_total,edu_isced11_total,2016,203.44
swe,sex_m,age_aggregate_total,edu_isced11_total,2017,196.954
swe,sex_m,age_aggregate_total,edu_isced11_total,2018,184.922
swe,sex_m,age_aggregate_total,edu_isced11_total,2019,194.054
swe,sex_m,age_aggregate_total,edu_isced11_total,2020,242.033
swe,sex_m,age_aggregate_total,edu_isced11_total,2021,252.094
swe,sex_m,age_aggregate_total,edu_isced11_total,2022,209.895
swe,sex_m,age_aggregate_total,edu_isced11_total,2023,224.631
swe,sex_m,age_aggregate_y15_24,edu_aggregate_adv,1995,1.743
swe,sex_m,age_aggregate_y15_24,edu_aggregate_adv,1996,3.419
swe,sex_m,age_aggregate_y15_24,edu_aggregate_adv,1997,2.262
swe,sex_m,age_aggregate_y15_24,edu_aggregate_adv,2002,1.017
swe,sex_m,age_aggregate_y15_24,edu_aggregate_adv,2003,0.649
swe,sex_m,age_aggregate_y15_24,edu_aggregate_adv,2004,2.397
swe,sex_m,age_aggregate_y15_24,edu_aggregate_adv,2005,2.337
swe,sex_m,age_aggregate_y15_24,edu_aggregate_adv,2006,2.03
swe,sex_m,age_aggregate_y15_24,edu_aggregate_adv,2007,1.94
swe,sex_m,age_aggregate_y15_24,edu_aggregate_adv,2008,2.638
swe,sex_m,age_aggregate_y15_24,edu_aggregate_adv,2009,2.823
swe,sex_m,age_aggregate_y15_24,edu_aggregate_adv,2010,3.413
swe,sex_m,age_aggregate_y15_24,edu_aggregate_adv,2011,3.375
swe,sex_m,age_aggregate_y15_24,edu_aggregate_adv,2012,4.226
swe,sex_m,age_aggregate_y15_24,edu_aggregate_adv,2013,4.594
swe,sex_m,age_aggregate_y15_24,edu_aggregate_adv,2014,4.807
swe,sex_m,age_aggregate_y15_24,edu_aggregate_adv,2015,3.888
swe,sex_m,age_aggregate_y15_24,edu_aggregate_adv,2016,4.027
swe,sex_m,age_aggregate_y15_24,edu_aggregate_adv,2017,3.609
swe,sex_m,age_aggregate_y15_24,edu_aggregate_adv,2018,3.322
swe,sex_m,age_aggregate_y15_24,edu_aggregate_adv,2019,3.569
swe,sex_m,age_aggregate_y15_24,edu_aggregate_adv,2020,4.305
swe,sex_m,age_aggregate_y15_24,edu_aggregate_adv,2021,3.042
swe,sex_m,age_aggregate_y15_24,edu_aggregate_adv,2022,1.546
swe,sex_m,age_aggregate_y15_24,edu_aggregate_adv,2023,3.799
swe,sex_m,age_aggregate_y15_24,edu_aggregate_bas,1995,11.903
swe,sex_m,age_aggregate_y15_24,edu_aggregate_bas,1996,14.546
swe,sex_m,age_aggregate_y15_24,edu_aggregate_bas,1997,16.712
swe,sex_m,age_aggregate_y15_24,edu_aggregate_bas,1998,12.188
swe,sex_m,age_aggregate_y15_24,edu_aggregate_bas,1999,15.281
swe,sex_m,age_aggregate_y15_24,edu_aggregate_bas,2000,7.205
swe,sex_m,age_aggregate_y15_24,edu_aggregate_bas,2001,18.364
swe,sex_m,age_aggregate_y15_24,edu_aggregate_bas,2002,14.907
swe,sex_m,age_aggregate_y15_24,edu_aggregate_bas,2003,20.014
swe,sex_m,age_aggregate_y15_24,edu_aggregate_bas,2004,21.477
swe,sex_m,age_aggregate_y15_24,edu_aggregate_bas,2005,29.756
swe,sex_m,age_aggregate_y15_24,edu_aggregate_bas,2006,30.519
swe,sex_m,age_aggregate_y15_24,edu_aggregate_bas,2007,29.93
swe,sex_m,age_aggregate_y15_24,edu_aggregate_bas,2008,32.707
swe,sex_m,age_aggregate_y15_24,edu_aggregate_bas,2009,34.068
swe,sex_m,age_aggregate_y15_24,edu_aggregate_bas,2010,37.423
swe,sex_m,age_aggregate_y15_24,edu_aggregate_bas,2011,34.302
swe,sex_m,age_aggregate_y15_24,edu_aggregate_bas,2012,36.363
swe,sex_m,age_aggregate_y15_24,edu_aggregate_bas,2013,37.996
swe,sex_m,age_aggregate_y15_24,edu_aggregate_bas,2014,37.642
swe,sex_m,age_aggregate_y15_24,edu_aggregate_bas,2015,33.775
swe,sex_m,age_aggregate_y15_24,edu_aggregate_bas,2016,34.83
swe,sex_m,age_aggregate_y15_24,edu_aggregate_bas,2017,32.43
swe,sex_m,age_aggregate_y15_24,edu_aggregate_bas,2018,34.303
swe,sex_m,age_aggregate_y15_24,edu_aggregate_bas,2019,39.622
swe,sex_m,age_aggregate_y15_24,edu_aggregate_bas,2020,44.173
swe,sex_m,age_aggregate_y15_24,edu_aggregate_bas,2021,51.479
swe,sex_m,age_aggregate_y15_24,edu_aggregate_bas,2022,51.626
swe,sex_m,age_aggregate_y15_24,edu_aggregate_bas,2023,49.792
swe,sex_m,age_aggregate_y15_24,edu_aggregate_int,1995,38.364
swe,sex_m,age_aggregate_y15_24,edu_aggregate_int,1996,34.795
swe,sex_m,age_aggregate_y15_24,edu_aggregate_int,1997,31.896
swe,sex_m,age_aggregate_y15_24,edu_aggregate_int,1998,25.692
swe,sex_m,age_aggregate_y15_24,edu_aggregate_int,1999,21.015
swe,sex_m,age_aggregate_y15_24,edu_aggregate_int,2000,13.269
swe,sex_m,age_aggregate_y15_24,edu_aggregate_int,2001,11.968
swe,sex_m,age_aggregate_y15_24,edu_aggregate_int,2002,16.06
swe,sex_m,age_aggregate_y15_24,edu_aggregate_int,2003,18.309
swe,sex_m,age_aggregate_y15_24,edu_aggregate_int,2004,23.158
swe,sex_m,age_aggregate_y15_24,edu_aggregate_int,2005,27.082
swe,sex_m,age_aggregate_y15_24,edu_aggregate_int,2006,28.205
swe,sex_m,age_aggregate_y15_24,edu_aggregate_int,2007,24.344
swe,sex_m,age_aggregate_y15_24,edu_aggregate_int,2008,27.342
swe,sex_m,age_aggregate_y15_24,edu_aggregate_int,2009,46.643
swe,sex_m,age_aggregate_y15_24,edu_aggregate_int,2010,44.184
swe,sex_m,age_aggregate_y15_24,edu_aggregate_int,2011,40.709
swe,sex_m,age_aggregate_y15_24,edu_aggregate_int,2012,40.939
swe,sex_m,age_aggregate_y15_24,edu_aggregate_int,2013,40.954
swe,sex_m,age_aggregate_y15_24,edu_aggregate_int,2014,39.894
swe,sex_m,age_aggregate_y15_24,edu_aggregate_int,2015,32.358
swe,sex_m,age_aggregate_y15_24,edu_aggregate_int,2016,28.006
swe,sex_m,age_aggregate_y15_24,edu_aggregate_int,2017,25.151
swe,sex_m,age_aggregate_y15_24,edu_aggregate_int,2018,20.734
swe,sex_m,age_aggregate_y15_24,edu_aggregate_int,2019,23.116
swe,sex_m,age_aggregate_y15_24,edu_aggregate_int,2020,28.917
swe,sex_m,age_aggregate_y15_24,edu_aggregate_int,2021,24
swe,sex_m,age_aggregate_y15_24,edu_aggregate_int,2022,16.233
swe,sex_m,age_aggregate_y15_24,edu_aggregate_int,2023,24.153
swe,sex_m,age_aggregate_y15_24,edu_aggregate_total,1995,52.01
swe,sex_m,age_aggregate_y15_24,edu_aggregate_total,1996,54.115
swe,sex_m,age_aggregate_y15_24,edu_aggregate_total,1997,52.263
swe,sex_m,age_aggregate_y15_24,edu_aggregate_total,1998,41.487
swe,sex_m,age_aggregate_y15_24,edu_aggregate_total,1999,38.46
swe,sex_m,age_aggregate_y15_24,edu_aggregate_total,2000,23.125
swe,sex_m,age_aggregate_y15_24,edu_aggregate_total,2001,34.833
swe,sex_m,age_aggregate_y15_24,edu_aggregate_total,2002,35.983
swe,sex_m,age_aggregate_y15_24,edu_aggregate_total,2003,42.219
swe,sex_m,age_aggregate_y15_24,edu_aggregate_total,2004,53.555
swe,sex_m,age_aggregate_y15_24,edu_aggregate_total,2005,64.649
swe,sex_m,age_aggregate_y15_24,edu_aggregate_total,2006,61.892
swe,sex_m,age_aggregate_y15_24,edu_aggregate_total,2007,58.386
swe,sex_m,age_aggregate_y15_24,edu_aggregate_total,2008,63.931
swe,sex_m,age_aggregate_y15_24,edu_aggregate_total,2009,84.3
swe,sex_m,age_aggregate_y15_24,edu_aggregate_total,2010,85.547
swe,sex_m,age_aggregate_y15_24,edu_aggregate_total,2011,79.262
swe,sex_m,age_aggregate_y15_24,edu_aggregate_total,2012,82.394
swe,sex_m,age_aggregate_y15_24,edu_aggregate_total,2013,83.894
swe,sex_m,age_aggregate_y15_24,edu_aggregate_total,2014,82.679
swe,sex_m,age_aggregate_y15_24,edu_aggregate_total,2015,70.172
swe,sex_m,age_aggregate_y15_24,edu_aggregate_total,2016,67.376
swe,sex_m,age_aggregate_y15_24,edu_aggregate_total,2017,61.614
swe,sex_m,age_aggregate_y15_24,edu_aggregate_total,2018,59.187
swe,sex_m,age_aggregate_y15_24,edu_aggregate_total,2019,67.144
swe,sex_m,age_aggregate_y15_24,edu_aggregate_total,2020,79.137
swe,sex_m,age_aggregate_y15_24,edu_aggregate_total,2021,81.304
swe,sex_m,age_aggregate_y15_24,edu_aggregate_total,2022,70.171
swe,sex_m,age_aggregate_y15_24,edu_aggregate_total,2023,80.424
swe,sex_m,age_aggregate_y15_24,edu_aggregate_x,1998,2.89
swe,sex_m,age_aggregate_y15_24,edu_aggregate_x,2000,1.95
swe,sex_m,age_aggregate_y15_24,edu_aggregate_x,2001,4.154
swe,sex_m,age_aggregate_y15_24,edu_aggregate_x,2002,3.999
swe,sex_m,age_aggregate_y15_24,edu_aggregate_x,2003,3.246
swe,sex_m,age_aggregate_y15_24,edu_aggregate_x,2004,6.523
swe,sex_m,age_aggregate_y15_24,edu_aggregate_x,2005,5.473
swe,sex_m,age_aggregate_y15_24,edu_aggregate_x,2006,1.138
swe,sex_m,age_aggregate_y15_24,edu_aggregate_x,2007,2.172
swe,sex_m,age_aggregate_y15_24,edu_aggregate_x,2008,1.244
swe,sex_m,age_aggregate_y15_24,edu_aggregate_x,2009,0.766
swe,sex_m,age_aggregate_y15_24,edu_aggregate_x,2010,0.527
swe,sex_m,age_aggregate_y15_24,edu_aggregate_x,2011,0.876
swe,sex_m,age_aggregate_y15_24,edu_aggregate_x,2012,0.865
swe,sex_m,age_aggregate_y15_24,edu_aggregate_x,2013,0.351
swe,sex_m,age_aggregate_y15_24,edu_aggregate_x,2014,0.337
swe,sex_m,age_aggregate_y15_24,edu_aggregate_x,2016,0.513
swe,sex_m,age_aggregate_y15_24,edu_aggregate_x,2017,0.424
swe,sex_m,age_aggregate_y15_24,edu_aggregate_x,2018,0.828
swe,sex_m,age_aggregate_y15_24,edu_aggregate_x,2019,0.837
swe,sex_m,age_aggregate_y15_24,edu_aggregate_x,2020,1.742
swe,sex_m,age_aggregate_y15_24,edu_aggregate_x,2021,2.783
swe,sex_m,age_aggregate_y15_24,edu_aggregate_x,2022,0.766
swe,sex_m,age_aggregate_y15_24,edu_aggregate_x,2023,2.681
swe,sex_m,age_aggregate_y15_24,edu_isced11_1,2006,1.769
swe,sex_m,age_aggregate_y15_24,edu_isced11_1,2007,2.694
swe,sex_m,age_aggregate_y15_24,edu_isced11_1,2008,4.968
swe,sex_m,age_aggregate_y15_24,edu_isced11_1,2009,2.441
swe,sex_m,age_aggregate_y15_24,edu_isced11_1,2010,3.644
swe,sex_m,age_aggregate_y15_24,edu_isced11_1,2011,3.391
swe,sex_m,age_aggregate_y15_24,edu_isced11_1,2012,3.668
swe,sex_m,age_aggregate_y15_24,edu_isced11_1,2013,4.491
swe,sex_m,age_aggregate_y15_24,edu_isced11_1,2014,6.296
swe,sex_m,age_aggregate_y15_24,edu_isced11_1,2015,6.246
swe,sex_m,age_aggregate_y15_24,edu_isced11_1,2016,6.503
swe,sex_m,age_aggregate_y15_24,edu_isced11_1,2017,7.006
swe,sex_m,age_aggregate_y15_24,edu_isced11_1,2018,5.531
swe,sex_m,age_aggregate_y15_24,edu_isced11_1,2019,7.956
swe,sex_m,age_aggregate_y15_24,edu_isced11_1,2020,9.678
swe,sex_m,age_aggregate_y15_24,edu_isced11_1,2021,10.811
swe,sex_m,age_aggregate_y15_24,edu_isced11_1,2022,13.303
swe,sex_m,age_aggregate_y15_24,edu_isced11_1,2023,8.739
swe,sex_m,age_aggregate_y15_24,edu_isced11_2,2006,28.75
swe,sex_m,age_aggregate_y15_24,edu_isced11_2,2007,27.236
swe,sex_m,age_aggregate_y15_24,edu_isced11_2,2008,27.739
swe,sex_m,age_aggregate_y15_24,edu_isced11_2,2009,31.627
swe,sex_m,age_aggregate_y15_24,edu_isced11_2,2010,33.779
swe,sex_m,age_aggregate_y15_24,edu_isced11_2,2011,30.911
swe,sex_m,age_aggregate_y15_24,edu_isced11_2,2012,32.696
swe,sex_m,age_aggregate_y15_24,edu_isced11_2,2013,33.505
swe,sex_m,age_aggregate_y15_24,edu_isced11_2,2014,31.346
swe,sex_m,age_aggregate_y15_24,edu_isced11_2,2015,27.529
swe,sex_m,age_aggregate_y15_24,edu_isced11_2,2016,28.327
swe,sex_m,age_aggregate_y15_24,edu_isced11_2,2017,25.424
swe,sex_m,age_aggregate_y15_24,edu_isced11_2,2018,28.772
swe,sex_m,age_aggregate_y15_24,edu_isced11_2,2019,31.666
swe,sex_m,age_aggregate_y15_24,edu_isced11_2,2020,34.495
swe,sex_m,age_aggregate_y15_24,edu_isced11_2,2021,40.668
swe,sex_m,age_aggregate_y15_24,edu_isced11_2,2022,38.323
swe,sex_m,age_aggregate_y15_24,edu_isced11_2,2023,41.053
swe,sex_m,age_aggregate_y15_24,edu_isced11_3,2006,25.9
swe,sex_m,age_aggregate_y15_24,edu_isced11_3,2007,21.331
swe,sex_m,age_aggregate_y15_24,edu_isced11_3,2008,24.543
swe,sex_m,age_aggregate_y15_24,edu_isced11_3,2009,42.65
swe,sex_m,age_aggregate_y15_24,edu_isced11_3,2010,40.123
swe,sex_m,age_aggregate_y15_24,edu_isced11_3,2011,36.488
swe,sex_m,age_aggregate_y15_24,edu_isced11_3,2012,35.492
swe,sex_m,age_aggregate_y15_24,edu_isced11_3,2013,35.696
swe,sex_m,age_aggregate_y15_24,edu_isced11_3,2014,35.113
swe,sex_m,age_aggregate_y15_24,edu_isced11_3,2015,27.168
swe,sex_m,age_aggregate_y15_24,edu_isced11_3,2016,23.274
swe,sex_m,age_aggregate_y15_24,edu_isced11_3,2017,22.102
swe,sex_m,age_aggregate_y15_24,edu_isced11_3,2018,16.348
swe,sex_m,age_aggregate_y15_24,edu_isced11_3,2019,19.072
swe,sex_m,age_aggregate_y15_24,edu_isced11_3,2020,22.568
swe,sex_m,age_aggregate_y15_24,edu_isced11_3,2021,19.031
swe,sex_m,age_aggregate_y15_24,edu_isced11_3,2022,12.214
swe,sex_m,age_aggregate_y15_24,edu_isced11_3,2023,18.665
swe,sex_m,age_aggregate_y15_24,edu_isced11_4,2006,2.304
swe,sex_m,age_aggregate_y15_24,edu_isced11_4,2007,3.013
swe,sex_m,age_aggregate_y15_24,edu_isced11_4,2008,2.799
swe,sex_m,age_aggregate_y15_24,edu_isced11_4,2009,3.993
swe,sex_m,age_aggregate_y15_24,edu_isced11_4,2010,4.061
swe,sex_m,age_aggregate_y15_24,edu_isced11_4,2011,4.221
swe,sex_m,age_aggregate_y15_24,edu_isced11_4,2012,5.447
swe,sex_m,age_aggregate_y15_24,edu_isced11_4,2013,5.258
swe,sex_m,age_aggregate_y15_24,edu_isced11_4,2014,4.781
swe,sex_m,age_aggregate_y15_24,edu_isced11_4,2015,5.19
swe,sex_m,age_aggregate_y15_24,edu_isced11_4,2016,4.732
swe,sex_m,age_aggregate_y15_24,edu_isced11_4,2017,3.05
swe,sex_m,age_aggregate_y15_24,edu_isced11_4,2018,4.386
swe,sex_m,age_aggregate_y15_24,edu_isced11_4,2019,4.044
swe,sex_m,age_aggregate_y15_24,edu_isced11_4,2020,6.349
swe,sex_m,age_aggregate_y15_24,edu_isced11_4,2021,4.97
swe,sex_m,age_aggregate_y15_24,edu_isced11_4,2022,4.018
swe,sex_m,age_aggregate_y15_24,edu_isced11_4,2023,5.488
swe,sex_m,age_aggregate_y15_24,edu_isced11_5,2006,2.03
swe,sex_m,age_aggregate_y15_24,edu_isced11_5,2007,1.94
swe,sex_m,age_aggregate_y15_24,edu_isced11_5,2008,2.638
swe,sex_m,age_aggregate_y15_24,edu_isced11_5,2009,2.823
swe,sex_m,age_aggregate_y15_24,edu_isced11_5,2010,3.413
swe,sex_m,age_aggregate_y15_24,edu_isced11_5,2011,3.375
swe,sex_m,age_aggregate_y15_24,edu_isced11_5,2012,4.226
swe,sex_m,age_aggregate_y15_24,edu_isced11_5,2013,4.594
swe,sex_m,age_aggregate_y15_24,edu_isced11_5,2014,2.73
swe,sex_m,age_aggregate_y15_24,edu_isced11_5,2015,2.203
swe,sex_m,age_aggregate_y15_24,edu_isced11_5,2016,2.357
swe,sex_m,age_aggregate_y15_24,edu_isced11_5,2017,1.97
swe,sex_m,age_aggregate_y15_24,edu_isced11_5,2018,2.033
swe,sex_m,age_aggregate_y15_24,edu_isced11_5,2019,2.196
swe,sex_m,age_aggregate_y15_24,edu_isced11_5,2020,2.284
swe,sex_m,age_aggregate_y15_24,edu_isced11_5,2021,1.203
swe,sex_m,age_aggregate_y15_24,edu_isced11_5,2022,0.562
swe,sex_m,age_aggregate_y15_24,edu_isced11_5,2023,2.208
swe,sex_m,age_aggregate_y15_24,edu_isced11_6,2014,1.809
swe,sex_m,age_aggregate_y15_24,edu_isced11_6,2015,1.481
swe,sex_m,age_aggregate_y15_24,edu_isced11_6,2016,1.494
swe,sex_m,age_aggregate_y15_24,edu_isced11_6,2017,1.557
swe,sex_m,age_aggregate_y15_24,edu_isced11_6,2018,1.127
swe,sex_m,age_aggregate_y15_24,edu_isced11_6,2019,1.089
swe,sex_m,age_aggregate_y15_24,edu_isced11_6,2020,1.549
swe,sex_m,age_aggregate_y15_24,edu_isced11_6,2021,1.839
swe,sex_m,age_aggregate_y15_24,edu_isced11_6,2022,0.877
swe,sex_m,age_aggregate_y15_24,edu_isced11_6,2023,1.487
swe,sex_m,age_aggregate_y15_24,edu_isced11_7,2014,0.268
swe,sex_m,age_aggregate_y15_24,edu_isced11_7,2015,0.204
swe,sex_m,age_aggregate_y15_24,edu_isced11_9,2006,1.138
swe,sex_m,age_aggregate_y15_24,edu_isced11_9,2007,2.172
swe,sex_m,age_aggregate_y15_24,edu_isced11_9,2008,1.244
swe,sex_m,age_aggregate_y15_24,edu_isced11_9,2009,0.766
swe,sex_m,age_aggregate_y15_24,edu_isced11_9,2010,0.527
swe,sex_m,age_aggregate_y15_24,edu_isced11_9,2011,0.876
swe,sex_m,age_aggregate_y15_24,edu_isced11_9,2012,0.865
swe,sex_m,age_aggregate_y15_24,edu_isced11_9,2013,0.351
swe,sex_m,age_aggregate_y15_24,edu_isced11_9,2014,0.337
swe,sex_m,age_aggregate_y15_24,edu_isced11_9,2016,0.513
swe,sex_m,age_aggregate_y15_24,edu_isced11_9,2017,0.424
swe,sex_m,age_aggregate_y15_24,edu_isced11_9,2018,0.828
swe,sex_m,age_aggregate_y15_24,edu_isced11_9,2019,0.837
swe,sex_m,age_aggregate_y15_24,edu_isced11_9,2020,1.742
swe,sex_m,age_aggregate_y15_24,edu_isced11_9,2021,2.783
swe,sex_m,age_aggregate_y15_24,edu_isced11_9,2022,0.766
swe,sex_m,age_aggregate_y15_24,edu_isced11_9,2023,2.681
swe,sex_m,age_aggregate_y15_24,edu_isced11_total,2006,61.892
swe,sex_m,age_aggregate_y15_24,edu_isced11_total,2007,58.386
swe,sex_m,age_aggregate_y15_24,edu_isced11_total,2008,63.931
swe,sex_m,age_aggregate_y15_24,edu_isced11_total,2009,84.3
swe,sex_m,age_aggregate_y15_24,edu_isced11_total,2010,85.547
swe,sex_m,age_aggregate_y15_24,edu_isced11_total,2011,79.262
swe,sex_m,age_aggregate_y15_24,edu_isced11_total,2012,82.394
swe,sex_m,age_aggregate_y15_24,edu_isced11_total,2013,83.894
swe,sex_m,age_aggregate_y15_24,edu_isced11_total,2014,82.679
swe,sex_m,age_aggregate_y15_24,edu_isced11_total,2015,70.172
swe,sex_m,age_aggregate_y15_24,edu_isced11_total,2016,67.376
swe,sex_m,age_aggregate_y15_24,edu_isced11_total,2017,61.614
swe,sex_m,age_aggregate_y15_24,edu_isced11_total,2018,59.187
swe,sex_m,age_aggregate_y15_24,edu_isced11_total,2019,67.144
swe,sex_m,age_aggregate_y15_24,edu_isced11_total,2020,79.137
swe,sex_m,age_aggregate_y15_24,edu_isced11_total,2021,81.304
swe,sex_m,age_aggregate_y15_24,edu_isced11_total,2022,70.171
swe,sex_m,age_aggregate_y15_24,edu_isced11_total,2023,80.424
swe,sex_m,age_aggregate_y25_54,edu_aggregate_adv,1995,20.13
swe,sex_m,age_aggregate_y25_54,edu_aggregate_adv,1996,22.815
swe,sex_m,age_aggregate_y25_54,edu_aggregate_adv,1997,22.557
swe,sex_m,age_aggregate_y25_54,edu_aggregate_adv,1998,27.282
swe,sex_m,age_aggregate_y25_54,edu_aggregate_adv,1999,24.456
swe,sex_m,age_aggregate_y25_54,edu_aggregate_adv,2000,16.546
swe,sex_m,age_aggregate_y25_54,edu_aggregate_adv,2001,10.919
swe,sex_m,age_aggregate_y25_54,edu_aggregate_adv,2002,13.467
swe,sex_m,age_aggregate_y25_54,edu_aggregate_adv,2003,21.552
swe,sex_m,age_aggregate_y25_54,edu_aggregate_adv,2004,20.349
swe,sex_m,age_aggregate_y25_54,edu_aggregate_adv,2005,23.576
swe,sex_m,age_aggregate_y25_54,edu_aggregate_adv,2006,19.989
swe,sex_m,age_aggregate_y25_54,edu_aggregate_adv,2007,18.227
swe,sex_m,age_aggregate_y25_54,edu_aggregate_adv,2008,16.999
swe,sex_m,age_aggregate_y25_54,edu_aggregate_adv,2009,26.364
swe,sex_m,age_aggregate_y25_54,edu_aggregate_adv,2010,25.954
swe,sex_m,age_aggregate_y25_54,edu_aggregate_adv,2011,23.818
swe,sex_m,age_aggregate_y25_54,edu_aggregate_adv,2012,26.69
swe,sex_m,age_aggregate_y25_54,edu_aggregate_adv,2013,25.891
swe,sex_m,age_aggregate_y25_54,edu_aggregate_adv,2014,28.663
swe,sex_m,age_aggregate_y25_54,edu_aggregate_adv,2015,30.693
swe,sex_m,age_aggregate_y25_54,edu_aggregate_adv,2016,31.428
swe,sex_m,age_aggregate_y25_54,edu_aggregate_adv,2017,34.162
swe,sex_m,age_aggregate_y25_54,edu_aggregate_adv,2018,30.977
swe,sex_m,age_aggregate_y25_54,edu_aggregate_adv,2019,31.173
swe,sex_m,age_aggregate_y25_54,edu_aggregate_adv,2020,40.817
swe,sex_m,age_aggregate_y25_54,edu_aggregate_adv,2021,36.671
swe,sex_m,age_aggregate_y25_54,edu_aggregate_adv,2022,26.691
swe,sex_m,age_aggregate_y25_54,edu_aggregate_adv,2023,31.141
swe,sex_m,age_aggregate_y25_54,edu_aggregate_bas,1995,50.158
swe,sex_m,age_aggregate_y25_54,edu_aggregate_bas,1996,40.869
swe,sex_m,age_aggregate_y25_54,edu_aggregate_bas,1997,48.163
swe,sex_m,age_aggregate_y25_54,edu_aggregate_bas,1998,46.769
swe,sex_m,age_aggregate_y25_54,edu_aggregate_bas,1999,33.066
swe,sex_m,age_aggregate_y25_54,edu_aggregate_bas,2000,24.8
swe,sex_m,age_aggregate_y25_54,edu_aggregate_bas,2001,13.14
swe,sex_m,age_aggregate_y25_54,edu_aggregate_bas,2002,13.268
swe,sex_m,age_aggregate_y25_54,edu_aggregate_bas,2003,12.372
swe,sex_m,age_aggregate_y25_54,edu_aggregate_bas,2004,14.729
swe,sex_m,age_aggregate_y25_54,edu_aggregate_bas,2005,20.802
swe,sex_m,age_aggregate_y25_54,edu_aggregate_bas,2006,24.756
swe,sex_m,age_aggregate_y25_54,edu_aggregate_bas,2007,19.549
swe,sex_m,age_aggregate_y25_54,edu_aggregate_bas,2008,20.822
swe,sex_m,age_aggregate_y25_54,edu_aggregate_bas,2009,31.674
swe,sex_m,age_aggregate_y25_54,edu_aggregate_bas,2010,31.493
swe,sex_m,age_aggregate_y25_54,edu_aggregate_bas,2011,33.262
swe,sex_m,age_aggregate_y25_54,edu_aggregate_bas,2012,36.257
swe,sex_m,age_aggregate_y25_54,edu_aggregate_bas,2013,35.969
swe,sex_m,age_aggregate_y25_54,edu_aggregate_bas,2014,36.915
swe,sex_m,age_aggregate_y25_54,edu_aggregate_bas,2015,34.842
swe,sex_m,age_aggregate_y25_54,edu_aggregate_bas,2016,35.632
swe,sex_m,age_aggregate_y25_54,edu_aggregate_bas,2017,36.568
swe,sex_m,age_aggregate_y25_54,edu_aggregate_bas,2018,37.721
swe,sex_m,age_aggregate_y25_54,edu_aggregate_bas,2019,36.297
swe,sex_m,age_aggregate_y25_54,edu_aggregate_bas,2020,46.679
swe,sex_m,age_aggregate_y25_54,edu_aggregate_bas,2021,47.432
swe,sex_m,age_aggregate_y25_54,edu_aggregate_bas,2022,41.676
swe,sex_m,age_aggregate_y25_54,edu_aggregate_bas,2023,39.25
swe,sex_m,age_aggregate_y25_54,edu_aggregate_int,1995,83.852
swe,sex_m,age_aggregate_y25_54,edu_aggregate_int,1996,91.849
swe,sex_m,age_aggregate_y25_54,edu_aggregate_int,1997,89.691
swe,sex_m,age_aggregate_y25_54,edu_aggregate_int,1998,82.815
swe,sex_m,age_aggregate_y25_54,edu_aggregate_int,1999,68.181
swe,sex_m,age_aggregate_y25_54,edu_aggregate_int,2000,43.282
swe,sex_m,age_aggregate_y25_54,edu_aggregate_int,2001,41.411
swe,sex_m,age_aggregate_y25_54,edu_aggregate_int,2002,43.336
swe,sex_m,age_aggregate_y25_54,edu_aggregate_int,2003,45.915
swe,sex_m,age_aggregate_y25_54,edu_aggregate_int,2004,56.864
swe,sex_m,age_aggregate_y25_54,edu_aggregate_int,2005,60.207
swe,sex_m,age_aggregate_y25_54,edu_aggregate_int,2006,40.932
swe,sex_m,age_aggregate_y25_54,edu_aggregate_int,2007,31.769
swe,sex_m,age_aggregate_y25_54,edu_aggregate_int,2008,30.2
swe,sex_m,age_aggregate_y25_54,edu_aggregate_int,2009,51.27
swe,sex_m,age_aggregate_y25_54,edu_aggregate_int,2010,50.311
swe,sex_m,age_aggregate_y25_54,edu_aggregate_int,2011,40.556
swe,sex_m,age_aggregate_y25_54,edu_aggregate_int,2012,43.679
swe,sex_m,age_aggregate_y25_54,edu_aggregate_int,2013,44.773
swe,sex_m,age_aggregate_y25_54,edu_aggregate_int,2014,43.23
swe,sex_m,age_aggregate_y25_54,edu_aggregate_int,2015,39.564
swe,sex_m,age_aggregate_y25_54,edu_aggregate_int,2016,37.219
swe,sex_m,age_aggregate_y25_54,edu_aggregate_int,2017,33.503
swe,sex_m,age_aggregate_y25_54,edu_aggregate_int,2018,28.857
swe,sex_m,age_aggregate_y25_54,edu_aggregate_int,2019,30.992
swe,sex_m,age_aggregate_y25_54,edu_aggregate_int,2020,39.17
swe,sex_m,age_aggregate_y25_54,edu_aggregate_int,2021,41.382
swe,sex_m,age_aggregate_y25_54,edu_aggregate_int,2022,35.567
swe,sex_m,age_aggregate_y25_54,edu_aggregate_int,2023,37.386
swe,sex_m,age_aggregate_y25_54,edu_aggregate_total,1995,154.446
swe,sex_m,age_aggregate_y25_54,edu_aggregate_total,1996,156.963
swe,sex_m,age_aggregate_y25_54,edu_aggregate_total,1997,164.666
swe,sex_m,age_aggregate_y25_54,edu_aggregate_total,1998,158.772
swe,sex_m,age_aggregate_y25_54,edu_aggregate_total,1999,125.963
swe,sex_m,age_aggregate_y25_54,edu_aggregate_total,2000,84.848
swe,sex_m,age_aggregate_y25_54,edu_aggregate_total,2001,66.039
swe,sex_m,age_aggregate_y25_54,edu_aggregate_total,2002,71.033
swe,sex_m,age_aggregate_y25_54,edu_aggregate_total,2003,80.455
swe,sex_m,age_aggregate_y25_54,edu_aggregate_total,2004,92.7
swe,sex_m,age_aggregate_y25_54,edu_aggregate_total,2005,105.167
swe,sex_m,age_aggregate_y25_54,edu_aggregate_total,2006,87.258
swe,sex_m,age_aggregate_y25_54,edu_aggregate_total,2007,70.101
swe,sex_m,age_aggregate_y25_54,edu_aggregate_total,2008,68.706
swe,sex_m,age_aggregate_y25_54,edu_aggregate_total,2009,110.239
swe,sex_m,age_aggregate_y25_54,edu_aggregate_total,2010,109.395
swe,sex_m,age_aggregate_y25_54,edu_aggregate_total,2011,98.984
swe,sex_m,age_aggregate_y25_54,edu_aggregate_total,2012,107.569
swe,sex_m,age_aggregate_y25_54,edu_aggregate_total,2013,107.502
swe,sex_m,age_aggregate_y25_54,edu_aggregate_total,2014,108.99
swe,sex_m,age_aggregate_y25_54,edu_aggregate_total,2015,105.908
swe,sex_m,age_aggregate_y25_54,edu_aggregate_total,2016,104.642
swe,sex_m,age_aggregate_y25_54,edu_aggregate_total,2017,104.911
swe,sex_m,age_aggregate_y25_54,edu_aggregate_total,2018,98.052
swe,sex_m,age_aggregate_y25_54,edu_aggregate_total,2019,99.004
swe,sex_m,age_aggregate_y25_54,edu_aggregate_total,2020,127.018
swe,sex_m,age_aggregate_y25_54,edu_aggregate_total,2021,125.917
swe,sex_m,age_aggregate_y25_54,edu_aggregate_total,2022,104.175
swe,sex_m,age_aggregate_y25_54,edu_aggregate_total,2023,109.088
swe,sex_m,age_aggregate_y25_54,edu_aggregate_x,1997,4.256
swe,sex_m,age_aggregate_y25_54,edu_aggregate_x,1998,1.906
swe,sex_m,age_aggregate_y25_54,edu_aggregate_x,2002,0.962
swe,sex_m,age_aggregate_y25_54,edu_aggregate_x,2003,0.616
swe,sex_m,age_aggregate_y25_54,edu_aggregate_x,2004,0.757
swe,sex_m,age_aggregate_y25_54,edu_aggregate_x,2005,0.582
swe,sex_m,age_aggregate_y25_54,edu_aggregate_x,2006,1.582
swe,sex_m,age_aggregate_y25_54,edu_aggregate_x,2007,0.556
swe,sex_m,age_aggregate_y25_54,edu_aggregate_x,2008,0.684
swe,sex_m,age_aggregate_y25_54,edu_aggregate_x,2009,0.93
swe,sex_m,age_aggregate_y25_54,edu_aggregate_x,2010,1.637
swe,sex_m,age_aggregate_y25_54,edu_aggregate_x,2011,1.348
swe,sex_m,age_aggregate_y25_54,edu_aggregate_x,2012,0.943
swe,sex_m,age_aggregate_y25_54,edu_aggregate_x,2013,0.868
swe,sex_m,age_aggregate_y25_54,edu_aggregate_x,2015,0.81
swe,sex_m,age_aggregate_y25_54,edu_aggregate_x,2016,0.363
swe,sex_m,age_aggregate_y25_54,edu_aggregate_x,2017,0.679
swe,sex_m,age_aggregate_y25_54,edu_aggregate_x,2018,0.497
swe,sex_m,age_aggregate_y25_54,edu_aggregate_x,2019,0.542
swe,sex_m,age_aggregate_y25_54,edu_aggregate_x,2023,1.312
swe,sex_m,age_aggregate_y25_54,edu_isced11_1,2006,5.185
swe,sex_m,age_aggregate_y25_54,edu_isced11_1,2007,3.43
swe,sex_m,age_aggregate_y25_54,edu_isced11_1,2008,4.466
swe,sex_m,age_aggregate_y25_54,edu_isced11_1,2009,6.622
swe,sex_m,age_aggregate_y25_54,edu_isced11_1,2010,6.894
swe,sex_m,age_aggregate_y25_54,edu_isced11_1,2011,8.442
swe,sex_m,age_aggregate_y25_54,edu_isced11_1,2012,8.053
swe,sex_m,age_aggregate_y25_54,edu_isced11_1,2013,8.758
swe,sex_m,age_aggregate_y25_54,edu_isced11_1,2014,9.316
swe,sex_m,age_aggregate_y25_54,edu_isced11_1,2015,11.32
swe,sex_m,age_aggregate_y25_54,edu_isced11_1,2016,12.493
swe,sex_m,age_aggregate_y25_54,edu_isced11_1,2017,11.008
swe,sex_m,age_aggregate_y25_54,edu_isced11_1,2018,12.196
swe,sex_m,age_aggregate_y25_54,edu_isced11_1,2019,11.449
swe,sex_m,age_aggregate_y25_54,edu_isced11_1,2020,15.673
swe,sex_m,age_aggregate_y25_54,edu_isced11_1,2021,18.794
swe,sex_m,age_aggregate_y25_54,edu_isced11_1,2022,15.476
swe,sex_m,age_aggregate_y25_54,edu_isced11_1,2023,13.805
swe,sex_m,age_aggregate_y25_54,edu_isced11_2,2006,19.57
swe,sex_m,age_aggregate_y25_54,edu_isced11_2,2007,16.119
swe,sex_m,age_aggregate_y25_54,edu_isced11_2,2008,16.356
swe,sex_m,age_aggregate_y25_54,edu_isced11_2,2009,25.052
swe,sex_m,age_aggregate_y25_54,edu_isced11_2,2010,24.599
swe,sex_m,age_aggregate_y25_54,edu_isced11_2,2011,24.82
swe,sex_m,age_aggregate_y25_54,edu_isced11_2,2012,28.204
swe,sex_m,age_aggregate_y25_54,edu_isced11_2,2013,27.211
swe,sex_m,age_aggregate_y25_54,edu_isced11_2,2014,27.599
swe,sex_m,age_aggregate_y25_54,edu_isced11_2,2015,23.522
swe,sex_m,age_aggregate_y25_54,edu_isced11_2,2016,23.139
swe,sex_m,age_aggregate_y25_54,edu_isced11_2,2017,25.56
swe,sex_m,age_aggregate_y25_54,edu_isced11_2,2018,25.524
swe,sex_m,age_aggregate_y25_54,edu_isced11_2,2019,24.848
swe,sex_m,age_aggregate_y25_54,edu_isced11_2,2020,31.006
swe,sex_m,age_aggregate_y25_54,edu_isced11_2,2021,28.637
swe,sex_m,age_aggregate_y25_54,edu_isced11_2,2022,26.2
swe,sex_m,age_aggregate_y25_54,edu_isced11_2,2023,25.445
swe,sex_m,age_aggregate_y25_54,edu_isced11_3,2006,35.206
swe,sex_m,age_aggregate_y25_54,edu_isced11_3,2007,25.723
swe,sex_m,age_aggregate_y25_54,edu_isced11_3,2008,24.057
swe,sex_m,age_aggregate_y25_54,edu_isced11_3,2009,44.759
swe,sex_m,age_aggregate_y25_54,edu_isced11_3,2010,43.311
swe,sex_m,age_aggregate_y25_54,edu_isced11_3,2011,33.094
swe,sex_m,age_aggregate_y25_54,edu_isced11_3,2012,34.584
swe,sex_m,age_aggregate_y25_54,edu_isced11_3,2013,36.529
swe,sex_m,age_aggregate_y25_54,edu_isced11_3,2014,35.149
swe,sex_m,age_aggregate_y25_54,edu_isced11_3,2015,32.305
swe,sex_m,age_aggregate_y25_54,edu_isced11_3,2016,28.554
swe,sex_m,age_aggregate_y25_54,edu_isced11_3,2017,25.783
swe,sex_m,age_aggregate_y25_54,edu_isced11_3,2018,22.987
swe,sex_m,age_aggregate_y25_54,edu_isced11_3,2019,25.035
swe,sex_m,age_aggregate_y25_54,edu_isced11_3,2020,31.833
swe,sex_m,age_aggregate_y25_54,edu_isced11_3,2021,31.047
swe,sex_m,age_aggregate_y25_54,edu_isced11_3,2022,29.418
swe,sex_m,age_aggregate_y25_54,edu_isced11_3,2023,29.194
swe,sex_m,age_aggregate_y25_54,edu_isced11_4,2006,5.726
swe,sex_m,age_aggregate_y25_54,edu_isced11_4,2007,6.046
swe,sex_m,age_aggregate_y25_54,edu_isced11_4,2008,6.143
swe,sex_m,age_aggregate_y25_54,edu_isced11_4,2009,6.512
swe,sex_m,age_aggregate_y25_54,edu_isced11_4,2010,7
swe,sex_m,age_aggregate_y25_54,edu_isced11_4,2011,7.462
swe,sex_m,age_aggregate_y25_54,edu_isced11_4,2012,9.095
swe,sex_m,age_aggregate_y25_54,edu_isced11_4,2013,8.244
swe,sex_m,age_aggregate_y25_54,edu_isced11_4,2014,8.08
swe,sex_m,age_aggregate_y25_54,edu_isced11_4,2015,7.258
swe,sex_m,age_aggregate_y25_54,edu_isced11_4,2016,8.665
swe,sex_m,age_aggregate_y25_54,edu_isced11_4,2017,7.72
swe,sex_m,age_aggregate_y25_54,edu_isced11_4,2018,5.87
swe,sex_m,age_aggregate_y25_54,edu_isced11_4,2019,5.957
swe,sex_m,age_aggregate_y25_54,edu_isced11_4,2020,7.337
swe,sex_m,age_aggregate_y25_54,edu_isced11_4,2021,10.335
swe,sex_m,age_aggregate_y25_54,edu_isced11_4,2022,6.149
swe,sex_m,age_aggregate_y25_54,edu_isced11_4,2023,8.192
swe,sex_m,age_aggregate_y25_54,edu_isced11_5,2006,19.989
swe,sex_m,age_aggregate_y25_54,edu_isced11_5,2007,18.227
swe,sex_m,age_aggregate_y25_54,edu_isced11_5,2008,16.999
swe,sex_m,age_aggregate_y25_54,edu_isced11_5,2009,26.364
swe,sex_m,age_aggregate_y25_54,edu_isced11_5,2010,25.954
swe,sex_m,age_aggregate_y25_54,edu_isced11_5,2011,23.818
swe,sex_m,age_aggregate_y25_54,edu_isced11_5,2012,26.69
swe,sex_m,age_aggregate_y25_54,edu_isced11_5,2013,25.891
swe,sex_m,age_aggregate_y25_54,edu_isced11_5,2014,9.523
swe,sex_m,age_aggregate_y25_54,edu_isced11_5,2015,10.54
swe,sex_m,age_aggregate_y25_54,edu_isced11_5,2016,11.563
swe,sex_m,age_aggregate_y25_54,edu_isced11_5,2017,12.243
swe,sex_m,age_aggregate_y25_54,edu_isced11_5,2018,10.433
swe,sex_m,age_aggregate_y25_54,edu_isced11_5,2019,12.52
swe,sex_m,age_aggregate_y25_54,edu_isced11_5,2020,16.348
swe,sex_m,age_aggregate_y25_54,edu_isced11_5,2021,15.419
swe,sex_m,age_aggregate_y25_54,edu_isced11_5,2022,9.44
swe,sex_m,age_aggregate_y25_54,edu_isced11_5,2023,9.635
swe,sex_m,age_aggregate_y25_54,edu_isced11_6,2014,11.282
swe,sex_m,age_aggregate_y25_54,edu_isced11_6,2015,11.136
swe,sex_m,age_aggregate_y25_54,edu_isced11_6,2016,10.967
swe,sex_m,age_aggregate_y25_54,edu_isced11_6,2017,11.561
swe,sex_m,age_aggregate_y25_54,edu_isced11_6,2018,11.627
swe,sex_m,age_aggregate_y25_54,edu_isced11_6,2019,11.286
swe,sex_m,age_aggregate_y25_54,edu_isced11_6,2020,16.117
swe,sex_m,age_aggregate_y25_54,edu_isced11_6,2021,14.779
swe,sex_m,age_aggregate_y25_54,edu_isced11_6,2022,10.265
swe,sex_m,age_aggregate_y25_54,edu_isced11_6,2023,13.438
swe,sex_m,age_aggregate_y25_54,edu_isced11_7,2014,6.969
swe,sex_m,age_aggregate_y25_54,edu_isced11_7,2015,7.936
swe,sex_m,age_aggregate_y25_54,edu_isced11_7,2016,7.763
swe,sex_m,age_aggregate_y25_54,edu_isced11_7,2017,8.605
swe,sex_m,age_aggregate_y25_54,edu_isced11_7,2018,7.391
swe,sex_m,age_aggregate_y25_54,edu_isced11_7,2019,6.004
swe,sex_m,age_aggregate_y25_54,edu_isced11_7,2020,6.334
swe,sex_m,age_aggregate_y25_54,edu_isced11_7,2021,5.976
swe,sex_m,age_aggregate_y25_54,edu_isced11_7,2022,6.321
swe,sex_m,age_aggregate_y25_54,edu_isced11_7,2023,7.357
swe,sex_m,age_aggregate_y25_54,edu_isced11_8,2014,0.888
swe,sex_m,age_aggregate_y25_54,edu_isced11_8,2015,1.08
swe,sex_m,age_aggregate_y25_54,edu_isced11_8,2016,1.136
swe,sex_m,age_aggregate_y25_54,edu_isced11_8,2017,1.752
swe,sex_m,age_aggregate_y25_54,edu_isced11_8,2018,1.526
swe,sex_m,age_aggregate_y25_54,edu_isced11_8,2019,1.363
swe,sex_m,age_aggregate_y25_54,edu_isced11_8,2020,2.018
swe,sex_m,age_aggregate_y25_54,edu_isced11_8,2022,0.665
swe,sex_m,age_aggregate_y25_54,edu_isced11_8,2023,0.711
swe,sex_m,age_aggregate_y25_54,edu_isced11_9,2006,1.582
swe,sex_m,age_aggregate_y25_54,edu_isced11_9,2007,0.556
swe,sex_m,age_aggregate_y25_54,edu_isced11_9,2008,0.684
swe,sex_m,age_aggregate_y25_54,edu_isced11_9,2009,0.93
swe,sex_m,age_aggregate_y25_54,edu_isced11_9,2010,1.637
swe,sex_m,age_aggregate_y25_54,edu_isced11_9,2011,1.348
swe,sex_m,age_aggregate_y25_54,edu_isced11_9,2012,0.943
swe,sex_m,age_aggregate_y25_54,edu_isced11_9,2013,0.868
swe,sex_m,age_aggregate_y25_54,edu_isced11_9,2015,0.81
swe,sex_m,age_aggregate_y25_54,edu_isced11_9,2016,0.363
swe,sex_m,age_aggregate_y25_54,edu_isced11_9,2017,0.679
swe,sex_m,age_aggregate_y25_54,edu_isced11_9,2018,0.497
swe,sex_m,age_aggregate_y25_54,edu_isced11_9,2019,0.542
swe,sex_m,age_aggregate_y25_54,edu_isced11_9,2023,1.312
swe,sex_m,age_aggregate_y25_54,edu_isced11_total,2006,87.258
swe,sex_m,age_aggregate_y25_54,edu_isced11_total,2007,70.101
swe,sex_m,age_aggregate_y25_54,edu_isced11_total,2008,68.706
swe,sex_m,age_aggregate_y25_54,edu_isced11_total,2009,110.239
swe,sex_m,age_aggregate_y25_54,edu_isced11_total,2010,109.395
swe,sex_m,age_aggregate_y25_54,edu_isced11_total,2011,98.984
swe,sex_m,age_aggregate_y25_54,edu_isced11_total,2012,107.569
swe,sex_m,age_aggregate_y25_54,edu_isced11_total,2013,107.502
swe,sex_m,age_aggregate_y25_54,edu_isced11_total,2014,108.99
swe,sex_m,age_aggregate_y25_54,edu_isced11_total,2015,105.908
swe,sex_m,age_aggregate_y25_54,edu_isced11_total,2016,104.642
swe,sex_m,age_aggregate_y25_54,edu_isced11_total,2017,104.911
swe,sex_m,age_aggregate_y25_54,edu_isced11_total,2018,98.052
swe,sex_m,age_aggregate_y25_54,edu_isced11_total,2019,99.004
swe,sex_m,age_aggregate_y25_54,edu_isced11_total,2020,127.018
swe,sex_m,age_aggregate_y25_54,edu_isced11_total,2021,125.917
swe,sex_m,age_aggregate_y25_54,edu_isced11_total,2022,104.175
swe,sex_m,age_aggregate_y25_54,edu_isced11_total,2023,109.088
swe,sex_m,age_aggregate_y55_64,edu_aggregate_adv,1995,2.989
swe,sex_m,age_aggregate_y55_64,edu_aggregate_adv,1996,2.82
swe,sex_m,age_aggregate_y55_64,edu_aggregate_adv,1997,3.837
swe,sex_m,age_aggregate_y55_64,edu_aggregate_adv,1998,2.489
swe,sex_m,age_aggregate_y55_64,edu_aggregate_adv,1999,4.707
swe,sex_m,age_aggregate_y55_64,edu_aggregate_adv,2000,5.464
swe,sex_m,age_aggregate_y55_64,edu_aggregate_adv,2001,1.173
swe,sex_m,age_aggregate_y55_64,edu_aggregate_adv,2002,2.621
swe,sex_m,age_aggregate_y55_64,edu_aggregate_adv,2003,2.717
swe,sex_m,age_aggregate_y55_64,edu_aggregate_adv,2004,2.839
swe,sex_m,age_aggregate_y55_64,edu_aggregate_adv,2005,3.843
swe,sex_m,age_aggregate_y55_64,edu_aggregate_adv,2006,4.398
swe,sex_m,age_aggregate_y55_64,edu_aggregate_adv,2007,3.788
swe,sex_m,age_aggregate_y55_64,edu_aggregate_adv,2008,3.805
swe,sex_m,age_aggregate_y55_64,edu_aggregate_adv,2009,3.805
swe,sex_m,age_aggregate_y55_64,edu_aggregate_adv,2010,5.369
swe,sex_m,age_aggregate_y55_64,edu_aggregate_adv,2011,5.295
swe,sex_m,age_aggregate_y55_64,edu_aggregate_adv,2012,4.587
swe,sex_m,age_aggregate_y55_64,edu_aggregate_adv,2013,4.911
swe,sex_m,age_aggregate_y55_64,edu_aggregate_adv,2014,6.017
swe,sex_m,age_aggregate_y55_64,edu_aggregate_adv,2015,5.62
swe,sex_m,age_aggregate_y55_64,edu_aggregate_adv,2016,6.046
swe,sex_m,age_aggregate_y55_64,edu_aggregate_adv,2017,5.796
swe,sex_m,age_aggregate_y55_64,edu_aggregate_adv,2018,7.16
swe,sex_m,age_aggregate_y55_64,edu_aggregate_adv,2019,5.868
swe,sex_m,age_aggregate_y55_64,edu_aggregate_adv,2020,6.584
swe,sex_m,age_aggregate_y55_64,edu_aggregate_adv,2021,8.477
swe,sex_m,age_aggregate_y55_64,edu_aggregate_adv,2022,6.161
swe,sex_m,age_aggregate_y55_64,edu_aggregate_adv,2023,7.18
swe,sex_m,age_aggregate_y55_64,edu_aggregate_bas,1995,12.836
swe,sex_m,age_aggregate_y55_64,edu_aggregate_bas,1996,16.849
swe,sex_m,age_aggregate_y55_64,edu_aggregate_bas,1997,17.927
swe,sex_m,age_aggregate_y55_64,edu_aggregate_bas,1998,10.253
swe,sex_m,age_aggregate_y55_64,edu_aggregate_bas,1999,11.186
swe,sex_m,age_aggregate_y55_64,edu_aggregate_bas,2000,10.661
swe,sex_m,age_aggregate_y55_64,edu_aggregate_bas,2001,7.326
swe,sex_m,age_aggregate_y55_64,edu_aggregate_bas,2002,5.74
swe,sex_m,age_aggregate_y55_64,edu_aggregate_bas,2003,5.346
swe,sex_m,age_aggregate_y55_64,edu_aggregate_bas,2004,6.86
swe,sex_m,age_aggregate_y55_64,edu_aggregate_bas,2005,6.466
swe,sex_m,age_aggregate_y55_64,edu_aggregate_bas,2006,5.748
swe,sex_m,age_aggregate_y55_64,edu_aggregate_bas,2007,5.815
swe,sex_m,age_aggregate_y55_64,edu_aggregate_bas,2008,4.887
swe,sex_m,age_aggregate_y55_64,edu_aggregate_bas,2009,9.193
swe,sex_m,age_aggregate_y55_64,edu_aggregate_bas,2010,10.516
swe,sex_m,age_aggregate_y55_64,edu_aggregate_bas,2011,8.937
swe,sex_m,age_aggregate_y55_64,edu_aggregate_bas,2012,9.26
swe,sex_m,age_aggregate_y55_64,edu_aggregate_bas,2013,9.069
swe,sex_m,age_aggregate_y55_64,edu_aggregate_bas,2014,7.989
swe,sex_m,age_aggregate_y55_64,edu_aggregate_bas,2015,7.946
swe,sex_m,age_aggregate_y55_64,edu_aggregate_bas,2016,8.613
swe,sex_m,age_aggregate_y55_64,edu_aggregate_bas,2017,9.01
swe,sex_m,age_aggregate_y55_64,edu_aggregate_bas,2018,7.298
swe,sex_m,age_aggregate_y55_64,edu_aggregate_bas,2019,7.418
swe,sex_m,age_aggregate_y55_64,edu_aggregate_bas,2020,12.466
swe,sex_m,age_aggregate_y55_64,edu_aggregate_bas,2021,11.36
swe,sex_m,age_aggregate_y55_64,edu_aggregate_bas,2022,7.561
swe,sex_m,age_aggregate_y55_64,edu_aggregate_bas,2023,8.983
swe,sex_m,age_aggregate_y55_64,edu_aggregate_int,1995,6.547
swe,sex_m,age_aggregate_y55_64,edu_aggregate_int,1996,7.995
swe,sex_m,age_aggregate_y55_64,edu_aggregate_int,1997,13.132
swe,sex_m,age_aggregate_y55_64,edu_aggregate_int,1998,12.348
swe,sex_m,age_aggregate_y55_64,edu_aggregate_int,1999,10.884
swe,sex_m,age_aggregate_y55_64,edu_aggregate_int,2000,9.485
swe,sex_m,age_aggregate_y55_64,edu_aggregate_int,2001,10.356
swe,sex_m,age_aggregate_y55_64,edu_aggregate_int,2002,10.904
swe,sex_m,age_aggregate_y55_64,edu_aggregate_int,2003,14.674
swe,sex_m,age_aggregate_y55_64,edu_aggregate_int,2004,16.378
swe,sex_m,age_aggregate_y55_64,edu_aggregate_int,2005,14.63
swe,sex_m,age_aggregate_y55_64,edu_aggregate_int,2006,12.022
swe,sex_m,age_aggregate_y55_64,edu_aggregate_int,2007,10.223
swe,sex_m,age_aggregate_y55_64,edu_aggregate_int,2008,10.085
swe,sex_m,age_aggregate_y55_64,edu_aggregate_int,2009,14.312
swe,sex_m,age_aggregate_y55_64,edu_aggregate_int,2010,15.376
swe,sex_m,age_aggregate_y55_64,edu_aggregate_int,2011,13.29
swe,sex_m,age_aggregate_y55_64,edu_aggregate_int,2012,12.834
swe,sex_m,age_aggregate_y55_64,edu_aggregate_int,2013,13.343
swe,sex_m,age_aggregate_y55_64,edu_aggregate_int,2014,15.028
swe,sex_m,age_aggregate_y55_64,edu_aggregate_int,2015,14.768
swe,sex_m,age_aggregate_y55_64,edu_aggregate_int,2016,14.283
swe,sex_m,age_aggregate_y55_64,edu_aggregate_int,2017,12.776
swe,sex_m,age_aggregate_y55_64,edu_aggregate_int,2018,10.358
swe,sex_m,age_aggregate_y55_64,edu_aggregate_int,2019,12.034
swe,sex_m,age_aggregate_y55_64,edu_aggregate_int,2020,14.645
swe,sex_m,age_aggregate_y55_64,edu_aggregate_int,2021,20.664
swe,sex_m,age_aggregate_y55_64,edu_aggregate_int,2022,16.23
swe,sex_m,age_aggregate_y55_64,edu_aggregate_int,2023,14.115
swe,sex_m,age_aggregate_y55_64,edu_aggregate_total,1995,22.371
swe,sex_m,age_aggregate_y55_64,edu_aggregate_total,1996,28.371
swe,sex_m,age_aggregate_y55_64,edu_aggregate_total,1997,35.22
swe,sex_m,age_aggregate_y55_64,edu_aggregate_total,1998,25.09
swe,sex_m,age_aggregate_y55_64,edu_aggregate_total,1999,26.777
swe,sex_m,age_aggregate_y55_64,edu_aggregate_total,2000,25.609
swe,sex_m,age_aggregate_y55_64,edu_aggregate_total,2001,18.856
swe,sex_m,age_aggregate_y55_64,edu_aggregate_total,2002,19.265
swe,sex_m,age_aggregate_y55_64,edu_aggregate_total,2003,22.738
swe,sex_m,age_aggregate_y55_64,edu_aggregate_total,2004,26.077
swe,sex_m,age_aggregate_y55_64,edu_aggregate_total,2005,24.939
swe,sex_m,age_aggregate_y55_64,edu_aggregate_total,2006,22.609
swe,sex_m,age_aggregate_y55_64,edu_aggregate_total,2007,20.309
swe,sex_m,age_aggregate_y55_64,edu_aggregate_total,2008,19.03
swe,sex_m,age_aggregate_y55_64,edu_aggregate_total,2009,27.66
swe,sex_m,age_aggregate_y55_64,edu_aggregate_total,2010,31.442
swe,sex_m,age_aggregate_y55_64,edu_aggregate_total,2011,27.745
swe,sex_m,age_aggregate_y55_64,edu_aggregate_total,2012,26.979
swe,sex_m,age_aggregate_y55_64,edu_aggregate_total,2013,27.529
swe,sex_m,age_aggregate_y55_64,edu_aggregate_total,2014,29.034
swe,sex_m,age_aggregate_y55_64,edu_aggregate_total,2015,28.335
swe,sex_m,age_aggregate_y55_64,edu_aggregate_total,2016,28.998
swe,sex_m,age_aggregate_y55_64,edu_aggregate_total,2017,27.632
swe,sex_m,age_aggregate_y55_64,edu_aggregate_total,2018,24.925
swe,sex_m,age_aggregate_y55_64,edu_aggregate_total,2019,25.344
swe,sex_m,age_aggregate_y55_64,edu_aggregate_total,2020,33.709
swe,sex_m,age_aggregate_y55_64,edu_aggregate_total,2021,40.637
swe,sex_m,age_aggregate_y55_64,edu_aggregate_total,2022,30.125
swe,sex_m,age_aggregate_y55_64,edu_aggregate_total,2023,30.278
swe,sex_m,age_aggregate_y55_64,edu_aggregate_x,2006,0.441
swe,sex_m,age_aggregate_y55_64,edu_aggregate_x,2007,0.484
swe,sex_m,age_aggregate_y55_64,edu_aggregate_x,2008,0.253
swe,sex_m,age_aggregate_y55_64,edu_aggregate_x,2009,0.349
swe,sex_m,age_aggregate_y55_64,edu_aggregate_x,2010,0.181
swe,sex_m,age_aggregate_y55_64,edu_aggregate_x,2011,0.223
swe,sex_m,age_aggregate_y55_64,edu_aggregate_x,2012,0.298
swe,sex_m,age_aggregate_y55_64,edu_aggregate_x,2013,0.206
swe,sex_m,age_aggregate_y55_64,edu_isced11_1,2006,3.199
swe,sex_m,age_aggregate_y55_64,edu_isced11_1,2007,3.126
swe,sex_m,age_aggregate_y55_64,edu_isced11_1,2008,2.069
swe,sex_m,age_aggregate_y55_64,edu_isced11_1,2009,4.593
swe,sex_m,age_aggregate_y55_64,edu_isced11_1,2010,4.301
swe,sex_m,age_aggregate_y55_64,edu_isced11_1,2011,2.68
swe,sex_m,age_aggregate_y55_64,edu_isced11_1,2012,2.674
swe,sex_m,age_aggregate_y55_64,edu_isced11_1,2013,2.584
swe,sex_m,age_aggregate_y55_64,edu_isced11_1,2014,2.211
swe,sex_m,age_aggregate_y55_64,edu_isced11_1,2015,2.153
swe,sex_m,age_aggregate_y55_64,edu_isced11_1,2016,1.54
swe,sex_m,age_aggregate_y55_64,edu_isced11_1,2017,2.155
swe,sex_m,age_aggregate_y55_64,edu_isced11_1,2018,1.828
swe,sex_m,age_aggregate_y55_64,edu_isced11_1,2019,2.29
swe,sex_m,age_aggregate_y55_64,edu_isced11_1,2020,4.106
swe,sex_m,age_aggregate_y55_64,edu_isced11_1,2021,2.927
swe,sex_m,age_aggregate_y55_64,edu_isced11_1,2022,2.514
swe,sex_m,age_aggregate_y55_64,edu_isced11_1,2023,3.619
swe,sex_m,age_aggregate_y55_64,edu_isced11_2,2006,2.549
swe,sex_m,age_aggregate_y55_64,edu_isced11_2,2007,2.689
swe,sex_m,age_aggregate_y55_64,edu_isced11_2,2008,2.819
swe,sex_m,age_aggregate_y55_64,edu_isced11_2,2009,4.6
swe,sex_m,age_aggregate_y55_64,edu_isced11_2,2010,6.215
swe,sex_m,age_aggregate_y55_64,edu_isced11_2,2011,6.257
swe,sex_m,age_aggregate_y55_64,edu_isced11_2,2012,6.585
swe,sex_m,age_aggregate_y55_64,edu_isced11_2,2013,6.485
swe,sex_m,age_aggregate_y55_64,edu_isced11_2,2014,5.779
swe,sex_m,age_aggregate_y55_64,edu_isced11_2,2015,5.793
swe,sex_m,age_aggregate_y55_64,edu_isced11_2,2016,7.073
swe,sex_m,age_aggregate_y55_64,edu_isced11_2,2017,6.855
swe,sex_m,age_aggregate_y55_64,edu_isced11_2,2018,5.47
swe,sex_m,age_aggregate_y55_64,edu_isced11_2,2019,5.128
swe,sex_m,age_aggregate_y55_64,edu_isced11_2,2020,8.36
swe,sex_m,age_aggregate_y55_64,edu_isced11_2,2021,8.433
swe,sex_m,age_aggregate_y55_64,edu_isced11_2,2022,5.047
swe,sex_m,age_aggregate_y55_64,edu_isced11_2,2023,5.365
swe,sex_m,age_aggregate_y55_64,edu_isced11_3,2006,10.307
swe,sex_m,age_aggregate_y55_64,edu_isced11_3,2007,9.336
swe,sex_m,age_aggregate_y55_64,edu_isced11_3,2008,8.67
swe,sex_m,age_aggregate_y55_64,edu_isced11_3,2009,12.655
swe,sex_m,age_aggregate_y55_64,edu_isced11_3,2010,13.62
swe,sex_m,age_aggregate_y55_64,edu_isced11_3,2011,11.227
swe,sex_m,age_aggregate_y55_64,edu_isced11_3,2012,10.732
swe,sex_m,age_aggregate_y55_64,edu_isced11_3,2013,11.202
swe,sex_m,age_aggregate_y55_64,edu_isced11_3,2014,12.373
swe,sex_m,age_aggregate_y55_64,edu_isced11_3,2015,12.46
swe,sex_m,age_aggregate_y55_64,edu_isced11_3,2016,12.16
swe,sex_m,age_aggregate_y55_64,edu_isced11_3,2017,10.713
swe,sex_m,age_aggregate_y55_64,edu_isced11_3,2018,8.117
swe,sex_m,age_aggregate_y55_64,edu_isced11_3,2019,9.404
swe,sex_m,age_aggregate_y55_64,edu_isced11_3,2020,11.793
swe,sex_m,age_aggregate_y55_64,edu_isced11_3,2021,17.137
swe,sex_m,age_aggregate_y55_64,edu_isced11_3,2022,13.492
swe,sex_m,age_aggregate_y55_64,edu_isced11_3,2023,11.215
swe,sex_m,age_aggregate_y55_64,edu_isced11_4,2006,1.716
swe,sex_m,age_aggregate_y55_64,edu_isced11_4,2007,0.887
swe,sex_m,age_aggregate_y55_64,edu_isced11_4,2008,1.415
swe,sex_m,age_aggregate_y55_64,edu_isced11_4,2009,1.657
swe,sex_m,age_aggregate_y55_64,edu_isced11_4,2010,1.756
swe,sex_m,age_aggregate_y55_64,edu_isced11_4,2011,2.062
swe,sex_m,age_aggregate_y55_64,edu_isced11_4,2012,2.101
swe,sex_m,age_aggregate_y55_64,edu_isced11_4,2013,2.141
swe,sex_m,age_aggregate_y55_64,edu_isced11_4,2014,2.654
swe,sex_m,age_aggregate_y55_64,edu_isced11_4,2015,2.308
swe,sex_m,age_aggregate_y55_64,edu_isced11_4,2016,2.124
swe,sex_m,age_aggregate_y55_64,edu_isced11_4,2017,2.063
swe,sex_m,age_aggregate_y55_64,edu_isced11_4,2018,2.24
swe,sex_m,age_aggregate_y55_64,edu_isced11_4,2019,2.63
swe,sex_m,age_aggregate_y55_64,edu_isced11_4,2020,2.851
swe,sex_m,age_aggregate_y55_64,edu_isced11_4,2021,3.527
swe,sex_m,age_aggregate_y55_64,edu_isced11_4,2022,2.738
swe,sex_m,age_aggregate_y55_64,edu_isced11_4,2023,2.9
swe,sex_m,age_aggregate_y55_64,edu_isced11_5,2006,4.398
swe,sex_m,age_aggregate_y55_64,edu_isced11_5,2007,3.788
swe,sex_m,age_aggregate_y55_64,edu_isced11_5,2008,3.805
swe,sex_m,age_aggregate_y55_64,edu_isced11_5,2009,3.805
swe,sex_m,age_aggregate_y55_64,edu_isced11_5,2010,5.369
swe,sex_m,age_aggregate_y55_64,edu_isced11_5,2011,5.295
swe,sex_m,age_aggregate_y55_64,edu_isced11_5,2012,4.587
swe,sex_m,age_aggregate_y55_64,edu_isced11_5,2013,4.911
swe,sex_m,age_aggregate_y55_64,edu_isced11_5,2014,1.81
swe,sex_m,age_aggregate_y55_64,edu_isced11_5,2015,1.89
swe,sex_m,age_aggregate_y55_64,edu_isced11_5,2016,1.824
swe,sex_m,age_aggregate_y55_64,edu_isced11_5,2017,1.687
swe,sex_m,age_aggregate_y55_64,edu_isced11_5,2018,2.018
swe,sex_m,age_aggregate_y55_64,edu_isced11_5,2019,1.816
swe,sex_m,age_aggregate_y55_64,edu_isced11_5,2020,1.816
swe,sex_m,age_aggregate_y55_64,edu_isced11_5,2021,2.514
swe,sex_m,age_aggregate_y55_64,edu_isced11_5,2022,1.182
swe,sex_m,age_aggregate_y55_64,edu_isced11_5,2023,1.726
swe,sex_m,age_aggregate_y55_64,edu_isced11_6,2014,1.657
swe,sex_m,age_aggregate_y55_64,edu_isced11_6,2015,1.462
swe,sex_m,age_aggregate_y55_64,edu_isced11_6,2016,2.272
swe,sex_m,age_aggregate_y55_64,edu_isced11_6,2017,2.169
swe,sex_m,age_aggregate_y55_64,edu_isced11_6,2018,1.986
swe,sex_m,age_aggregate_y55_64,edu_isced11_6,2019,2.163
swe,sex_m,age_aggregate_y55_64,edu_isced11_6,2020,2.572
swe,sex_m,age_aggregate_y55_64,edu_isced11_6,2021,3.815
swe,sex_m,age_aggregate_y55_64,edu_isced11_6,2022,2.474
swe,sex_m,age_aggregate_y55_64,edu_isced11_6,2023,2.571
swe,sex_m,age_aggregate_y55_64,edu_isced11_7,2014,2.341
swe,sex_m,age_aggregate_y55_64,edu_isced11_7,2015,1.93
swe,sex_m,age_aggregate_y55_64,edu_isced11_7,2016,1.604
swe,sex_m,age_aggregate_y55_64,edu_isced11_7,2017,1.642
swe,sex_m,age_aggregate_y55_64,edu_isced11_7,2018,2.336
swe,sex_m,age_aggregate_y55_64,edu_isced11_7,2019,1.341
swe,sex_m,age_aggregate_y55_64,edu_isced11_7,2020,1.652
swe,sex_m,age_aggregate_y55_64,edu_isced11_7,2021,1.851
swe,sex_m,age_aggregate_y55_64,edu_isced11_7,2022,2.319
swe,sex_m,age_aggregate_y55_64,edu_isced11_7,2023,2.591
swe,sex_m,age_aggregate_y55_64,edu_isced11_8,2014,0.21
swe,sex_m,age_aggregate_y55_64,edu_isced11_8,2015,0.338
swe,sex_m,age_aggregate_y55_64,edu_isced11_8,2016,0.345
swe,sex_m,age_aggregate_y55_64,edu_isced11_8,2017,0.298
swe,sex_m,age_aggregate_y55_64,edu_isced11_8,2018,0.818
swe,sex_m,age_aggregate_y55_64,edu_isced11_8,2019,0.548
swe,sex_m,age_aggregate_y55_64,edu_isced11_8,2020,0.543
swe,sex_m,age_aggregate_y55_64,edu_isced11_8,2023,0.293
swe,sex_m,age_aggregate_y55_64,edu_isced11_9,2006,0.441
swe,sex_m,age_aggregate_y55_64,edu_isced11_9,2007,0.484
swe,sex_m,age_aggregate_y55_64,edu_isced11_9,2008,0.253
swe,sex_m,age_aggregate_y55_64,edu_isced11_9,2009,0.349
swe,sex_m,age_aggregate_y55_64,edu_isced11_9,2010,0.181
swe,sex_m,age_aggregate_y55_64,edu_isced11_9,2011,0.223
swe,sex_m,age_aggregate_y55_64,edu_isced11_9,2012,0.298
swe,sex_m,age_aggregate_y55_64,edu_isced11_9,2013,0.206
swe,sex_m,age_aggregate_y55_64,edu_isced11_total,2006,22.609
swe,sex_m,age_aggregate_y55_64,edu_isced11_total,2007,20.309
swe,sex_m,age_aggregate_y55_64,edu_isced11_total,2008,19.03
swe,sex_m,age_aggregate_y55_64,edu_isced11_total,2009,27.66
swe,sex_m,age_aggregate_y55_64,edu_isced11_total,2010,31.442
swe,sex_m,age_aggregate_y55_64,edu_isced11_total,2011,27.745
swe,sex_m,age_aggregate_y55_64,edu_isced11_total,2012,26.979
swe,sex_m,age_aggregate_y55_64,edu_isced11_total,2013,27.529
swe,sex_m,age_aggregate_y55_64,edu_isced11_total,2014,29.034
swe,sex_m,age_aggregate_y55_64,edu_isced11_total,2015,28.335
swe,sex_m,age_aggregate_y55_64,edu_isced11_total,2016,28.998
swe,sex_m,age_aggregate_y55_64,edu_isced11_total,2017,27.632
swe,sex_m,age_aggregate_y55_64,edu_isced11_total,2018,24.925
swe,sex_m,age_aggregate_y55_64,edu_isced11_total,2019,25.344
swe,sex_m,age_aggregate_y55_64,edu_isced11_total,2020,33.709
swe,sex_m,age_aggregate_y55_64,edu_isced11_total,2021,40.637
swe,sex_m,age_aggregate_y55_64,edu_isced11_total,2022,30.125
swe,sex_m,age_aggregate_y55_64,edu_isced11_total,2023,30.278
swe,sex_m,age_aggregate_yge65,edu_aggregate_adv,2006,0.652
swe,sex_m,age_aggregate_yge65,edu_aggregate_adv,2007,0.45
swe,sex_m,age_aggregate_yge65,edu_aggregate_adv,2009,0.426
swe,sex_m,age_aggregate_yge65,edu_aggregate_adv,2010,0.307
swe,sex_m,age_aggregate_yge65,edu_aggregate_adv,2011,0.328
swe,sex_m,age_aggregate_yge65,edu_aggregate_adv,2012,0.289
swe,sex_m,age_aggregate_yge65,edu_aggregate_adv,2013,0.301
swe,sex_m,age_aggregate_yge65,edu_aggregate_adv,2014,0.979
swe,sex_m,age_aggregate_yge65,edu_aggregate_adv,2015,1.159
swe,sex_m,age_aggregate_yge65,edu_aggregate_adv,2016,1.178
swe,sex_m,age_aggregate_yge65,edu_aggregate_adv,2017,0.795
swe,sex_m,age_aggregate_yge65,edu_aggregate_adv,2018,1.2
swe,sex_m,age_aggregate_yge65,edu_aggregate_adv,2019,0.942
swe,sex_m,age_aggregate_yge65,edu_aggregate_adv,2020,1.024
swe,sex_m,age_aggregate_yge65,edu_aggregate_adv,2021,1.203
swe,sex_m,age_aggregate_yge65,edu_aggregate_adv,2022,2.537
swe,sex_m,age_aggregate_yge65,edu_aggregate_adv,2023,2.453
swe,sex_m,age_aggregate_yge65,edu_aggregate_bas,2010,0.253
swe,sex_m,age_aggregate_yge65,edu_aggregate_bas,2011,0.354
swe,sex_m,age_aggregate_yge65,edu_aggregate_bas,2012,0.569
swe,sex_m,age_aggregate_yge65,edu_aggregate_bas,2013,0.501
swe,sex_m,age_aggregate_yge65,edu_aggregate_bas,2014,0.27
swe,sex_m,age_aggregate_yge65,edu_aggregate_bas,2015,0.66
swe,sex_m,age_aggregate_yge65,edu_aggregate_bas,2016,0.534
swe,sex_m,age_aggregate_yge65,edu_aggregate_bas,2017,0.293
swe,sex_m,age_aggregate_yge65,edu_aggregate_bas,2018,0.51
swe,sex_m,age_aggregate_yge65,edu_aggregate_bas,2019,0.438
swe,sex_m,age_aggregate_yge65,edu_aggregate_bas,2023,0.555
swe,sex_m,age_aggregate_yge65,edu_aggregate_int,2008,0.759
swe,sex_m,age_aggregate_yge65,edu_aggregate_int,2009,0.848
swe,sex_m,age_aggregate_yge65,edu_aggregate_int,2010,0.711
swe,sex_m,age_aggregate_yge65,edu_aggregate_int,2011,0.57
swe,sex_m,age_aggregate_yge65,edu_aggregate_int,2012,0.575
swe,sex_m,age_aggregate_yge65,edu_aggregate_int,2013,0.63
swe,sex_m,age_aggregate_yge65,edu_aggregate_int,2014,1.218
swe,sex_m,age_aggregate_yge65,edu_aggregate_int,2015,0.683
swe,sex_m,age_aggregate_yge65,edu_aggregate_int,2016,0.712
swe,sex_m,age_aggregate_yge65,edu_aggregate_int,2017,1.708
swe,sex_m,age_aggregate_yge65,edu_aggregate_int,2018,1.047
swe,sex_m,age_aggregate_yge65,edu_aggregate_int,2019,1.182
swe,sex_m,age_aggregate_yge65,edu_aggregate_int,2020,0.733
swe,sex_m,age_aggregate_yge65,edu_aggregate_int,2021,2.712
swe,sex_m,age_aggregate_yge65,edu_aggregate_int,2022,2.308
swe,sex_m,age_aggregate_yge65,edu_aggregate_int,2023,1.832
swe,sex_m,age_aggregate_yge65,edu_aggregate_total,2006,0.857
swe,sex_m,age_aggregate_yge65,edu_aggregate_total,2007,0.659
swe,sex_m,age_aggregate_yge65,edu_aggregate_total,2008,1.182
swe,sex_m,age_aggregate_yge65,edu_aggregate_total,2009,1.378
swe,sex_m,age_aggregate_yge65,edu_aggregate_total,2010,1.368
swe,sex_m,age_aggregate_yge65,edu_aggregate_total,2011,1.454
swe,sex_m,age_aggregate_yge65,edu_aggregate_total,2012,1.638
swe,sex_m,age_aggregate_yge65,edu_aggregate_total,2013,1.502
swe,sex_m,age_aggregate_yge65,edu_aggregate_total,2014,2.467
swe,sex_m,age_aggregate_yge65,edu_aggregate_total,2015,2.501
swe,sex_m,age_aggregate_yge65,edu_aggregate_total,2016,2.424
swe,sex_m,age_aggregate_yge65,edu_aggregate_total,2017,2.796
swe,sex_m,age_aggregate_yge65,edu_aggregate_total,2018,2.758
swe,sex_m,age_aggregate_yge65,edu_aggregate_total,2019,2.562
swe,sex_m,age_aggregate_yge65,edu_aggregate_total,2020,2.168
swe,sex_m,age_aggregate_yge65,edu_aggregate_total,2021,4.236
swe,sex_m,age_aggregate_yge65,edu_aggregate_total,2022,5.424
swe,sex_m,age_aggregate_yge65,edu_aggregate_total,2023,4.84
swe,sex_m,age_aggregate_yge65,edu_isced11_1,2010,0.174
swe,sex_m,age_aggregate_yge65,edu_isced11_1,2011,0.258
swe,sex_m,age_aggregate_yge65,edu_isced11_1,2012,0.165
swe,sex_m,age_aggregate_yge65,edu_isced11_1,2013,0.466
swe,sex_m,age_aggregate_yge65,edu_isced11_1,2014,0.112
swe,sex_m,age_aggregate_yge65,edu_isced11_1,2015,0.204
swe,sex_m,age_aggregate_yge65,edu_isced11_1,2016,0.363
swe,sex_m,age_aggregate_yge65,edu_isced11_2,2010,0.078
swe,sex_m,age_aggregate_yge65,edu_isced11_2,2011,0.096
swe,sex_m,age_aggregate_yge65,edu_isced11_2,2012,0.404
swe,sex_m,age_aggregate_yge65,edu_isced11_2,2015,0.456
swe,sex_m,age_aggregate_yge65,edu_isced11_2,2016,0.172
swe,sex_m,age_aggregate_yge65,edu_isced11_2,2023,0.555
swe,sex_m,age_aggregate_yge65,edu_isced11_3,2008,0.759
swe,sex_m,age_aggregate_yge65,edu_isced11_3,2009,0.697
swe,sex_m,age_aggregate_yge65,edu_isced11_3,2010,0.579
swe,sex_m,age_aggregate_yge65,edu_isced11_3,2011,0.526
swe,sex_m,age_aggregate_yge65,edu_isced11_3,2012,0.549
swe,sex_m,age_aggregate_yge65,edu_isced11_3,2013,0.591
swe,sex_m,age_aggregate_yge65,edu_isced11_3,2014,1.008
swe,sex_m,age_aggregate_yge65,edu_isced11_3,2015,0.54
swe,sex_m,age_aggregate_yge65,edu_isced11_3,2016,0.712
swe,sex_m,age_aggregate_yge65,edu_isced11_3,2017,1.636
swe,sex_m,age_aggregate_yge65,edu_isced11_3,2018,0.934
swe,sex_m,age_aggregate_yge65,edu_isced11_3,2019,1.052
swe,sex_m,age_aggregate_yge65,edu_isced11_3,2020,0.733
swe,sex_m,age_aggregate_yge65,edu_isced11_3,2021,2.584
swe,sex_m,age_aggregate_yge65,edu_isced11_3,2022,2.308
swe,sex_m,age_aggregate_yge65,edu_isced11_3,2023,1.706
swe,sex_m,age_aggregate_yge65,edu_isced11_4,2014,0.21
swe,sex_m,age_aggregate_yge65,edu_isced11_4,2015,0.142
swe,sex_m,age_aggregate_yge65,edu_isced11_5,2006,0.652
swe,sex_m,age_aggregate_yge65,edu_isced11_5,2007,0.45
swe,sex_m,age_aggregate_yge65,edu_isced11_5,2009,0.426
swe,sex_m,age_aggregate_yge65,edu_isced11_5,2010,0.307
swe,sex_m,age_aggregate_yge65,edu_isced11_5,2011,0.328
swe,sex_m,age_aggregate_yge65,edu_isced11_5,2012,0.289
swe,sex_m,age_aggregate_yge65,edu_isced11_5,2013,0.301
swe,sex_m,age_aggregate_yge65,edu_isced11_5,2022,0.912
swe,sex_m,age_aggregate_yge65,edu_isced11_5,2023,0.788
swe,sex_m,age_aggregate_yge65,edu_isced11_6,2014,0.297
swe,sex_m,age_aggregate_yge65,edu_isced11_6,2015,0.321
swe,sex_m,age_aggregate_yge65,edu_isced11_6,2016,0.668
swe,sex_m,age_aggregate_yge65,edu_isced11_6,2017,0.284
swe,sex_m,age_aggregate_yge65,edu_isced11_6,2020,0.648
swe,sex_m,age_aggregate_yge65,edu_isced11_6,2022,0.727
swe,sex_m,age_aggregate_yge65,edu_isced11_7,2014,0.462
swe,sex_m,age_aggregate_yge65,edu_isced11_7,2015,0.639
swe,sex_m,age_aggregate_yge65,edu_isced11_7,2016,0.388
swe,sex_m,age_aggregate_yge65,edu_isced11_7,2018,0.422
swe,sex_m,age_aggregate_yge65,edu_isced11_7,2022,0.78
swe,sex_m,age_aggregate_yge65,edu_isced11_7,2023,1.132
swe,sex_m,age_aggregate_yge65,edu_isced11_total,2006,0.857
swe,sex_m,age_aggregate_yge65,edu_isced11_total,2007,0.659
swe,sex_m,age_aggregate_yge65,edu_isced11_total,2008,1.182
swe,sex_m,age_aggregate_yge65,edu_isced11_total,2009,1.378
swe,sex_m,age_aggregate_yge65,edu_isced11_total,2010,1.368
swe,sex_m,age_aggregate_yge65,edu_isced11_total,2011,1.454
swe,sex_m,age_aggregate_yge65,edu_isced11_total,2012,1.638
swe,sex_m,age_aggregate_yge65,edu_isced11_total,2013,1.502
swe,sex_m,age_aggregate_yge65,edu_isced11_total,2014,2.467
swe,sex_m,age_aggregate_yge65,edu_isced11_total,2015,2.501
swe,sex_m,age_aggregate_yge65,edu_isced11_total,2016,2.424
swe,sex_m,age_aggregate_yge65,edu_isced11_total,2017,2.796
swe,sex_m,age_aggregate_yge65,edu_isced11_total,2018,2.758
swe,sex_m,age_aggregate_yge65,edu_isced11_total,2019,2.562
swe,sex_m,age_aggregate_yge65,edu_isced11_total,2020,2.168
swe,sex_m,age_aggregate_yge65,edu_isced11_total,2021,4.236
swe,sex_m,age_aggregate_yge65,edu_isced11_total,2022,5.424
swe,sex_m,age_aggregate_yge65,edu_isced11_total,2023,4.84
swe,sex_m,age_ythadult_y15_24,edu_aggregate_adv,1995,1.743
swe,sex_m,age_ythadult_y15_24,edu_aggregate_adv,1996,3.419
swe,sex_m,age_ythadult_y15_24,edu_aggregate_adv,1997,2.262
swe,sex_m,age_ythadult_y15_24,edu_aggregate_adv,2002,1.017
swe,sex_m,age_ythadult_y15_24,edu_aggregate_adv,2003,0.649
swe,sex_m,age_ythadult_y15_24,edu_aggregate_adv,2004,2.397
swe,sex_m,age_ythadult_y15_24,edu_aggregate_adv,2005,2.337
swe,sex_m,age_ythadult_y15_24,edu_aggregate_adv,2006,2.03
swe,sex_m,age_ythadult_y15_24,edu_aggregate_adv,2007,1.94
swe,sex_m,age_ythadult_y15_24,edu_aggregate_adv,2008,2.638
swe,sex_m,age_ythadult_y15_24,edu_aggregate_adv,2009,2.823
swe,sex_m,age_ythadult_y15_24,edu_aggregate_adv,2010,3.413
swe,sex_m,age_ythadult_y15_24,edu_aggregate_adv,2011,3.375
swe,sex_m,age_ythadult_y15_24,edu_aggregate_adv,2012,4.226
swe,sex_m,age_ythadult_y15_24,edu_aggregate_adv,2013,4.594
swe,sex_m,age_ythadult_y15_24,edu_aggregate_adv,2014,4.807
swe,sex_m,age_ythadult_y15_24,edu_aggregate_adv,2015,3.888
swe,sex_m,age_ythadult_y15_24,edu_aggregate_adv,2016,4.027
swe,sex_m,age_ythadult_y15_24,edu_aggregate_adv,2017,3.609
swe,sex_m,age_ythadult_y15_24,edu_aggregate_adv,2018,3.322
swe,sex_m,age_ythadult_y15_24,edu_aggregate_adv,2019,3.569
swe,sex_m,age_ythadult_y15_24,edu_aggregate_adv,2020,4.305
swe,sex_m,age_ythadult_y15_24,edu_aggregate_adv,2021,3.042
swe,sex_m,age_ythadult_y15_24,edu_aggregate_adv,2022,1.546
swe,sex_m,age_ythadult_y15_24,edu_aggregate_adv,2023,3.799
swe,sex_m,age_ythadult_y15_24,edu_aggregate_bas,1995,11.903
swe,sex_m,age_ythadult_y15_24,edu_aggregate_bas,1996,14.546
swe,sex_m,age_ythadult_y15_24,edu_aggregate_bas,1997,16.712
swe,sex_m,age_ythadult_y15_24,edu_aggregate_bas,1998,12.188
swe,sex_m,age_ythadult_y15_24,edu_aggregate_bas,1999,15.281
swe,sex_m,age_ythadult_y15_24,edu_aggregate_bas,2000,7.205
swe,sex_m,age_ythadult_y15_24,edu_aggregate_bas,2001,18.364
swe,sex_m,age_ythadult_y15_24,edu_aggregate_bas,2002,14.907
swe,sex_m,age_ythadult_y15_24,edu_aggregate_bas,2003,20.014
swe,sex_m,age_ythadult_y15_24,edu_aggregate_bas,2004,21.477
swe,sex_m,age_ythadult_y15_24,edu_aggregate_bas,2005,29.756
swe,sex_m,age_ythadult_y15_24,edu_aggregate_bas,2006,30.519
swe,sex_m,age_ythadult_y15_24,edu_aggregate_bas,2007,29.93
swe,sex_m,age_ythadult_y15_24,edu_aggregate_bas,2008,32.707
swe,sex_m,age_ythadult_y15_24,edu_aggregate_bas,2009,34.068
swe,sex_m,age_ythadult_y15_24,edu_aggregate_bas,2010,37.423
swe,sex_m,age_ythadult_y15_24,edu_aggregate_bas,2011,34.302
swe,sex_m,age_ythadult_y15_24,edu_aggregate_bas,2012,36.363
swe,sex_m,age_ythadult_y15_24,edu_aggregate_bas,2013,37.996
swe,sex_m,age_ythadult_y15_24,edu_aggregate_bas,2014,37.642
swe,sex_m,age_ythadult_y15_24,edu_aggregate_bas,2015,33.775
swe,sex_m,age_ythadult_y15_24,edu_aggregate_bas,2016,34.83
swe,sex_m,age_ythadult_y15_24,edu_aggregate_bas,2017,32.43
swe,sex_m,age_ythadult_y15_24,edu_aggregate_bas,2018,34.303
swe,sex_m,age_ythadult_y15_24,edu_aggregate_bas,2019,39.622
swe,sex_m,age_ythadult_y15_24,edu_aggregate_bas,2020,44.173
swe,sex_m,age_ythadult_y15_24,edu_aggregate_bas,2021,51.479
swe,sex_m,age_ythadult_y15_24,edu_aggregate_bas,2022,51.626
swe,sex_m,age_ythadult_y15_24,edu_aggregate_bas,2023,49.792
swe,sex_m,age_ythadult_y15_24,edu_aggregate_int,1995,38.364
swe,sex_m,age_ythadult_y15_24,edu_aggregate_int,1996,34.795
swe,sex_m,age_ythadult_y15_24,edu_aggregate_int,1997,31.896
swe,sex_m,age_ythadult_y15_24,edu_aggregate_int,1998,25.692
swe,sex_m,age_ythadult_y15_24,edu_aggregate_int,1999,21.015
swe,sex_m,age_ythadult_y15_24,edu_aggregate_int,2000,13.269
swe,sex_m,age_ythadult_y15_24,edu_aggregate_int,2001,11.968
swe,sex_m,age_ythadult_y15_24,edu_aggregate_int,2002,16.06
swe,sex_m,age_ythadult_y15_24,edu_aggregate_int,2003,18.309
swe,sex_m,age_ythadult_y15_24,edu_aggregate_int,2004,23.158
swe,sex_m,age_ythadult_y15_24,edu_aggregate_int,2005,27.082
swe,sex_m,age_ythadult_y15_24,edu_aggregate_int,2006,28.205
swe,sex_m,age_ythadult_y15_24,edu_aggregate_int,2007,24.344
swe,sex_m,age_ythadult_y15_24,edu_aggregate_int,2008,27.342
swe,sex_m,age_ythadult_y15_24,edu_aggregate_int,2009,46.643
swe,sex_m,age_ythadult_y15_24,edu_aggregate_int,2010,44.184
swe,sex_m,age_ythadult_y15_24,edu_aggregate_int,2011,40.709
swe,sex_m,age_ythadult_y15_24,edu_aggregate_int,2012,40.939
swe,sex_m,age_ythadult_y15_24,edu_aggregate_int,2013,40.954
swe,sex_m,age_ythadult_y15_24,edu_aggregate_int,2014,39.894
swe,sex_m,age_ythadult_y15_24,edu_aggregate_int,2015,32.358
swe,sex_m,age_ythadult_y15_24,edu_aggregate_int,2016,28.006
swe,sex_m,age_ythadult_y15_24,edu_aggregate_int,2017,25.151
swe,sex_m,age_ythadult_y15_24,edu_aggregate_int,2018,20.734
swe,sex_m,age_ythadult_y15_24,edu_aggregate_int,2019,23.116
swe,sex_m,age_ythadult_y15_24,edu_aggregate_int,2020,28.917
swe,sex_m,age_ythadult_y15_24,edu_aggregate_int,2021,24
swe,sex_m,age_ythadult_y15_24,edu_aggregate_int,2022,16.233
swe,sex_m,age_ythadult_y15_24,edu_aggregate_int,2023,24.153
swe,sex_m,age_ythadult_y15_24,edu_aggregate_total,1995,52.01
swe,sex_m,age_ythadult_y15_24,edu_aggregate_total,1996,54.115
swe,sex_m,age_ythadult_y15_24,edu_aggregate_total,1997,52.263
swe,sex_m,age_ythadult_y15_24,edu_aggregate_total,1998,41.487
swe,sex_m,age_ythadult_y15_24,edu_aggregate_total,1999,38.46
swe,sex_m,age_ythadult_y15_24,edu_aggregate_total,2000,23.125
swe,sex_m,age_ythadult_y15_24,edu_aggregate_total,2001,34.833
swe,sex_m,age_ythadult_y15_24,edu_aggregate_total,2002,35.983
swe,sex_m,age_ythadult_y15_24,edu_aggregate_total,2003,42.219
swe,sex_m,age_ythadult_y15_24,edu_aggregate_total,2004,53.555
swe,sex_m,age_ythadult_y15_24,edu_aggregate_total,2005,64.649
swe,sex_m,age_ythadult_y15_24,edu_aggregate_total,2006,61.892
swe,sex_m,age_ythadult_y15_24,edu_aggregate_total,2007,58.386
swe,sex_m,age_ythadult_y15_24,edu_aggregate_total,2008,63.931
swe,sex_m,age_ythadult_y15_24,edu_aggregate_total,2009,84.3
swe,sex_m,age_ythadult_y15_24,edu_aggregate_total,2010,85.547
swe,sex_m,age_ythadult_y15_24,edu_aggregate_total,2011,79.262
swe,sex_m,age_ythadult_y15_24,edu_aggregate_total,2012,82.394
swe,sex_m,age_ythadult_y15_24,edu_aggregate_total,2013,83.894
swe,sex_m,age_ythadult_y15_24,edu_aggregate_total,2014,82.679
swe,sex_m,age_ythadult_y15_24,edu_aggregate_total,2015,70.172
swe,sex_m,age_ythadult_y15_24,edu_aggregate_total,2016,67.376
swe,sex_m,age_ythadult_y15_24,edu_aggregate_total,2017,61.614
swe,sex_m,age_ythadult_y15_24,edu_aggregate_total,2018,59.187
swe,sex_m,age_ythadult_y15_24,edu_aggregate_total,2019,67.144
swe,sex_m,age_ythadult_y15_24,edu_aggregate_total,2020,79.137
swe,sex_m,age_ythadult_y15_24,edu_aggregate_total,2021,81.304
swe,sex_m,age_ythadult_y15_24,edu_aggregate_total,2022,70.171
swe,sex_m,age_ythadult_y15_24,edu_aggregate_total,2023,80.424
swe,sex_m,age_ythadult_y15_24,edu_aggregate_x,1998,2.89
swe,sex_m,age_ythadult_y15_24,edu_aggregate_x,2000,1.95
swe,sex_m,age_ythadult_y15_24,edu_aggregate_x,2001,4.154
swe,sex_m,age_ythadult_y15_24,edu_aggregate_x,2002,3.999
swe,sex_m,age_ythadult_y15_24,edu_aggregate_x,2003,3.246
swe,sex_m,age_ythadult_y15_24,edu_aggregate_x,2004,6.523
swe,sex_m,age_ythadult_y15_24,edu_aggregate_x,2005,5.473
swe,sex_m,age_ythadult_y15_24,edu_aggregate_x,2006,1.138
swe,sex_m,age_ythadult_y15_24,edu_aggregate_x,2007,2.172
swe,sex_m,age_ythadult_y15_24,edu_aggregate_x,2008,1.244
swe,sex_m,age_ythadult_y15_24,edu_aggregate_x,2009,0.766
swe,sex_m,age_ythadult_y15_24,edu_aggregate_x,2010,0.527
swe,sex_m,age_ythadult_y15_24,edu_aggregate_x,2011,0.876
swe,sex_m,age_ythadult_y15_24,edu_aggregate_x,2012,0.865
swe,sex_m,age_ythadult_y15_24,edu_aggregate_x,2013,0.351
swe,sex_m,age_ythadult_y15_24,edu_aggregate_x,2014,0.337
swe,sex_m,age_ythadult_y15_24,edu_aggregate_x,2016,0.513
swe,sex_m,age_ythadult_y15_24,edu_aggregate_x,2017,0.424
swe,sex_m,age_ythadult_y15_24,edu_aggregate_x,2018,0.828
swe,sex_m,age_ythadult_y15_24,edu_aggregate_x,2019,0.837
swe,sex_m,age_ythadult_y15_24,edu_aggregate_x,2020,1.742
swe,sex_m,age_ythadult_y15_24,edu_aggregate_x,2021,2.783
swe,sex_m,age_ythadult_y15_24,edu_aggregate_x,2022,0.766
swe,sex_m,age_ythadult_y15_24,edu_aggregate_x,2023,2.681
swe,sex_m,age_ythadult_y15_24,edu_isced11_1,2006,1.769
swe,sex_m,age_ythadult_y15_24,edu_isced11_1,2007,2.694
swe,sex_m,age_ythadult_y15_24,edu_isced11_1,2008,4.968
swe,sex_m,age_ythadult_y15_24,edu_isced11_1,2009,2.441
swe,sex_m,age_ythadult_y15_24,edu_isced11_1,2010,3.644
swe,sex_m,age_ythadult_y15_24,edu_isced11_1,2011,3.391
swe,sex_m,age_ythadult_y15_24,edu_isced11_1,2012,3.668
swe,sex_m,age_ythadult_y15_24,edu_isced11_1,2013,4.491
swe,sex_m,age_ythadult_y15_24,edu_isced11_1,2014,6.296
swe,sex_m,age_ythadult_y15_24,edu_isced11_1,2015,6.246
swe,sex_m,age_ythadult_y15_24,edu_isced11_1,2016,6.503
swe,sex_m,age_ythadult_y15_24,edu_isced11_1,2017,7.006
swe,sex_m,age_ythadult_y15_24,edu_isced11_1,2018,5.531
swe,sex_m,age_ythadult_y15_24,edu_isced11_1,2019,7.956
swe,sex_m,age_ythadult_y15_24,edu_isced11_1,2020,9.678
swe,sex_m,age_ythadult_y15_24,edu_isced11_1,2021,10.811
swe,sex_m,age_ythadult_y15_24,edu_isced11_1,2022,13.303
swe,sex_m,age_ythadult_y15_24,edu_isced11_1,2023,8.739
swe,sex_m,age_ythadult_y15_24,edu_isced11_2,2006,28.75
swe,sex_m,age_ythadult_y15_24,edu_isced11_2,2007,27.236
swe,sex_m,age_ythadult_y15_24,edu_isced11_2,2008,27.739
swe,sex_m,age_ythadult_y15_24,edu_isced11_2,2009,31.627
swe,sex_m,age_ythadult_y15_24,edu_isced11_2,2010,33.779
swe,sex_m,age_ythadult_y15_24,edu_isced11_2,2011,30.911
swe,sex_m,age_ythadult_y15_24,edu_isced11_2,2012,32.696
swe,sex_m,age_ythadult_y15_24,edu_isced11_2,2013,33.505
swe,sex_m,age_ythadult_y15_24,edu_isced11_2,2014,31.346
swe,sex_m,age_ythadult_y15_24,edu_isced11_2,2015,27.529
swe,sex_m,age_ythadult_y15_24,edu_isced11_2,2016,28.327
swe,sex_m,age_ythadult_y15_24,edu_isced11_2,2017,25.424
swe,sex_m,age_ythadult_y15_24,edu_isced11_2,2018,28.772
swe,sex_m,age_ythadult_y15_24,edu_isced11_2,2019,31.666
swe,sex_m,age_ythadult_y15_24,edu_isced11_2,2020,34.495
swe,sex_m,age_ythadult_y15_24,edu_isced11_2,2021,40.668
swe,sex_m,age_ythadult_y15_24,edu_isced11_2,2022,38.323
swe,sex_m,age_ythadult_y15_24,edu_isced11_2,2023,41.053
swe,sex_m,age_ythadult_y15_24,edu_isced11_3,2006,25.9
swe,sex_m,age_ythadult_y15_24,edu_isced11_3,2007,21.331
swe,sex_m,age_ythadult_y15_24,edu_isced11_3,2008,24.543
swe,sex_m,age_ythadult_y15_24,edu_isced11_3,2009,42.65
swe,sex_m,age_ythadult_y15_24,edu_isced11_3,2010,40.123
swe,sex_m,age_ythadult_y15_24,edu_isced11_3,2011,36.488
swe,sex_m,age_ythadult_y15_24,edu_isced11_3,2012,35.492
swe,sex_m,age_ythadult_y15_24,edu_isced11_3,2013,35.696
swe,sex_m,age_ythadult_y15_24,edu_isced11_3,2014,35.113
swe,sex_m,age_ythadult_y15_24,edu_isced11_3,2015,27.168
swe,sex_m,age_ythadult_y15_24,edu_isced11_3,2016,23.274
swe,sex_m,age_ythadult_y15_24,edu_isced11_3,2017,22.102
swe,sex_m,age_ythadult_y15_24,edu_isced11_3,2018,16.348
swe,sex_m,age_ythadult_y15_24,edu_isced11_3,2019,19.072
swe,sex_m,age_ythadult_y15_24,edu_isced11_3,2020,22.568
swe,sex_m,age_ythadult_y15_24,edu_isced11_3,2021,19.031
swe,sex_m,age_ythadult_y15_24,edu_isced11_3,2022,12.214
swe,sex_m,age_ythadult_y15_24,edu_isced11_3,2023,18.665
swe,sex_m,age_ythadult_y15_24,edu_isced11_4,2006,2.304
swe,sex_m,age_ythadult_y15_24,edu_isced11_4,2007,3.013
swe,sex_m,age_ythadult_y15_24,edu_isced11_4,2008,2.799
swe,sex_m,age_ythadult_y15_24,edu_isced11_4,2009,3.993
swe,sex_m,age_ythadult_y15_24,edu_isced11_4,2010,4.061
swe,sex_m,age_ythadult_y15_24,edu_isced11_4,2011,4.221
swe,sex_m,age_ythadult_y15_24,edu_isced11_4,2012,5.447
swe,sex_m,age_ythadult_y15_24,edu_isced11_4,2013,5.258
swe,sex_m,age_ythadult_y15_24,edu_isced11_4,2014,4.781
swe,sex_m,age_ythadult_y15_24,edu_isced11_4,2015,5.19
swe,sex_m,age_ythadult_y15_24,edu_isced11_4,2016,4.732
swe,sex_m,age_ythadult_y15_24,edu_isced11_4,2017,3.05
swe,sex_m,age_ythadult_y15_24,edu_isced11_4,2018,4.386
swe,sex_m,age_ythadult_y15_24,edu_isced11_4,2019,4.044
swe,sex_m,age_ythadult_y15_24,edu_isced11_4,2020,6.349
swe,sex_m,age_ythadult_y15_24,edu_isced11_4,2021,4.97
swe,sex_m,age_ythadult_y15_24,edu_isced11_4,2022,4.018
swe,sex_m,age_ythadult_y15_24,edu_isced11_4,2023,5.488
swe,sex_m,age_ythadult_y15_24,edu_isced11_5,2006,2.03
swe,sex_m,age_ythadult_y15_24,edu_isced11_5,2007,1.94
swe,sex_m,age_ythadult_y15_24,edu_isced11_5,2008,2.638
swe,sex_m,age_ythadult_y15_24,edu_isced11_5,2009,2.823
swe,sex_m,age_ythadult_y15_24,edu_isced11_5,2010,3.413
swe,sex_m,age_ythadult_y15_24,edu_isced11_5,2011,3.375
swe,sex_m,age_ythadult_y15_24,edu_isced11_5,2012,4.226
swe,sex_m,age_ythadult_y15_24,edu_isced11_5,2013,4.594
swe,sex_m,age_ythadult_y15_24,edu_isced11_5,2014,2.73
swe,sex_m,age_ythadult_y15_24,edu_isced11_5,2015,2.203
swe,sex_m,age_ythadult_y15_24,edu_isced11_5,2016,2.357
swe,sex_m,age_ythadult_y15_24,edu_isced11_5,2017,1.97
swe,sex_m,age_ythadult_y15_24,edu_isced11_5,2018,2.033
swe,sex_m,age_ythadult_y15_24,edu_isced11_5,2019,2.196
swe,sex_m,age_ythadult_y15_24,edu_isced11_5,2020,2.284
swe,sex_m,age_ythadult_y15_24,edu_isced11_5,2021,1.203
swe,sex_m,age_ythadult_y15_24,edu_isced11_5,2022,0.562
swe,sex_m,age_ythadult_y15_24,edu_isced11_5,2023,2.208
swe,sex_m,age_ythadult_y15_24,edu_isced11_6,2014,1.809
swe,sex_m,age_ythadult_y15_24,edu_isced11_6,2015,1.481
swe,sex_m,age_ythadult_y15_24,edu_isced11_6,2016,1.494
swe,sex_m,age_ythadult_y15_24,edu_isced11_6,2017,1.557
swe,sex_m,age_ythadult_y15_24,edu_isced11_6,2018,1.127
swe,sex_m,age_ythadult_y15_24,edu_isced11_6,2019,1.089
swe,sex_m,age_ythadult_y15_24,edu_isced11_6,2020,1.549
swe,sex_m,age_ythadult_y15_24,edu_isced11_6,2021,1.839
swe,sex_m,age_ythadult_y15_24,edu_isced11_6,2022,0.877
swe,sex_m,age_ythadult_y15_24,edu_isced11_6,2023,1.487
swe,sex_m,age_ythadult_y15_24,edu_isced11_7,2014,0.268
swe,sex_m,age_ythadult_y15_24,edu_isced11_7,2015,0.204
swe,sex_m,age_ythadult_y15_24,edu_isced11_9,2006,1.138
swe,sex_m,age_ythadult_y15_24,edu_isced11_9,2007,2.172
swe,sex_m,age_ythadult_y15_24,edu_isced11_9,2008,1.244
swe,sex_m,age_ythadult_y15_24,edu_isced11_9,2009,0.766
swe,sex_m,age_ythadult_y15_24,edu_isced11_9,2010,0.527
swe,sex_m,age_ythadult_y15_24,edu_isced11_9,2011,0.876
swe,sex_m,age_ythadult_y15_24,edu_isced11_9,2012,0.865
swe,sex_m,age_ythadult_y15_24,edu_isced11_9,2013,0.351
swe,sex_m,age_ythadult_y15_24,edu_isced11_9,2014,0.337
swe,sex_m,age_ythadult_y15_24,edu_isced11_9,2016,0.513
swe,sex_m,age_ythadult_y15_24,edu_isced11_9,2017,0.424
swe,sex_m,age_ythadult_y15_24,edu_isced11_9,2018,0.828
swe,sex_m,age_ythadult_y15_24,edu_isced11_9,2019,0.837
swe,sex_m,age_ythadult_y15_24,edu_isced11_9,2020,1.742
swe,sex_m,age_ythadult_y15_24,edu_isced11_9,2021,2.783
swe,sex_m,age_ythadult_y15_24,edu_isced11_9,2022,0.766
swe,sex_m,age_ythadult_y15_24,edu_isced11_9,2023,2.681
swe,sex_m,age_ythadult_y15_24,edu_isced11_total,2006,61.892
swe,sex_m,age_ythadult_y15_24,edu_isced11_total,2007,58.386
swe,sex_m,age_ythadult_y15_24,edu_isced11_total,2008,63.931
swe,sex_m,age_ythadult_y15_24,edu_isced11_total,2009,84.3
swe,sex_m,age_ythadult_y15_24,edu_isced11_total,2010,85.547
swe,sex_m,age_ythadult_y15_24,edu_isced11_total,2011,79.262
swe,sex_m,age_ythadult_y15_24,edu_isced11_total,2012,82.394
swe,sex_m,age_ythadult_y15_24,edu_isced11_total,2013,83.894
swe,sex_m,age_ythadult_y15_24,edu_isced11_total,2014,82.679
swe,sex_m,age_ythadult_y15_24,edu_isced11_total,2015,70.172
swe,sex_m,age_ythadult_y15_24,edu_isced11_total,2016,67.376
swe,sex_m,age_ythadult_y15_24,edu_isced11_total,2017,61.614
swe,sex_m,age_ythadult_y15_24,edu_isced11_total,2018,59.187
swe,sex_m,age_ythadult_y15_24,edu_isced11_total,2019,67.144
swe,sex_m,age_ythadult_y15_24,edu_isced11_total,2020,79.137
swe,sex_m,age_ythadult_y15_24,edu_isced11_total,2021,81.304
swe,sex_m,age_ythadult_y15_24,edu_isced11_total,2022,70.171
swe,sex_m,age_ythadult_y15_24,edu_isced11_total,2023,80.424
swe,sex_m,age_ythadult_y15_64,edu_aggregate_adv,1995,24.862
swe,sex_m,age_ythadult_y15_64,edu_aggregate_adv,1996,29.054
swe,sex_m,age_ythadult_y15_64,edu_aggregate_adv,1997,28.656
swe,sex_m,age_ythadult_y15_64,edu_aggregate_adv,1998,30.487
swe,sex_m,age_ythadult_y15_64,edu_aggregate_adv,1999,29.848
swe,sex_m,age_ythadult_y15_64,edu_aggregate_adv,2000,22.711
swe,sex_m,age_ythadult_y15_64,edu_aggregate_adv,2001,12.44
swe,sex_m,age_ythadult_y15_64,edu_aggregate_adv,2002,17.105
swe,sex_m,age_ythadult_y15_64,edu_aggregate_adv,2003,24.919
swe,sex_m,age_ythadult_y15_64,edu_aggregate_adv,2004,25.586
swe,sex_m,age_ythadult_y15_64,edu_aggregate_adv,2005,29.756
swe,sex_m,age_ythadult_y15_64,edu_aggregate_adv,2006,26.416
swe,sex_m,age_ythadult_y15_64,edu_aggregate_adv,2007,23.955
swe,sex_m,age_ythadult_y15_64,edu_aggregate_adv,2008,23.442
swe,sex_m,age_ythadult_y15_64,edu_aggregate_adv,2009,32.993
swe,sex_m,age_ythadult_y15_64,edu_aggregate_adv,2010,34.736
swe,sex_m,age_ythadult_y15_64,edu_aggregate_adv,2011,32.489
swe,sex_m,age_ythadult_y15_64,edu_aggregate_adv,2012,35.504
swe,sex_m,age_ythadult_y15_64,edu_aggregate_adv,2013,35.396
swe,sex_m,age_ythadult_y15_64,edu_aggregate_adv,2014,39.487
swe,sex_m,age_ythadult_y15_64,edu_aggregate_adv,2015,40.202
swe,sex_m,age_ythadult_y15_64,edu_aggregate_adv,2016,41.501
swe,sex_m,age_ythadult_y15_64,edu_aggregate_adv,2017,43.567
swe,sex_m,age_ythadult_y15_64,edu_aggregate_adv,2018,41.459
swe,sex_m,age_ythadult_y15_64,edu_aggregate_adv,2019,40.61
swe,sex_m,age_ythadult_y15_64,edu_aggregate_adv,2020,51.706
swe,sex_m,age_ythadult_y15_64,edu_aggregate_adv,2021,48.19
swe,sex_m,age_ythadult_y15_64,edu_aggregate_adv,2022,34.398
swe,sex_m,age_ythadult_y15_64,edu_aggregate_adv,2023,42.12
swe,sex_m,age_ythadult_y15_64,edu_aggregate_bas,1995,74.897
swe,sex_m,age_ythadult_y15_64,edu_aggregate_bas,1996,72.264
swe,sex_m,age_ythadult_y15_64,edu_aggregate_bas,1997,82.802
swe,sex_m,age_ythadult_y15_64,edu_aggregate_bas,1998,69.21
swe,sex_m,age_ythadult_y15_64,edu_aggregate_bas,1999,59.533
swe,sex_m,age_ythadult_y15_64,edu_aggregate_bas,2000,42.665
swe,sex_m,age_ythadult_y15_64,edu_aggregate_bas,2001,38.831
swe,sex_m,age_ythadult_y15_64,edu_aggregate_bas,2002,33.915
swe,sex_m,age_ythadult_y15_64,edu_aggregate_bas,2003,37.733
swe,sex_m,age_ythadult_y15_64,edu_aggregate_bas,2004,43.066
swe,sex_m,age_ythadult_y15_64,edu_aggregate_bas,2005,57.025
swe,sex_m,age_ythadult_y15_64,edu_aggregate_bas,2006,61.022
swe,sex_m,age_ythadult_y15_64,edu_aggregate_bas,2007,55.294
swe,sex_m,age_ythadult_y15_64,edu_aggregate_bas,2008,58.417
swe,sex_m,age_ythadult_y15_64,edu_aggregate_bas,2009,74.935
swe,sex_m,age_ythadult_y15_64,edu_aggregate_bas,2010,79.432
swe,sex_m,age_ythadult_y15_64,edu_aggregate_bas,2011,76.5
swe,sex_m,age_ythadult_y15_64,edu_aggregate_bas,2012,81.879
swe,sex_m,age_ythadult_y15_64,edu_aggregate_bas,2013,83.034
swe,sex_m,age_ythadult_y15_64,edu_aggregate_bas,2014,82.547
swe,sex_m,age_ythadult_y15_64,edu_aggregate_bas,2015,76.563
swe,sex_m,age_ythadult_y15_64,edu_aggregate_bas,2016,79.075
swe,sex_m,age_ythadult_y15_64,edu_aggregate_bas,2017,78.008
swe,sex_m,age_ythadult_y15_64,edu_aggregate_bas,2018,79.322
swe,sex_m,age_ythadult_y15_64,edu_aggregate_bas,2019,83.336
swe,sex_m,age_ythadult_y15_64,edu_aggregate_bas,2020,103.318
swe,sex_m,age_ythadult_y15_64,edu_aggregate_bas,2021,110.27
swe,sex_m,age_ythadult_y15_64,edu_aggregate_bas,2022,100.863
swe,sex_m,age_ythadult_y15_64,edu_aggregate_bas,2023,98.025
swe,sex_m,age_ythadult_y15_64,edu_aggregate_int,1995,128.763
swe,sex_m,age_ythadult_y15_64,edu_aggregate_int,1996,134.64
swe,sex_m,age_ythadult_y15_64,edu_aggregate_int,1997,134.718
swe,sex_m,age_ythadult_y15_64,edu_aggregate_int,1998,120.855
swe,sex_m,age_ythadult_y15_64,edu_aggregate_int,1999,100.08
swe,sex_m,age_ythadult_y15_64,edu_aggregate_int,2000,66.036
swe,sex_m,age_ythadult_y15_64,edu_aggregate_int,2001,63.735
swe,sex_m,age_ythadult_y15_64,edu_aggregate_int,2002,70.3
swe,sex_m,age_ythadult_y15_64,edu_aggregate_int,2003,78.898
swe,sex_m,age_ythadult_y15_64,edu_aggregate_int,2004,96.4
swe,sex_m,age_ythadult_y15_64,edu_aggregate_int,2005,101.919
swe,sex_m,age_ythadult_y15_64,edu_aggregate_int,2006,81.159
swe,sex_m,age_ythadult_y15_64,edu_aggregate_int,2007,66.336
swe,sex_m,age_ythadult_y15_64,edu_aggregate_int,2008,67.627
swe,sex_m,age_ythadult_y15_64,edu_aggregate_int,2009,112.226
swe,sex_m,age_ythadult_y15_64,edu_aggregate_int,2010,109.872
swe,sex_m,age_ythadult_y15_64,edu_aggregate_int,2011,94.555
swe,sex_m,age_ythadult_y15_64,edu_aggregate_int,2012,97.452
swe,sex_m,age_ythadult_y15_64,edu_aggregate_int,2013,99.07
swe,sex_m,age_ythadult_y15_64,edu_aggregate_int,2014,98.151
swe,sex_m,age_ythadult_y15_64,edu_aggregate_int,2015,86.69
swe,sex_m,age_ythadult_y15_64,edu_aggregate_int,2016,79.509
swe,sex_m,age_ythadult_y15_64,edu_aggregate_int,2017,71.43
swe,sex_m,age_ythadult_y15_64,edu_aggregate_int,2018,59.949
swe,sex_m,age_ythadult_y15_64,edu_aggregate_int,2019,66.142
swe,sex_m,age_ythadult_y15_64,edu_aggregate_int,2020,82.732
swe,sex_m,age_ythadult_y15_64,edu_aggregate_int,2021,86.046
swe,sex_m,age_ythadult_y15_64,edu_aggregate_int,2022,68.03
swe,sex_m,age_ythadult_y15_64,edu_aggregate_int,2023,75.654
swe,sex_m,age_ythadult_y15_64,edu_aggregate_total,1995,228.828
swe,sex_m,age_ythadult_y15_64,edu_aggregate_total,1996,239.449
swe,sex_m,age_ythadult_y15_64,edu_aggregate_total,1997,252.149
swe,sex_m,age_ythadult_y15_64,edu_aggregate_total,1998,225.349
swe,sex_m,age_ythadult_y15_64,edu_aggregate_total,1999,191.2
swe,sex_m,age_ythadult_y15_64,edu_aggregate_total,2000,133.582
swe,sex_m,age_ythadult_y15_64,edu_aggregate_total,2001,119.727
swe,sex_m,age_ythadult_y15_64,edu_aggregate_total,2002,126.282
swe,sex_m,age_ythadult_y15_64,edu_aggregate_total,2003,145.412
swe,sex_m,age_ythadult_y15_64,edu_aggregate_total,2004,172.332
swe,sex_m,age_ythadult_y15_64,edu_aggregate_total,2005,194.755
swe,sex_m,age_ythadult_y15_64,edu_aggregate_total,2006,171.759
swe,sex_m,age_ythadult_y15_64,edu_aggregate_total,2007,148.797
swe,sex_m,age_ythadult_y15_64,edu_aggregate_total,2008,151.666
swe,sex_m,age_ythadult_y15_64,edu_aggregate_total,2009,222.199
swe,sex_m,age_ythadult_y15_64,edu_aggregate_total,2010,226.384
swe,sex_m,age_ythadult_y15_64,edu_aggregate_total,2011,205.991
swe,sex_m,age_ythadult_y15_64,edu_aggregate_total,2012,216.942
swe,sex_m,age_ythadult_y15_64,edu_aggregate_total,2013,218.925
swe,sex_m,age_ythadult_y15_64,edu_aggregate_total,2014,220.704
swe,sex_m,age_ythadult_y15_64,edu_aggregate_total,2015,204.415
swe,sex_m,age_ythadult_y15_64,edu_aggregate_total,2016,201.016
swe,sex_m,age_ythadult_y15_64,edu_aggregate_total,2017,194.158
swe,sex_m,age_ythadult_y15_64,edu_aggregate_total,2018,182.164
swe,sex_m,age_ythadult_y15_64,edu_aggregate_total,2019,191.491
swe,sex_m,age_ythadult_y15_64,edu_aggregate_total,2020,239.865
swe,sex_m,age_ythadult_y15_64,edu_aggregate_total,2021,247.858
swe,sex_m,age_ythadult_y15_64,edu_aggregate_total,2022,204.47
swe,sex_m,age_ythadult_y15_64,edu_aggregate_total,2023,219.79
swe,sex_m,age_ythadult_y15_64,edu_aggregate_x,1996,3.491
swe,sex_m,age_ythadult_y15_64,edu_aggregate_x,1997,5.974
swe,sex_m,age_ythadult_y15_64,edu_aggregate_x,2002,4.962
swe,sex_m,age_ythadult_y15_64,edu_aggregate_x,2003,3.862
swe,sex_m,age_ythadult_y15_64,edu_aggregate_x,2006,3.162
swe,sex_m,age_ythadult_y15_64,edu_aggregate_x,2007,3.211
swe,sex_m,age_ythadult_y15_64,edu_aggregate_x,2008,2.181
swe,sex_m,age_ythadult_y15_64,edu_aggregate_x,2009,2.045
swe,sex_m,age_ythadult_y15_64,edu_aggregate_x,2010,2.345
swe,sex_m,age_ythadult_y15_64,edu_aggregate_x,2011,2.447
swe,sex_m,age_ythadult_y15_64,edu_aggregate_x,2012,2.107
swe,sex_m,age_ythadult_y15_64,edu_aggregate_x,2013,1.425
swe,sex_m,age_ythadult_y15_64,edu_aggregate_x,2016,0.931
swe,sex_m,age_ythadult_y15_64,edu_aggregate_x,2017,1.154
swe,sex_m,age_ythadult_y15_64,edu_aggregate_x,2018,1.434
swe,sex_m,age_ythadult_y15_64,edu_aggregate_x,2019,1.403
swe,sex_m,age_ythadult_y15_64,edu_aggregate_x,2020,2.109
swe,sex_m,age_ythadult_y15_64,edu_aggregate_x,2021,3.352
swe,sex_m,age_ythadult_y15_64,edu_aggregate_x,2022,1.18
swe,sex_m,age_ythadult_y15_64,edu_aggregate_x,2023,3.992
swe,sex_m,age_ythadult_y15_64,edu_isced11_1,2006,10.154
swe,sex_m,age_ythadult_y15_64,edu_isced11_1,2007,9.25
swe,sex_m,age_ythadult_y15_64,edu_isced11_1,2008,11.503
swe,sex_m,age_ythadult_y15_64,edu_isced11_1,2009,13.656
swe,sex_m,age_ythadult_y15_64,edu_isced11_1,2010,14.839
swe,sex_m,age_ythadult_y15_64,edu_isced11_1,2011,14.513
swe,sex_m,age_ythadult_y15_64,edu_isced11_1,2012,14.395
swe,sex_m,age_ythadult_y15_64,edu_isced11_1,2013,15.833
swe,sex_m,age_ythadult_y15_64,edu_isced11_1,2014,17.823
swe,sex_m,age_ythadult_y15_64,edu_isced11_1,2015,19.719
swe,sex_m,age_ythadult_y15_64,edu_isced11_1,2016,20.535
swe,sex_m,age_ythadult_y15_64,edu_isced11_1,2017,20.169
swe,sex_m,age_ythadult_y15_64,edu_isced11_1,2018,19.556
swe,sex_m,age_ythadult_y15_64,edu_isced11_1,2019,21.695
swe,sex_m,age_ythadult_y15_64,edu_isced11_1,2020,29.457
swe,sex_m,age_ythadult_y15_64,edu_isced11_1,2021,32.532
swe,sex_m,age_ythadult_y15_64,edu_isced11_1,2022,31.293
swe,sex_m,age_ythadult_y15_64,edu_isced11_1,2023,26.163
swe,sex_m,age_ythadult_y15_64,edu_isced11_2,2006,50.869
swe,sex_m,age_ythadult_y15_64,edu_isced11_2,2007,46.044
swe,sex_m,age_ythadult_y15_64,edu_isced11_2,2008,46.914
swe,sex_m,age_ythadult_y15_64,edu_isced11_2,2009,61.279
swe,sex_m,age_ythadult_y15_64,edu_isced11_2,2010,64.593
swe,sex_m,age_ythadult_y15_64,edu_isced11_2,2011,61.987
swe,sex_m,age_ythadult_y15_64,edu_isced11_2,2012,67.485
swe,sex_m,age_ythadult_y15_64,edu_isced11_2,2013,67.201
swe,sex_m,age_ythadult_y15_64,edu_isced11_2,2014,64.723
swe,sex_m,age_ythadult_y15_64,edu_isced11_2,2015,56.843
swe,sex_m,age_ythadult_y15_64,edu_isced11_2,2016,58.539
swe,sex_m,age_ythadult_y15_64,edu_isced11_2,2017,57.839
swe,sex_m,age_ythadult_y15_64,edu_isced11_2,2018,59.766
swe,sex_m,age_ythadult_y15_64,edu_isced11_2,2019,61.641
swe,sex_m,age_ythadult_y15_64,edu_isced11_2,2020,73.861
swe,sex_m,age_ythadult_y15_64,edu_isced11_2,2021,77.738
swe,sex_m,age_ythadult_y15_64,edu_isced11_2,2022,69.57
swe,sex_m,age_ythadult_y15_64,edu_isced11_2,2023,71.862
swe,sex_m,age_ythadult_y15_64,edu_isced11_3,2006,71.413
swe,sex_m,age_ythadult_y15_64,edu_isced11_3,2007,56.39
swe,sex_m,age_ythadult_y15_64,edu_isced11_3,2008,57.269
swe,sex_m,age_ythadult_y15_64,edu_isced11_3,2009,100.065
swe,sex_m,age_ythadult_y15_64,edu_isced11_3,2010,97.054
swe,sex_m,age_ythadult_y15_64,edu_isced11_3,2011,80.81
swe,sex_m,age_ythadult_y15_64,edu_isced11_3,2012,80.809
swe,sex_m,age_ythadult_y15_64,edu_isced11_3,2013,83.427
swe,sex_m,age_ythadult_y15_64,edu_isced11_3,2014,82.635
swe,sex_m,age_ythadult_y15_64,edu_isced11_3,2015,71.933
swe,sex_m,age_ythadult_y15_64,edu_isced11_3,2016,63.988
swe,sex_m,age_ythadult_y15_64,edu_isced11_3,2017,58.597
swe,sex_m,age_ythadult_y15_64,edu_isced11_3,2018,47.452
swe,sex_m,age_ythadult_y15_64,edu_isced11_3,2019,53.511
swe,sex_m,age_ythadult_y15_64,edu_isced11_3,2020,66.194
swe,sex_m,age_ythadult_y15_64,edu_isced11_3,2021,67.215
swe,sex_m,age_ythadult_y15_64,edu_isced11_3,2022,55.125
swe,sex_m,age_ythadult_y15_64,edu_isced11_3,2023,59.074
swe,sex_m,age_ythadult_y15_64,edu_isced11_4,2006,9.746
swe,sex_m,age_ythadult_y15_64,edu_isced11_4,2007,9.946
swe,sex_m,age_ythadult_y15_64,edu_isced11_4,2008,10.358
swe,sex_m,age_ythadult_y15_64,edu_isced11_4,2009,12.161
swe,sex_m,age_ythadult_y15_64,edu_isced11_4,2010,12.817
swe,sex_m,age_ythadult_y15_64,edu_isced11_4,2011,13.745
swe,sex_m,age_ythadult_y15_64,edu_isced11_4,2012,16.643
swe,sex_m,age_ythadult_y15_64,edu_isced11_4,2013,15.643
swe,sex_m,age_ythadult_y15_64,edu_isced11_4,2014,15.516
swe,sex_m,age_ythadult_y15_64,edu_isced11_4,2015,14.757
swe,sex_m,age_ythadult_y15_64,edu_isced11_4,2016,15.521
swe,sex_m,age_ythadult_y15_64,edu_isced11_4,2017,12.832
swe,sex_m,age_ythadult_y15_64,edu_isced11_4,2018,12.497
swe,sex_m,age_ythadult_y15_64,edu_isced11_4,2019,12.631
swe,sex_m,age_ythadult_y15_64,edu_isced11_4,2020,16.538
swe,sex_m,age_ythadult_y15_64,edu_isced11_4,2021,18.831
swe,sex_m,age_ythadult_y15_64,edu_isced11_4,2022,12.905
swe,sex_m,age_ythadult_y15_64,edu_isced11_4,2023,16.58
swe,sex_m,age_ythadult_y15_64,edu_isced11_5,2006,26.416
swe,sex_m,age_ythadult_y15_64,edu_isced11_5,2007,23.955
swe,sex_m,age_ythadult_y15_64,edu_isced11_5,2008,23.442
swe,sex_m,age_ythadult_y15_64,edu_isced11_5,2009,32.993
swe,sex_m,age_ythadult_y15_64,edu_isced11_5,2010,34.736
swe,sex_m,age_ythadult_y15_64,edu_isced11_5,2011,32.489
swe,sex_m,age_ythadult_y15_64,edu_isced11_5,2012,35.504
swe,sex_m,age_ythadult_y15_64,edu_isced11_5,2013,35.396
swe,sex_m,age_ythadult_y15_64,edu_isced11_5,2014,14.062
swe,sex_m,age_ythadult_y15_64,edu_isced11_5,2015,14.633
swe,sex_m,age_ythadult_y15_64,edu_isced11_5,2016,15.744
swe,sex_m,age_ythadult_y15_64,edu_isced11_5,2017,15.9
swe,sex_m,age_ythadult_y15_64,edu_isced11_5,2018,14.485
swe,sex_m,age_ythadult_y15_64,edu_isced11_5,2019,16.532
swe,sex_m,age_ythadult_y15_64,edu_isced11_5,2020,20.448
swe,sex_m,age_ythadult_y15_64,edu_isced11_5,2021,19.136
swe,sex_m,age_ythadult_y15_64,edu_isced11_5,2022,11.184
swe,sex_m,age_ythadult_y15_64,edu_isced11_5,2023,13.569
swe,sex_m,age_ythadult_y15_64,edu_isced11_6,2014,14.748
swe,sex_m,age_ythadult_y15_64,edu_isced11_6,2015,14.08
swe,sex_m,age_ythadult_y15_64,edu_isced11_6,2016,14.733
swe,sex_m,age_ythadult_y15_64,edu_isced11_6,2017,15.287
swe,sex_m,age_ythadult_y15_64,edu_isced11_6,2018,14.74
swe,sex_m,age_ythadult_y15_64,edu_isced11_6,2019,14.537
swe,sex_m,age_ythadult_y15_64,edu_isced11_6,2020,20.238
swe,sex_m,age_ythadult_y15_64,edu_isced11_6,2021,20.433
swe,sex_m,age_ythadult_y15_64,edu_isced11_6,2022,13.616
swe,sex_m,age_ythadult_y15_64,edu_isced11_6,2023,17.496
swe,sex_m,age_ythadult_y15_64,edu_isced11_7,2014,9.579
swe,sex_m,age_ythadult_y15_64,edu_isced11_7,2015,10.07
swe,sex_m,age_ythadult_y15_64,edu_isced11_7,2016,9.543
swe,sex_m,age_ythadult_y15_64,edu_isced11_7,2017,10.33
swe,sex_m,age_ythadult_y15_64,edu_isced11_7,2018,9.89
swe,sex_m,age_ythadult_y15_64,edu_isced11_7,2019,7.63
swe,sex_m,age_ythadult_y15_64,edu_isced11_7,2020,8.458
swe,sex_m,age_ythadult_y15_64,edu_isced11_7,2022,8.746
swe,sex_m,age_ythadult_y15_64,edu_isced11_7,2023,10.051
swe,sex_m,age_ythadult_y15_64,edu_isced11_9,2006,3.162
swe,sex_m,age_ythadult_y15_64,edu_isced11_9,2007,3.211
swe,sex_m,age_ythadult_y15_64,edu_isced11_9,2008,2.181
swe,sex_m,age_ythadult_y15_64,edu_isced11_9,2009,2.045
swe,sex_m,age_ythadult_y15_64,edu_isced11_9,2010,2.345
swe,sex_m,age_ythadult_y15_64,edu_isced11_9,2011,2.447
swe,sex_m,age_ythadult_y15_64,edu_isced11_9,2012,2.107
swe,sex_m,age_ythadult_y15_64,edu_isced11_9,2013,1.425
swe,sex_m,age_ythadult_y15_64,edu_isced11_9,2016,0.931
swe,sex_m,age_ythadult_y15_64,edu_isced11_9,2017,1.154
swe,sex_m,age_ythadult_y15_64,edu_isced11_9,2018,1.434
swe,sex_m,age_ythadult_y15_64,edu_isced11_9,2019,1.403
swe,sex_m,age_ythadult_y15_64,edu_isced11_9,2020,2.109
swe,sex_m,age_ythadult_y15_64,edu_isced11_9,2021,3.352
swe,sex_m,age_ythadult_y15_64,edu_isced11_9,2022,1.18
swe,sex_m,age_ythadult_y15_64,edu_isced11_9,2023,3.992
swe,sex_m,age_ythadult_y15_64,edu_isced11_total,2006,171.759
swe,sex_m,age_ythadult_y15_64,edu_isced11_total,2007,148.797
swe,sex_m,age_ythadult_y15_64,edu_isced11_total,2008,151.666
swe,sex_m,age_ythadult_y15_64,edu_isced11_total,2009,222.199
swe,sex_m,age_ythadult_y15_64,edu_isced11_total,2010,226.384
swe,sex_m,age_ythadult_y15_64,edu_isced11_total,2011,205.991
swe,sex_m,age_ythadult_y15_64,edu_isced11_total,2012,216.942
swe,sex_m,age_ythadult_y15_64,edu_isced11_total,2013,218.925
swe,sex_m,age_ythadult_y15_64,edu_isced11_total,2014,220.704
swe,sex_m,age_ythadult_y15_64,edu_isced11_total,2015,204.415
swe,sex_m,age_ythadult_y15_64,edu_isced11_total,2016,201.016
swe,sex_m,age_ythadult_y15_64,edu_isced11_total,2017,194.158
swe,sex_m,age_ythadult_y15_64,edu_isced11_total,2018,182.164
swe,sex_m,age_ythadult_y15_64,edu_isced11_total,2019,191.491
swe,sex_m,age_ythadult_y15_64,edu_isced11_total,2020,239.865
swe,sex_m,age_ythadult_y15_64,edu_isced11_total,2021,247.858
swe,sex_m,age_ythadult_y15_64,edu_isced11_total,2022,204.47
swe,sex_m,age_ythadult_y15_64,edu_isced11_total,2023,219.79
swe,sex_m,age_ythadult_yge15,edu_aggregate_adv,1987,5
swe,sex_m,age_ythadult_yge15,edu_aggregate_adv,1988,5
swe,sex_m,age_ythadult_yge15,edu_aggregate_adv,1989,5
swe,sex_m,age_ythadult_yge15,edu_aggregate_adv,1990,5
swe,sex_m,age_ythadult_yge15,edu_aggregate_adv,1991,10
swe,sex_m,age_ythadult_yge15,edu_aggregate_adv,1992,20
swe,sex_m,age_ythadult_yge15,edu_aggregate_adv,1993,27
swe,sex_m,age_ythadult_yge15,edu_aggregate_adv,1994,24
swe,sex_m,age_ythadult_yge15,edu_aggregate_adv,1995,24.862
swe,sex_m,age_ythadult_yge15,edu_aggregate_adv,1996,29.054
swe,sex_m,age_ythadult_yge15,edu_aggregate_adv,1997,28.656
swe,sex_m,age_ythadult_yge15,edu_aggregate_adv,1998,30.487
swe,sex_m,age_ythadult_yge15,edu_aggregate_adv,1999,29.848
swe,sex_m,age_ythadult_yge15,edu_aggregate_adv,2000,22.711
swe,sex_m,age_ythadult_yge15,edu_aggregate_adv,2001,12.44
swe,sex_m,age_ythadult_yge15,edu_aggregate_adv,2002,17.105
swe,sex_m,age_ythadult_yge15,edu_aggregate_adv,2003,25.239
swe,sex_m,age_ythadult_yge15,edu_aggregate_adv,2004,25.812
swe,sex_m,age_ythadult_yge15,edu_aggregate_adv,2005,29.937
swe,sex_m,age_ythadult_yge15,edu_aggregate_adv,2006,27.068
swe,sex_m,age_ythadult_yge15,edu_aggregate_adv,2007,24.405
swe,sex_m,age_ythadult_yge15,edu_aggregate_adv,2008,23.767
swe,sex_m,age_ythadult_yge15,edu_aggregate_adv,2009,33.42
swe,sex_m,age_ythadult_yge15,edu_aggregate_adv,2010,35.043
swe,sex_m,age_ythadult_yge15,edu_aggregate_adv,2011,32.817
swe,sex_m,age_ythadult_yge15,edu_aggregate_adv,2012,35.793
swe,sex_m,age_ythadult_yge15,edu_aggregate_adv,2013,35.697
swe,sex_m,age_ythadult_yge15,edu_aggregate_adv,2014,40.465
swe,sex_m,age_ythadult_yge15,edu_aggregate_adv,2015,41.361
swe,sex_m,age_ythadult_yge15,edu_aggregate_adv,2016,42.679
swe,sex_m,age_ythadult_yge15,edu_aggregate_adv,2017,44.362
swe,sex_m,age_ythadult_yge15,edu_aggregate_adv,2018,42.659
swe,sex_m,age_ythadult_yge15,edu_aggregate_adv,2019,41.552
swe,sex_m,age_ythadult_yge15,edu_aggregate_adv,2020,52.73
swe,sex_m,age_ythadult_yge15,edu_aggregate_adv,2021,49.393
swe,sex_m,age_ythadult_yge15,edu_aggregate_adv,2022,36.934
swe,sex_m,age_ythadult_yge15,edu_aggregate_adv,2023,44.573
swe,sex_m,age_ythadult_yge15,edu_aggregate_bas,1987,19
swe,sex_m,age_ythadult_yge15,edu_aggregate_bas,1988,16
swe,sex_m,age_ythadult_yge15,edu_aggregate_bas,1989,13
swe,sex_m,age_ythadult_yge15,edu_aggregate_bas,1990,14
swe,sex_m,age_ythadult_yge15,edu_aggregate_bas,1991,27
swe,sex_m,age_ythadult_yge15,edu_aggregate_bas,1992,46
swe,sex_m,age_ythadult_yge15,edu_aggregate_bas,1993,69
swe,sex_m,age_ythadult_yge15,edu_aggregate_bas,1994,65
swe,sex_m,age_ythadult_yge15,edu_aggregate_bas,1995,74.897
swe,sex_m,age_ythadult_yge15,edu_aggregate_bas,1996,72.264
swe,sex_m,age_ythadult_yge15,edu_aggregate_bas,1997,82.802
swe,sex_m,age_ythadult_yge15,edu_aggregate_bas,1998,69.21
swe,sex_m,age_ythadult_yge15,edu_aggregate_bas,1999,60.021
swe,sex_m,age_ythadult_yge15,edu_aggregate_bas,2000,42.665
swe,sex_m,age_ythadult_yge15,edu_aggregate_bas,2001,39.239
swe,sex_m,age_ythadult_yge15,edu_aggregate_bas,2002,33.915
swe,sex_m,age_ythadult_yge15,edu_aggregate_bas,2003,37.733
swe,sex_m,age_ythadult_yge15,edu_aggregate_bas,2004,43.519
swe,sex_m,age_ythadult_yge15,edu_aggregate_bas,2005,57.025
swe,sex_m,age_ythadult_yge15,edu_aggregate_bas,2006,61.076
swe,sex_m,age_ythadult_yge15,edu_aggregate_bas,2007,55.408
swe,sex_m,age_ythadult_yge15,edu_aggregate_bas,2008,58.477
swe,sex_m,age_ythadult_yge15,edu_aggregate_bas,2009,75.007
swe,sex_m,age_ythadult_yge15,edu_aggregate_bas,2010,79.684
swe,sex_m,age_ythadult_yge15,edu_aggregate_bas,2011,76.854
swe,sex_m,age_ythadult_yge15,edu_aggregate_bas,2012,82.448
swe,sex_m,age_ythadult_yge15,edu_aggregate_bas,2013,83.535
swe,sex_m,age_ythadult_yge15,edu_aggregate_bas,2014,82.817
swe,sex_m,age_ythadult_yge15,edu_aggregate_bas,2015,77.222
swe,sex_m,age_ythadult_yge15,edu_aggregate_bas,2016,79.609
swe,sex_m,age_ythadult_yge15,edu_aggregate_bas,2017,78.301
swe,sex_m,age_ythadult_yge15,edu_aggregate_bas,2018,79.832
swe,sex_m,age_ythadult_yge15,edu_aggregate_bas,2019,83.774
swe,sex_m,age_ythadult_yge15,edu_aggregate_bas,2020,103.728
swe,sex_m,age_ythadult_yge15,edu_aggregate_bas,2021,110.591
swe,sex_m,age_ythadult_yge15,edu_aggregate_bas,2022,101.443
swe,sex_m,age_ythadult_yge15,edu_aggregate_bas,2023,98.58
swe,sex_m,age_ythadult_yge15,edu_aggregate_int,1987,23
swe,sex_m,age_ythadult_yge15,edu_aggregate_int,1988,18
swe,sex_m,age_ythadult_yge15,edu_aggregate_int,1989,15
swe,sex_m,age_ythadult_yge15,edu_aggregate_int,1990,19
swe,sex_m,age_ythadult_yge15,edu_aggregate_int,1991,42
swe,sex_m,age_ythadult_yge15,edu_aggregate_int,1992,79
swe,sex_m,age_ythadult_yge15,edu_aggregate_int,1993,122
swe,sex_m,age_ythadult_yge15,edu_aggregate_int,1994,113
swe,sex_m,age_ythadult_yge15,edu_aggregate_int,1995,128.763
swe,sex_m,age_ythadult_yge15,edu_aggregate_int,1996,134.64
swe,sex_m,age_ythadult_yge15,edu_aggregate_int,1997,134.718
swe,sex_m,age_ythadult_yge15,edu_aggregate_int,1998,120.855
swe,sex_m,age_ythadult_yge15,edu_aggregate_int,1999,100.08
swe,sex_m,age_ythadult_yge15,edu_aggregate_int,2000,67.004
swe,sex_m,age_ythadult_yge15,edu_aggregate_int,2001,63.735
swe,sex_m,age_ythadult_yge15,edu_aggregate_int,2002,70.3
swe,sex_m,age_ythadult_yge15,edu_aggregate_int,2003,78.898
swe,sex_m,age_ythadult_yge15,edu_aggregate_int,2004,96.4
swe,sex_m,age_ythadult_yge15,edu_aggregate_int,2005,102.173
swe,sex_m,age_ythadult_yge15,edu_aggregate_int,2006,81.31
swe,sex_m,age_ythadult_yge15,edu_aggregate_int,2007,66.431
swe,sex_m,age_ythadult_yge15,edu_aggregate_int,2008,68.386
swe,sex_m,age_ythadult_yge15,edu_aggregate_int,2009,113.074
swe,sex_m,age_ythadult_yge15,edu_aggregate_int,2010,110.582
swe,sex_m,age_ythadult_yge15,edu_aggregate_int,2011,95.125
swe,sex_m,age_ythadult_yge15,edu_aggregate_int,2012,98.027
swe,sex_m,age_ythadult_yge15,edu_aggregate_int,2013,99.7
swe,sex_m,age_ythadult_yge15,edu_aggregate_int,2014,99.369
swe,sex_m,age_ythadult_yge15,edu_aggregate_int,2015,87.373
swe,sex_m,age_ythadult_yge15,edu_aggregate_int,2016,80.22
swe,sex_m,age_ythadult_yge15,edu_aggregate_int,2017,73.138
swe,sex_m,age_ythadult_yge15,edu_aggregate_int,2018,60.996
swe,sex_m,age_ythadult_yge15,edu_aggregate_int,2019,67.324
swe,sex_m,age_ythadult_yge15,edu_aggregate_int,2020,83.465
swe,sex_m,age_ythadult_yge15,edu_aggregate_int,2021,88.757
swe,sex_m,age_ythadult_yge15,edu_aggregate_int,2022,70.338
swe,sex_m,age_ythadult_yge15,edu_aggregate_int,2023,77.485
swe,sex_m,age_ythadult_yge15,edu_aggregate_total,1987,48
swe,sex_m,age_ythadult_yge15,edu_aggregate_total,1988,40
swe,sex_m,age_ythadult_yge15,edu_aggregate_total,1989,34
swe,sex_m,age_ythadult_yge15,edu_aggregate_total,1990,40
swe,sex_m,age_ythadult_yge15,edu_aggregate_total,1991,78
swe,sex_m,age_ythadult_yge15,edu_aggregate_total,1992,144
swe,sex_m,age_ythadult_yge15,edu_aggregate_total,1993,218
swe,sex_m,age_ythadult_yge15,edu_aggregate_total,1994,202
swe,sex_m,age_ythadult_yge15,edu_aggregate_total,1995,228.828
swe,sex_m,age_ythadult_yge15,edu_aggregate_total,1996,240.353
swe,sex_m,age_ythadult_yge15,edu_aggregate_total,1997,252.149
swe,sex_m,age_ythadult_yge15,edu_aggregate_total,1998,225.349
swe,sex_m,age_ythadult_yge15,edu_aggregate_total,1999,191.688
swe,sex_m,age_ythadult_yge15,edu_aggregate_total,2000,134.55
swe,sex_m,age_ythadult_yge15,edu_aggregate_total,2001,120.135
swe,sex_m,age_ythadult_yge15,edu_aggregate_total,2002,126.282
swe,sex_m,age_ythadult_yge15,edu_aggregate_total,2003,145.732
swe,sex_m,age_ythadult_yge15,edu_aggregate_total,2004,173.271
swe,sex_m,age_ythadult_yge15,edu_aggregate_total,2005,195.191
swe,sex_m,age_ythadult_yge15,edu_aggregate_total,2006,172.616
swe,sex_m,age_ythadult_yge15,edu_aggregate_total,2007,149.455
swe,sex_m,age_ythadult_yge15,edu_aggregate_total,2008,152.848
swe,sex_m,age_ythadult_yge15,edu_aggregate_total,2009,223.577
swe,sex_m,age_ythadult_yge15,edu_aggregate_total,2010,227.752
swe,sex_m,age_ythadult_yge15,edu_aggregate_total,2011,207.445
swe,sex_m,age_ythadult_yge15,edu_aggregate_total,2012,218.58
swe,sex_m,age_ythadult_yge15,edu_aggregate_total,2013,220.427
swe,sex_m,age_ythadult_yge15,edu_aggregate_total,2014,223.171
swe,sex_m,age_ythadult_yge15,edu_aggregate_total,2015,206.917
swe,sex_m,age_ythadult_yge15,edu_aggregate_total,2016,203.44
swe,sex_m,age_ythadult_yge15,edu_aggregate_total,2017,196.954
swe,sex_m,age_ythadult_yge15,edu_aggregate_total,2018,184.922
swe,sex_m,age_ythadult_yge15,edu_aggregate_total,2019,194.054
swe,sex_m,age_ythadult_yge15,edu_aggregate_total,2020,242.033
swe,sex_m,age_ythadult_yge15,edu_aggregate_total,2021,252.094
swe,sex_m,age_ythadult_yge15,edu_aggregate_total,2022,209.895
swe,sex_m,age_ythadult_yge15,edu_aggregate_total,2023,224.631
swe,sex_m,age_ythadult_yge15,edu_aggregate_x,1996,4.395
swe,sex_m,age_ythadult_yge15,edu_aggregate_x,1997,5.974
swe,sex_m,age_ythadult_yge15,edu_aggregate_x,1998,4.797
swe,sex_m,age_ythadult_yge15,edu_aggregate_x,1999,1.738
swe,sex_m,age_ythadult_yge15,edu_aggregate_x,2000,2.17
swe,sex_m,age_ythadult_yge15,edu_aggregate_x,2001,4.721
swe,sex_m,age_ythadult_yge15,edu_aggregate_x,2002,4.962
swe,sex_m,age_ythadult_yge15,edu_aggregate_x,2003,3.862
swe,sex_m,age_ythadult_yge15,edu_aggregate_x,2004,7.54
swe,sex_m,age_ythadult_yge15,edu_aggregate_x,2005,6.055
swe,sex_m,age_ythadult_yge15,edu_aggregate_x,2006,3.162
swe,sex_m,age_ythadult_yge15,edu_aggregate_x,2007,3.211
swe,sex_m,age_ythadult_yge15,edu_aggregate_x,2008,2.219
swe,sex_m,age_ythadult_yge15,edu_aggregate_x,2009,2.076
swe,sex_m,age_ythadult_yge15,edu_aggregate_x,2010,2.442
swe,sex_m,age_ythadult_yge15,edu_aggregate_x,2011,2.649
swe,sex_m,age_ythadult_yge15,edu_aggregate_x,2012,2.312
swe,sex_m,age_ythadult_yge15,edu_aggregate_x,2013,1.496
swe,sex_m,age_ythadult_yge15,edu_aggregate_x,2014,0.52
swe,sex_m,age_ythadult_yge15,edu_aggregate_x,2015,0.961
swe,sex_m,age_ythadult_yge15,edu_aggregate_x,2016,0.931
swe,sex_m,age_ythadult_yge15,edu_aggregate_x,2017,1.154
swe,sex_m,age_ythadult_yge15,edu_aggregate_x,2018,1.434
swe,sex_m,age_ythadult_yge15,edu_aggregate_x,2019,1.403
swe,sex_m,age_ythadult_yge15,edu_aggregate_x,2020,2.109
swe,sex_m,age_ythadult_yge15,edu_aggregate_x,2021,3.352
swe,sex_m,age_ythadult_yge15,edu_aggregate_x,2022,1.18
swe,sex_m,age_ythadult_yge15,edu_aggregate_x,2023,3.992
swe,sex_m,age_ythadult_yge15,edu_isced11_1,2006,10.208
swe,sex_m,age_ythadult_yge15,edu_isced11_1,2007,9.331
swe,sex_m,age_ythadult_yge15,edu_isced11_1,2008,11.563
swe,sex_m,age_ythadult_yge15,edu_isced11_1,2009,13.729
swe,sex_m,age_ythadult_yge15,edu_isced11_1,2010,15.013
swe,sex_m,age_ythadult_yge15,edu_isced11_1,2011,14.771
swe,sex_m,age_ythadult_yge15,edu_isced11_1,2012,14.559
swe,sex_m,age_ythadult_yge15,edu_isced11_1,2013,16.299
swe,sex_m,age_ythadult_yge15,edu_isced11_1,2014,17.935
swe,sex_m,age_ythadult_yge15,edu_isced11_1,2015,19.923
swe,sex_m,age_ythadult_yge15,edu_isced11_1,2016,20.898
swe,sex_m,age_ythadult_yge15,edu_isced11_1,2017,20.324
swe,sex_m,age_ythadult_yge15,edu_isced11_1,2018,19.982
swe,sex_m,age_ythadult_yge15,edu_isced11_1,2019,21.973
swe,sex_m,age_ythadult_yge15,edu_isced11_1,2020,29.57
swe,sex_m,age_ythadult_yge15,edu_isced11_1,2021,32.64
swe,sex_m,age_ythadult_yge15,edu_isced11_1,2022,31.718
swe,sex_m,age_ythadult_yge15,edu_isced11_1,2023,26.163
swe,sex_m,age_ythadult_yge15,edu_isced11_2,2006,50.869
swe,sex_m,age_ythadult_yge15,edu_isced11_2,2007,46.077
swe,sex_m,age_ythadult_yge15,edu_isced11_2,2008,46.914
swe,sex_m,age_ythadult_yge15,edu_isced11_2,2009,61.279
swe,sex_m,age_ythadult_yge15,edu_isced11_2,2010,64.671
swe,sex_m,age_ythadult_yge15,edu_isced11_2,2011,62.083
swe,sex_m,age_ythadult_yge15,edu_isced11_2,2012,67.889
swe,sex_m,age_ythadult_yge15,edu_isced11_2,2013,67.236
swe,sex_m,age_ythadult_yge15,edu_isced11_2,2014,64.882
swe,sex_m,age_ythadult_yge15,edu_isced11_2,2015,57.299
swe,sex_m,age_ythadult_yge15,edu_isced11_2,2016,58.711
swe,sex_m,age_ythadult_yge15,edu_isced11_2,2017,57.977
swe,sex_m,age_ythadult_yge15,edu_isced11_2,2018,59.85
swe,sex_m,age_ythadult_yge15,edu_isced11_2,2019,61.802
swe,sex_m,age_ythadult_yge15,edu_isced11_2,2020,74.158
swe,sex_m,age_ythadult_yge15,edu_isced11_2,2021,77.952
swe,sex_m,age_ythadult_yge15,edu_isced11_2,2022,69.725
swe,sex_m,age_ythadult_yge15,edu_isced11_2,2023,72.418
swe,sex_m,age_ythadult_yge15,edu_isced11_3,2006,71.564
swe,sex_m,age_ythadult_yge15,edu_isced11_3,2007,56.485
swe,sex_m,age_ythadult_yge15,edu_isced11_3,2008,58.028
swe,sex_m,age_ythadult_yge15,edu_isced11_3,2009,100.762
swe,sex_m,age_ythadult_yge15,edu_isced11_3,2010,97.633
swe,sex_m,age_ythadult_yge15,edu_isced11_3,2011,81.336
swe,sex_m,age_ythadult_yge15,edu_isced11_3,2012,81.358
swe,sex_m,age_ythadult_yge15,edu_isced11_3,2013,84.018
swe,sex_m,age_ythadult_yge15,edu_isced11_3,2014,83.643
swe,sex_m,age_ythadult_yge15,edu_isced11_3,2015,72.474
swe,sex_m,age_ythadult_yge15,edu_isced11_3,2016,64.7
swe,sex_m,age_ythadult_yge15,edu_isced11_3,2017,60.234
swe,sex_m,age_ythadult_yge15,edu_isced11_3,2018,48.385
swe,sex_m,age_ythadult_yge15,edu_isced11_3,2019,54.563
swe,sex_m,age_ythadult_yge15,edu_isced11_3,2020,66.928
swe,sex_m,age_ythadult_yge15,edu_isced11_3,2021,69.799
swe,sex_m,age_ythadult_yge15,edu_isced11_3,2022,57.433
swe,sex_m,age_ythadult_yge15,edu_isced11_3,2023,60.78
swe,sex_m,age_ythadult_yge15,edu_isced11_4,2006,9.746
swe,sex_m,age_ythadult_yge15,edu_isced11_4,2007,9.946
swe,sex_m,age_ythadult_yge15,edu_isced11_4,2008,10.358
swe,sex_m,age_ythadult_yge15,edu_isced11_4,2009,12.312
swe,sex_m,age_ythadult_yge15,edu_isced11_4,2010,12.95
swe,sex_m,age_ythadult_yge15,edu_isced11_4,2011,13.789
swe,sex_m,age_ythadult_yge15,edu_isced11_4,2012,16.669
swe,sex_m,age_ythadult_yge15,edu_isced11_4,2013,15.682
swe,sex_m,age_ythadult_yge15,edu_isced11_4,2014,15.726
swe,sex_m,age_ythadult_yge15,edu_isced11_4,2015,14.899
swe,sex_m,age_ythadult_yge15,edu_isced11_4,2016,15.521
swe,sex_m,age_ythadult_yge15,edu_isced11_4,2017,12.904
swe,sex_m,age_ythadult_yge15,edu_isced11_4,2018,12.611
swe,sex_m,age_ythadult_yge15,edu_isced11_4,2019,12.761
swe,sex_m,age_ythadult_yge15,edu_isced11_4,2020,16.538
swe,sex_m,age_ythadult_yge15,edu_isced11_4,2021,18.959
swe,sex_m,age_ythadult_yge15,edu_isced11_4,2022,12.905
swe,sex_m,age_ythadult_yge15,edu_isced11_4,2023,16.705
swe,sex_m,age_ythadult_yge15,edu_isced11_5,2006,27.068
swe,sex_m,age_ythadult_yge15,edu_isced11_5,2007,24.405
swe,sex_m,age_ythadult_yge15,edu_isced11_5,2008,23.767
swe,sex_m,age_ythadult_yge15,edu_isced11_5,2009,33.42
swe,sex_m,age_ythadult_yge15,edu_isced11_5,2010,35.043
swe,sex_m,age_ythadult_yge15,edu_isced11_5,2011,32.817
swe,sex_m,age_ythadult_yge15,edu_isced11_5,2012,35.793
swe,sex_m,age_ythadult_yge15,edu_isced11_5,2013,35.697
swe,sex_m,age_ythadult_yge15,edu_isced11_5,2014,14.184
swe,sex_m,age_ythadult_yge15,edu_isced11_5,2015,14.712
swe,sex_m,age_ythadult_yge15,edu_isced11_5,2016,15.835
swe,sex_m,age_ythadult_yge15,edu_isced11_5,2017,16.099
swe,sex_m,age_ythadult_yge15,edu_isced11_5,2018,14.746
swe,sex_m,age_ythadult_yge15,edu_isced11_5,2019,16.664
swe,sex_m,age_ythadult_yge15,edu_isced11_5,2020,20.609
swe,sex_m,age_ythadult_yge15,edu_isced11_5,2021,19.281
swe,sex_m,age_ythadult_yge15,edu_isced11_5,2022,12.096
swe,sex_m,age_ythadult_yge15,edu_isced11_5,2023,14.357
swe,sex_m,age_ythadult_yge15,edu_isced11_6,2014,15.045
swe,sex_m,age_ythadult_yge15,edu_isced11_6,2015,14.401
swe,sex_m,age_ythadult_yge15,edu_isced11_6,2016,15.402
swe,sex_m,age_ythadult_yge15,edu_isced11_6,2017,15.571
swe,sex_m,age_ythadult_yge15,edu_isced11_6,2018,15.011
swe,sex_m,age_ythadult_yge15,edu_isced11_6,2019,14.915
swe,sex_m,age_ythadult_yge15,edu_isced11_6,2020,20.887
swe,sex_m,age_ythadult_yge15,edu_isced11_6,2021,20.898
swe,sex_m,age_ythadult_yge15,edu_isced11_6,2022,14.343
swe,sex_m,age_ythadult_yge15,edu_isced11_6,2023,17.909
swe,sex_m,age_ythadult_yge15,edu_isced11_7,2014,10.04
swe,sex_m,age_ythadult_yge15,edu_isced11_7,2015,10.709
swe,sex_m,age_ythadult_yge15,edu_isced11_7,2016,9.932
swe,sex_m,age_ythadult_yge15,edu_isced11_7,2017,10.525
swe,sex_m,age_ythadult_yge15,edu_isced11_7,2018,10.311
swe,sex_m,age_ythadult_yge15,edu_isced11_7,2019,8.061
swe,sex_m,age_ythadult_yge15,edu_isced11_7,2020,8.672
swe,sex_m,age_ythadult_yge15,edu_isced11_7,2021,8.42
swe,sex_m,age_ythadult_yge15,edu_isced11_7,2022,9.527
swe,sex_m,age_ythadult_yge15,edu_isced11_7,2023,11.184
swe,sex_m,age_ythadult_yge15,edu_isced11_8,2014,1.197
swe,sex_m,age_ythadult_yge15,edu_isced11_8,2015,1.539
swe,sex_m,age_ythadult_yge15,edu_isced11_8,2016,1.511
swe,sex_m,age_ythadult_yge15,edu_isced11_8,2017,2.166
swe,sex_m,age_ythadult_yge15,edu_isced11_8,2018,2.591
swe,sex_m,age_ythadult_yge15,edu_isced11_8,2019,1.911
swe,sex_m,age_ythadult_yge15,edu_isced11_8,2020,2.562
swe,sex_m,age_ythadult_yge15,edu_isced11_8,2021,0.795
swe,sex_m,age_ythadult_yge15,edu_isced11_8,2022,0.968
swe,sex_m,age_ythadult_yge15,edu_isced11_8,2023,1.123
swe,sex_m,age_ythadult_yge15,edu_isced11_9,2006,3.162
swe,sex_m,age_ythadult_yge15,edu_isced11_9,2007,3.211
swe,sex_m,age_ythadult_yge15,edu_isced11_9,2008,2.219
swe,sex_m,age_ythadult_yge15,edu_isced11_9,2009,2.076
swe,sex_m,age_ythadult_yge15,edu_isced11_9,2010,2.442
swe,sex_m,age_ythadult_yge15,edu_isced11_9,2011,2.649
swe,sex_m,age_ythadult_yge15,edu_isced11_9,2012,2.312
swe,sex_m,age_ythadult_yge15,edu_isced11_9,2013,1.496
swe,sex_m,age_ythadult_yge15,edu_isced11_9,2014,0.52
swe,sex_m,age_ythadult_yge15,edu_isced11_9,2015,0.961
swe,sex_m,age_ythadult_yge15,edu_isced11_9,2016,0.931
swe,sex_m,age_ythadult_yge15,edu_isced11_9,2017,1.154
swe,sex_m,age_ythadult_yge15,edu_isced11_9,2018,1.434
swe,sex_m,age_ythadult_yge15,edu_isced11_9,2019,1.403
swe,sex_m,age_ythadult_yge15,edu_isced11_9,2020,2.109
swe,sex_m,age_ythadult_yge15,edu_isced11_9,2021,3.352
swe,sex_m,age_ythadult_yge15,edu_isced11_9,2022,1.18
swe,sex_m,age_ythadult_yge15,edu_isced11_9,2023,3.992
swe,sex_m,age_ythadult_yge15,edu_isced11_total,2006,172.616
swe,sex_m,age_ythadult_yge15,edu_isced11_total,2007,149.455
swe,sex_m,age_ythadult_yge15,edu_isced11_total,2008,152.848
swe,sex_m,age_ythadult_yge15,edu_isced11_total,2009,223.577
swe,sex_m,age_ythadult_yge15,edu_isced11_total,2010,227.752
swe,sex_m,age_ythadult_yge15,edu_isced11_total,2011,207.445
swe,sex_m,age_ythadult_yge15,edu_isced11_total,2012,218.58
swe,sex_m,age_ythadult_yge15,edu_isced11_total,2013,220.427
swe,sex_m,age_ythadult_yge15,edu_isced11_total,2014,223.171
swe,sex_m,age_ythadult_yge15,edu_isced11_total,2015,206.917
swe,sex_m,age_ythadult_yge15,edu_isced11_total,2016,203.44
swe,sex_m,age_ythadult_yge15,edu_isced11_total,2017,196.954
swe,sex_m,age_ythadult_yge15,edu_isced11_total,2018,184.922
swe,sex_m,age_ythadult_yge15,edu_isced11_total,2019,194.054
swe,sex_m,age_ythadult_yge15,edu_isced11_total,2020,242.033
swe,sex_m,age_ythadult_yge15,edu_isced11_total,2021,252.094
swe,sex_m,age_ythadult_yge15,edu_isced11_total,2022,209.895
swe,sex_m,age_ythadult_yge15,edu_isced11_total,2023,224.631
swe,sex_m,age_ythadult_yge25,edu_aggregate_adv,1995,23.119
swe,sex_m,age_ythadult_yge25,edu_aggregate_adv,1996,25.635
swe,sex_m,age_ythadult_yge25,edu_aggregate_adv,1997,26.394
swe,sex_m,age_ythadult_yge25,edu_aggregate_adv,1998,29.77
swe,sex_m,age_ythadult_yge25,edu_aggregate_adv,1999,29.162
swe,sex_m,age_ythadult_yge25,edu_aggregate_adv,2000,22.01
swe,sex_m,age_ythadult_yge25,edu_aggregate_adv,2001,12.093
swe,sex_m,age_ythadult_yge25,edu_aggregate_adv,2002,16.088
swe,sex_m,age_ythadult_yge25,edu_aggregate_adv,2003,24.59
swe,sex_m,age_ythadult_yge25,edu_aggregate_adv,2004,23.415
swe,sex_m,age_ythadult_yge25,edu_aggregate_adv,2005,27.6
swe,sex_m,age_ythadult_yge25,edu_aggregate_adv,2006,25.038
swe,sex_m,age_ythadult_yge25,edu_aggregate_adv,2007,22.465
swe,sex_m,age_ythadult_yge25,edu_aggregate_adv,2008,21.128
swe,sex_m,age_ythadult_yge25,edu_aggregate_adv,2009,30.596
swe,sex_m,age_ythadult_yge25,edu_aggregate_adv,2010,31.63
swe,sex_m,age_ythadult_yge25,edu_aggregate_adv,2011,29.441
swe,sex_m,age_ythadult_yge25,edu_aggregate_adv,2012,31.567
swe,sex_m,age_ythadult_yge25,edu_aggregate_adv,2013,31.103
swe,sex_m,age_ythadult_yge25,edu_aggregate_adv,2014,35.659
swe,sex_m,age_ythadult_yge25,edu_aggregate_adv,2015,37.472
swe,sex_m,age_ythadult_yge25,edu_aggregate_adv,2016,38.652
swe,sex_m,age_ythadult_yge25,edu_aggregate_adv,2017,40.752
swe,sex_m,age_ythadult_yge25,edu_aggregate_adv,2018,39.337
swe,sex_m,age_ythadult_yge25,edu_aggregate_adv,2019,37.982
swe,sex_m,age_ythadult_yge25,edu_aggregate_adv,2020,48.425
swe,sex_m,age_ythadult_yge25,edu_aggregate_adv,2021,46.352
swe,sex_m,age_ythadult_yge25,edu_aggregate_adv,2022,35.388
swe,sex_m,age_ythadult_yge25,edu_aggregate_adv,2023,40.774
swe,sex_m,age_ythadult_yge25,edu_aggregate_bas,1995,62.994
swe,sex_m,age_ythadult_yge25,edu_aggregate_bas,1996,57.719
swe,sex_m,age_ythadult_yge25,edu_aggregate_bas,1997,66.09
swe,sex_m,age_ythadult_yge25,edu_aggregate_bas,1998,57.022
swe,sex_m,age_ythadult_yge25,edu_aggregate_bas,1999,44.74
swe,sex_m,age_ythadult_yge25,edu_aggregate_bas,2000,35.46
swe,sex_m,age_ythadult_yge25,edu_aggregate_bas,2001,20.876
swe,sex_m,age_ythadult_yge25,edu_aggregate_bas,2002,19.008
swe,sex_m,age_ythadult_yge25,edu_aggregate_bas,2003,17.718
swe,sex_m,age_ythadult_yge25,edu_aggregate_bas,2004,22.042
swe,sex_m,age_ythadult_yge25,edu_aggregate_bas,2005,27.269
swe,sex_m,age_ythadult_yge25,edu_aggregate_bas,2006,30.558
swe,sex_m,age_ythadult_yge25,edu_aggregate_bas,2007,25.478
swe,sex_m,age_ythadult_yge25,edu_aggregate_bas,2008,25.77
swe,sex_m,age_ythadult_yge25,edu_aggregate_bas,2009,40.94
swe,sex_m,age_ythadult_yge25,edu_aggregate_bas,2010,42.262
swe,sex_m,age_ythadult_yge25,edu_aggregate_bas,2011,42.553
swe,sex_m,age_ythadult_yge25,edu_aggregate_bas,2012,46.085
swe,sex_m,age_ythadult_yge25,edu_aggregate_bas,2013,45.539
swe,sex_m,age_ythadult_yge25,edu_aggregate_bas,2014,45.175
swe,sex_m,age_ythadult_yge25,edu_aggregate_bas,2015,43.447
swe,sex_m,age_ythadult_yge25,edu_aggregate_bas,2016,44.778
swe,sex_m,age_ythadult_yge25,edu_aggregate_bas,2017,45.87
swe,sex_m,age_ythadult_yge25,edu_aggregate_bas,2018,45.529
swe,sex_m,age_ythadult_yge25,edu_aggregate_bas,2019,44.153
swe,sex_m,age_ythadult_yge25,edu_aggregate_bas,2020,59.555
swe,sex_m,age_ythadult_yge25,edu_aggregate_bas,2021,59.112
swe,sex_m,age_ythadult_yge25,edu_aggregate_bas,2022,49.817
swe,sex_m,age_ythadult_yge25,edu_aggregate_bas,2023,48.788
swe,sex_m,age_ythadult_yge25,edu_aggregate_int,1995,90.399
swe,sex_m,age_ythadult_yge25,edu_aggregate_int,1996,99.844
swe,sex_m,age_ythadult_yge25,edu_aggregate_int,1997,102.823
swe,sex_m,age_ythadult_yge25,edu_aggregate_int,1998,95.163
swe,sex_m,age_ythadult_yge25,edu_aggregate_int,1999,79.065
swe,sex_m,age_ythadult_yge25,edu_aggregate_int,2000,53.735
swe,sex_m,age_ythadult_yge25,edu_aggregate_int,2001,51.767
swe,sex_m,age_ythadult_yge25,edu_aggregate_int,2002,54.24
swe,sex_m,age_ythadult_yge25,edu_aggregate_int,2003,60.589
swe,sex_m,age_ythadult_yge25,edu_aggregate_int,2004,73.242
swe,sex_m,age_ythadult_yge25,edu_aggregate_int,2005,75.091
swe,sex_m,age_ythadult_yge25,edu_aggregate_int,2006,53.105
swe,sex_m,age_ythadult_yge25,edu_aggregate_int,2007,42.087
swe,sex_m,age_ythadult_yge25,edu_aggregate_int,2008,41.044
swe,sex_m,age_ythadult_yge25,edu_aggregate_int,2009,66.431
swe,sex_m,age_ythadult_yge25,edu_aggregate_int,2010,66.398
swe,sex_m,age_ythadult_yge25,edu_aggregate_int,2011,54.416
swe,sex_m,age_ythadult_yge25,edu_aggregate_int,2012,57.088
swe,sex_m,age_ythadult_yge25,edu_aggregate_int,2013,58.746
swe,sex_m,age_ythadult_yge25,edu_aggregate_int,2014,59.475
swe,sex_m,age_ythadult_yge25,edu_aggregate_int,2015,55.015
swe,sex_m,age_ythadult_yge25,edu_aggregate_int,2016,52.214
swe,sex_m,age_ythadult_yge25,edu_aggregate_int,2017,47.987
swe,sex_m,age_ythadult_yge25,edu_aggregate_int,2018,40.262
swe,sex_m,age_ythadult_yge25,edu_aggregate_int,2019,44.209
swe,sex_m,age_ythadult_yge25,edu_aggregate_int,2020,54.548
swe,sex_m,age_ythadult_yge25,edu_aggregate_int,2021,64.757
swe,sex_m,age_ythadult_yge25,edu_aggregate_int,2022,54.105
swe,sex_m,age_ythadult_yge25,edu_aggregate_int,2023,53.332
swe,sex_m,age_ythadult_yge25,edu_aggregate_total,1995,176.818
swe,sex_m,age_ythadult_yge25,edu_aggregate_total,1996,186.238
swe,sex_m,age_ythadult_yge25,edu_aggregate_total,1997,199.887
swe,sex_m,age_ythadult_yge25,edu_aggregate_total,1998,183.862
swe,sex_m,age_ythadult_yge25,edu_aggregate_total,1999,153.227
swe,sex_m,age_ythadult_yge25,edu_aggregate_total,2000,111.425
swe,sex_m,age_ythadult_yge25,edu_aggregate_total,2001,85.303
swe,sex_m,age_ythadult_yge25,edu_aggregate_total,2002,90.299
swe,sex_m,age_ythadult_yge25,edu_aggregate_total,2003,103.513
swe,sex_m,age_ythadult_yge25,edu_aggregate_total,2004,119.716
swe,sex_m,age_ythadult_yge25,edu_aggregate_total,2005,130.542
swe,sex_m,age_ythadult_yge25,edu_aggregate_total,2006,110.724
swe,sex_m,age_ythadult_yge25,edu_aggregate_total,2007,91.069
swe,sex_m,age_ythadult_yge25,edu_aggregate_total,2008,88.917
swe,sex_m,age_ythadult_yge25,edu_aggregate_total,2009,139.277
swe,sex_m,age_ythadult_yge25,edu_aggregate_total,2010,142.205
swe,sex_m,age_ythadult_yge25,edu_aggregate_total,2011,128.183
swe,sex_m,age_ythadult_yge25,edu_aggregate_total,2012,136.186
swe,sex_m,age_ythadult_yge25,edu_aggregate_total,2013,136.533
swe,sex_m,age_ythadult_yge25,edu_aggregate_total,2014,140.492
swe,sex_m,age_ythadult_yge25,edu_aggregate_total,2015,136.744
swe,sex_m,age_ythadult_yge25,edu_aggregate_total,2016,136.063
swe,sex_m,age_ythadult_yge25,edu_aggregate_total,2017,135.339
swe,sex_m,age_ythadult_yge25,edu_aggregate_total,2018,125.735
swe,sex_m,age_ythadult_yge25,edu_aggregate_total,2019,126.91
swe,sex_m,age_ythadult_yge25,edu_aggregate_total,2020,162.895
swe,sex_m,age_ythadult_yge25,edu_aggregate_total,2021,170.79
swe,sex_m,age_ythadult_yge25,edu_aggregate_total,2022,139.724
swe,sex_m,age_ythadult_yge25,edu_aggregate_total,2023,144.206
swe,sex_m,age_ythadult_yge25,edu_aggregate_x,1996,3.04
swe,sex_m,age_ythadult_yge25,edu_aggregate_x,1997,4.58
swe,sex_m,age_ythadult_yge25,edu_aggregate_x,1998,1.906
swe,sex_m,age_ythadult_yge25,edu_aggregate_x,2002,0.962
swe,sex_m,age_ythadult_yge25,edu_aggregate_x,2003,0.616
swe,sex_m,age_ythadult_yge25,edu_aggregate_x,2004,1.017
swe,sex_m,age_ythadult_yge25,edu_aggregate_x,2005,0.582
swe,sex_m,age_ythadult_yge25,edu_aggregate_x,2006,2.023
swe,sex_m,age_ythadult_yge25,edu_aggregate_x,2007,1.04
swe,sex_m,age_ythadult_yge25,edu_aggregate_x,2008,0.975
swe,sex_m,age_ythadult_yge25,edu_aggregate_x,2009,1.31
swe,sex_m,age_ythadult_yge25,edu_aggregate_x,2010,1.915
swe,sex_m,age_ythadult_yge25,edu_aggregate_x,2011,1.773
swe,sex_m,age_ythadult_yge25,edu_aggregate_x,2012,1.447
swe,sex_m,age_ythadult_yge25,edu_aggregate_x,2013,1.145
swe,sex_m,age_ythadult_yge25,edu_aggregate_x,2015,0.81
swe,sex_m,age_ythadult_yge25,edu_aggregate_x,2016,0.418
swe,sex_m,age_ythadult_yge25,edu_aggregate_x,2017,0.73
swe,sex_m,age_ythadult_yge25,edu_aggregate_x,2018,0.607
swe,sex_m,age_ythadult_yge25,edu_aggregate_x,2019,0.567
swe,sex_m,age_ythadult_yge25,edu_aggregate_x,2020,0.367
swe,sex_m,age_ythadult_yge25,edu_aggregate_x,2021,0.569
swe,sex_m,age_ythadult_yge25,edu_aggregate_x,2023,1.312
swe,sex_m,age_ythadult_yge25,edu_isced11_1,2006,8.438
swe,sex_m,age_ythadult_yge25,edu_isced11_1,2007,6.637
swe,sex_m,age_ythadult_yge25,edu_isced11_1,2008,6.595
swe,sex_m,age_ythadult_yge25,edu_isced11_1,2009,11.288
swe,sex_m,age_ythadult_yge25,edu_isced11_1,2010,11.369
swe,sex_m,age_ythadult_yge25,edu_isced11_1,2011,11.38
swe,sex_m,age_ythadult_yge25,edu_isced11_1,2012,10.892
swe,sex_m,age_ythadult_yge25,edu_isced11_1,2013,11.808
swe,sex_m,age_ythadult_yge25,edu_isced11_1,2014,11.639
swe,sex_m,age_ythadult_yge25,edu_isced11_1,2015,13.677
swe,sex_m,age_ythadult_yge25,edu_isced11_1,2016,14.395
swe,sex_m,age_ythadult_yge25,edu_isced11_1,2017,13.318
swe,sex_m,age_ythadult_yge25,edu_isced11_1,2018,14.451
swe,sex_m,age_ythadult_yge25,edu_isced11_1,2019,14.017
swe,sex_m,age_ythadult_yge25,edu_isced11_1,2020,19.892
swe,sex_m,age_ythadult_yge25,edu_isced11_1,2021,21.829
swe,sex_m,age_ythadult_yge25,edu_isced11_1,2022,18.415
swe,sex_m,age_ythadult_yge25,edu_isced11_1,2023,17.424
swe,sex_m,age_ythadult_yge25,edu_isced11_2,2006,22.119
swe,sex_m,age_ythadult_yge25,edu_isced11_2,2007,18.84
swe,sex_m,age_ythadult_yge25,edu_isced11_2,2008,19.174
swe,sex_m,age_ythadult_yge25,edu_isced11_2,2009,29.652
swe,sex_m,age_ythadult_yge25,edu_isced11_2,2010,30.893
swe,sex_m,age_ythadult_yge25,edu_isced11_2,2011,31.172
swe,sex_m,age_ythadult_yge25,edu_isced11_2,2012,35.193
swe,sex_m,age_ythadult_yge25,edu_isced11_2,2013,33.731
swe,sex_m,age_ythadult_yge25,edu_isced11_2,2014,33.536
swe,sex_m,age_ythadult_yge25,edu_isced11_2,2015,29.771
swe,sex_m,age_ythadult_yge25,edu_isced11_2,2016,30.383
swe,sex_m,age_ythadult_yge25,edu_isced11_2,2017,32.552
swe,sex_m,age_ythadult_yge25,edu_isced11_2,2018,31.078
swe,sex_m,age_ythadult_yge25,edu_isced11_2,2019,30.136
swe,sex_m,age_ythadult_yge25,edu_isced11_2,2020,39.663
swe,sex_m,age_ythadult_yge25,edu_isced11_2,2021,37.284
swe,sex_m,age_ythadult_yge25,edu_isced11_2,2022,31.402
swe,sex_m,age_ythadult_yge25,edu_isced11_2,2023,31.365
swe,sex_m,age_ythadult_yge25,edu_isced11_3,2006,45.664
swe,sex_m,age_ythadult_yge25,edu_isced11_3,2007,35.154
swe,sex_m,age_ythadult_yge25,edu_isced11_3,2008,33.485
swe,sex_m,age_ythadult_yge25,edu_isced11_3,2009,58.112
swe,sex_m,age_ythadult_yge25,edu_isced11_3,2010,57.51
swe,sex_m,age_ythadult_yge25,edu_isced11_3,2011,44.847
swe,sex_m,age_ythadult_yge25,edu_isced11_3,2012,45.866
swe,sex_m,age_ythadult_yge25,edu_isced11_3,2013,48.322
swe,sex_m,age_ythadult_yge25,edu_isced11_3,2014,48.53
swe,sex_m,age_ythadult_yge25,edu_isced11_3,2015,45.306
swe,sex_m,age_ythadult_yge25,edu_isced11_3,2016,41.426
swe,sex_m,age_ythadult_yge25,edu_isced11_3,2017,38.132
swe,sex_m,age_ythadult_yge25,edu_isced11_3,2018,32.038
swe,sex_m,age_ythadult_yge25,edu_isced11_3,2019,35.491
swe,sex_m,age_ythadult_yge25,edu_isced11_3,2020,44.359
swe,sex_m,age_ythadult_yge25,edu_isced11_3,2021,50.768
swe,sex_m,age_ythadult_yge25,edu_isced11_3,2022,45.218
swe,sex_m,age_ythadult_yge25,edu_isced11_3,2023,42.115
swe,sex_m,age_ythadult_yge25,edu_isced11_4,2006,7.441
swe,sex_m,age_ythadult_yge25,edu_isced11_4,2007,6.933
swe,sex_m,age_ythadult_yge25,edu_isced11_4,2008,7.558
swe,sex_m,age_ythadult_yge25,edu_isced11_4,2009,8.319
swe,sex_m,age_ythadult_yge25,edu_isced11_4,2010,8.888
swe,sex_m,age_ythadult_yge25,edu_isced11_4,2011,9.568
swe,sex_m,age_ythadult_yge25,edu_isced11_4,2012,11.222
swe,sex_m,age_ythadult_yge25,edu_isced11_4,2013,10.424
swe,sex_m,age_ythadult_yge25,edu_isced11_4,2014,10.945
swe,sex_m,age_ythadult_yge25,edu_isced11_4,2015,9.709
swe,sex_m,age_ythadult_yge25,edu_isced11_4,2016,10.789
swe,sex_m,age_ythadult_yge25,edu_isced11_4,2017,9.854
swe,sex_m,age_ythadult_yge25,edu_isced11_4,2018,8.224
swe,sex_m,age_ythadult_yge25,edu_isced11_4,2019,8.717
swe,sex_m,age_ythadult_yge25,edu_isced11_4,2020,10.189
swe,sex_m,age_ythadult_yge25,edu_isced11_4,2021,13.989
swe,sex_m,age_ythadult_yge25,edu_isced11_4,2022,8.887
swe,sex_m,age_ythadult_yge25,edu_isced11_4,2023,11.217
swe,sex_m,age_ythadult_yge25,edu_isced11_5,2006,25.038
swe,sex_m,age_ythadult_yge25,edu_isced11_5,2007,22.465
swe,sex_m,age_ythadult_yge25,edu_isced11_5,2008,21.128
swe,sex_m,age_ythadult_yge25,edu_isced11_5,2009,30.596
swe,sex_m,age_ythadult_yge25,edu_isced11_5,2010,31.63
swe,sex_m,age_ythadult_yge25,edu_isced11_5,2011,29.441
swe,sex_m,age_ythadult_yge25,edu_isced11_5,2012,31.567
swe,sex_m,age_ythadult_yge25,edu_isced11_5,2013,31.103
swe,sex_m,age_ythadult_yge25,edu_isced11_5,2014,11.454
swe,sex_m,age_ythadult_yge25,edu_isced11_5,2015,12.509
swe,sex_m,age_ythadult_yge25,edu_isced11_5,2016,13.478
swe,sex_m,age_ythadult_yge25,edu_isced11_5,2017,14.13
swe,sex_m,age_ythadult_yge25,edu_isced11_5,2018,12.713
swe,sex_m,age_ythadult_yge25,edu_isced11_5,2019,14.468
swe,sex_m,age_ythadult_yge25,edu_isced11_5,2020,18.325
swe,sex_m,age_ythadult_yge25,edu_isced11_5,2021,18.078
swe,sex_m,age_ythadult_yge25,edu_isced11_5,2022,11.534
swe,sex_m,age_ythadult_yge25,edu_isced11_5,2023,12.149
swe,sex_m,age_ythadult_yge25,edu_isced11_6,2014,13.236
swe,sex_m,age_ythadult_yge25,edu_isced11_6,2015,12.919
swe,sex_m,age_ythadult_yge25,edu_isced11_6,2016,13.907
swe,sex_m,age_ythadult_yge25,edu_isced11_6,2017,14.014
swe,sex_m,age_ythadult_yge25,edu_isced11_6,2018,13.884
swe,sex_m,age_ythadult_yge25,edu_isced11_6,2019,13.826
swe,sex_m,age_ythadult_yge25,edu_isced11_6,2020,19.338
swe,sex_m,age_ythadult_yge25,edu_isced11_6,2021,19.059
swe,sex_m,age_ythadult_yge25,edu_isced11_6,2022,13.466
swe,sex_m,age_ythadult_yge25,edu_isced11_6,2023,16.421
swe,sex_m,age_ythadult_yge25,edu_isced11_7,2014,9.772
swe,sex_m,age_ythadult_yge25,edu_isced11_7,2015,10.505
swe,sex_m,age_ythadult_yge25,edu_isced11_7,2016,9.756
swe,sex_m,age_ythadult_yge25,edu_isced11_7,2017,10.443
swe,sex_m,age_ythadult_yge25,edu_isced11_7,2018,10.149
swe,sex_m,age_ythadult_yge25,edu_isced11_7,2019,7.777
swe,sex_m,age_ythadult_yge25,edu_isced11_7,2020,8.2
swe,sex_m,age_ythadult_yge25,edu_isced11_7,2021,8.42
swe,sex_m,age_ythadult_yge25,edu_isced11_7,2022,9.421
swe,sex_m,age_ythadult_yge25,edu_isced11_7,2023,11.08
swe,sex_m,age_ythadult_yge25,edu_isced11_8,2014,1.197
swe,sex_m,age_ythadult_yge25,edu_isced11_8,2015,1.539
swe,sex_m,age_ythadult_yge25,edu_isced11_8,2016,1.511
swe,sex_m,age_ythadult_yge25,edu_isced11_8,2017,2.166
swe,sex_m,age_ythadult_yge25,edu_isced11_8,2018,2.591
swe,sex_m,age_ythadult_yge25,edu_isced11_8,2019,1.911
swe,sex_m,age_ythadult_yge25,edu_isced11_8,2020,2.562
swe,sex_m,age_ythadult_yge25,edu_isced11_8,2021,0.795
swe,sex_m,age_ythadult_yge25,edu_isced11_8,2022,0.968
swe,sex_m,age_ythadult_yge25,edu_isced11_8,2023,1.123
swe,sex_m,age_ythadult_yge25,edu_isced11_9,2006,2.023
swe,sex_m,age_ythadult_yge25,edu_isced11_9,2007,1.04
swe,sex_m,age_ythadult_yge25,edu_isced11_9,2008,0.975
swe,sex_m,age_ythadult_yge25,edu_isced11_9,2009,1.31
swe,sex_m,age_ythadult_yge25,edu_isced11_9,2010,1.915
swe,sex_m,age_ythadult_yge25,edu_isced11_9,2011,1.773
swe,sex_m,age_ythadult_yge25,edu_isced11_9,2012,1.447
swe,sex_m,age_ythadult_yge25,edu_isced11_9,2013,1.145
swe,sex_m,age_ythadult_yge25,edu_isced11_9,2015,0.81
swe,sex_m,age_ythadult_yge25,edu_isced11_9,2016,0.418
swe,sex_m,age_ythadult_yge25,edu_isced11_9,2017,0.73
swe,sex_m,age_ythadult_yge25,edu_isced11_9,2018,0.607
swe,sex_m,age_ythadult_yge25,edu_isced11_9,2019,0.567
swe,sex_m,age_ythadult_yge25,edu_isced11_9,2020,0.367
swe,sex_m,age_ythadult_yge25,edu_isced11_9,2021,0.569
swe,sex_m,age_ythadult_yge25,edu_isced11_9,2023,1.312
swe,sex_m,age_ythadult_yge25,edu_isced11_total,2006,110.724
swe,sex_m,age_ythadult_yge25,edu_isced11_total,2007,91.069
swe,sex_m,age_ythadult_yge25,edu_isced11_total,2008,88.917
swe,sex_m,age_ythadult_yge25,edu_isced11_total,2009,139.277
swe,sex_m,age_ythadult_yge25,edu_isced11_total,2010,142.205
swe,sex_m,age_ythadult_yge25,edu_isced11_total,2011,128.183
swe,sex_m,age_ythadult_yge25,edu_isced11_total,2012,136.186
swe,sex_m,age_ythadult_yge25,edu_isced11_total,2013,136.533
swe,sex_m,age_ythadult_yge25,edu_isced11_total,2014,140.492
swe,sex_m,age_ythadult_yge25,edu_isced11_total,2015,136.744
swe,sex_m,age_ythadult_yge25,edu_isced11_total,2016,136.063
swe,sex_m,age_ythadult_yge25,edu_isced11_total,2017,135.339
swe,sex_m,age_ythadult_yge25,edu_isced11_total,2018,125.735
swe,sex_m,age_ythadult_yge25,edu_isced11_total,2019,126.91
swe,sex_m,age_ythadult_yge25,edu_isced11_total,2020,162.895
swe,sex_m,age_ythadult_yge25,edu_isced11_total,2021,170.79
swe,sex_m,age_ythadult_yge25,edu_isced11_total,2022,139.724
swe,sex_m,age_ythadult_yge25,edu_isced11_total,2023,144.206
swe,sex_t,age_10yrbands_total,edu_aggregate_adv,1995,46.358
swe,sex_t,age_10yrbands_total,edu_aggregate_adv,1996,50.608
swe,sex_t,age_10yrbands_total,edu_aggregate_adv,1997,50.519
swe,sex_t,age_10yrbands_total,edu_aggregate_adv,1998,53.636
swe,sex_t,age_10yrbands_total,edu_aggregate_adv,1999,48.599
swe,sex_t,age_10yrbands_total,edu_aggregate_adv,2000,38.057
swe,sex_t,age_10yrbands_total,edu_aggregate_adv,2001,25.663
swe,sex_t,age_10yrbands_total,edu_aggregate_adv,2002,30.84
swe,sex_t,age_10yrbands_total,edu_aggregate_adv,2003,42.229
swe,sex_t,age_10yrbands_total,edu_aggregate_adv,2004,49.598
swe,sex_t,age_10yrbands_total,edu_aggregate_adv,2005,63.975
swe,sex_t,age_10yrbands_total,edu_aggregate_adv,2006,59.187
swe,sex_t,age_10yrbands_total,edu_aggregate_adv,2007,51.124
swe,sex_t,age_10yrbands_total,edu_aggregate_adv,2008,51.219
swe,sex_t,age_10yrbands_total,edu_aggregate_adv,2009,68.052
swe,sex_t,age_10yrbands_total,edu_aggregate_adv,2010,73.463
swe,sex_t,age_10yrbands_total,edu_aggregate_adv,2011,68.253
swe,sex_t,age_10yrbands_total,edu_aggregate_adv,2012,72.918
swe,sex_t,age_10yrbands_total,edu_aggregate_adv,2013,76.968
swe,sex_t,age_10yrbands_total,edu_aggregate_adv,2014,83.403
swe,sex_t,age_10yrbands_total,edu_aggregate_adv,2015,84.524
swe,sex_t,age_10yrbands_total,edu_aggregate_adv,2016,83.907
swe,sex_t,age_10yrbands_total,edu_aggregate_adv,2017,87.088
swe,sex_t,age_10yrbands_total,edu_aggregate_adv,2018,82.672
swe,sex_t,age_10yrbands_total,edu_aggregate_adv,2019,85.72
swe,sex_t,age_10yrbands_total,edu_aggregate_adv,2020,111.425
swe,sex_t,age_10yrbands_total,edu_aggregate_adv,2021,106.873
swe,sex_t,age_10yrbands_total,edu_aggregate_adv,2022,86.683
swe,sex_t,age_10yrbands_total,edu_aggregate_adv,2023,103.438
swe,sex_t,age_10yrbands_total,edu_aggregate_bas,1995,122.848
swe,sex_t,age_10yrbands_total,edu_aggregate_bas,1996,121.485
swe,sex_t,age_10yrbands_total,edu_aggregate_bas,1997,144.474
swe,sex_t,age_10yrbands_total,edu_aggregate_bas,1998,115.258
swe,sex_t,age_10yrbands_total,edu_aggregate_bas,1999,105.868
swe,sex_t,age_10yrbands_total,edu_aggregate_bas,2000,74.494
swe,sex_t,age_10yrbands_total,edu_aggregate_bas,2001,67.221
swe,sex_t,age_10yrbands_total,edu_aggregate_bas,2002,63.985
swe,sex_t,age_10yrbands_total,edu_aggregate_bas,2003,68.823
swe,sex_t,age_10yrbands_total,edu_aggregate_bas,2004,76.269
swe,sex_t,age_10yrbands_total,edu_aggregate_bas,2005,106.599
swe,sex_t,age_10yrbands_total,edu_aggregate_bas,2006,118.532
swe,sex_t,age_10yrbands_total,edu_aggregate_bas,2007,111.139
swe,sex_t,age_10yrbands_total,edu_aggregate_bas,2008,118.699
swe,sex_t,age_10yrbands_total,edu_aggregate_bas,2009,140.454
swe,sex_t,age_10yrbands_total,edu_aggregate_bas,2010,149.568
swe,sex_t,age_10yrbands_total,edu_aggregate_bas,2011,144.307
swe,sex_t,age_10yrbands_total,edu_aggregate_bas,2012,150.807
swe,sex_t,age_10yrbands_total,edu_aggregate_bas,2013,155.295
swe,sex_t,age_10yrbands_total,edu_aggregate_bas,2014,156.518
swe,sex_t,age_10yrbands_total,edu_aggregate_bas,2015,150.982
swe,sex_t,age_10yrbands_total,edu_aggregate_bas,2016,147.13
swe,sex_t,age_10yrbands_total,edu_aggregate_bas,2017,148.922
swe,sex_t,age_10yrbands_total,edu_aggregate_bas,2018,150.988
swe,sex_t,age_10yrbands_total,edu_aggregate_bas,2019,167.822
swe,sex_t,age_10yrbands_total,edu_aggregate_bas,2020,193.885
swe,sex_t,age_10yrbands_total,edu_aggregate_bas,2021,221.807
swe,sex_t,age_10yrbands_total,edu_aggregate_bas,2022,199.385
swe,sex_t,age_10yrbands_total,edu_aggregate_bas,2023,192.73
swe,sex_t,age_10yrbands_total,edu_aggregate_int,1995,226.116
swe,sex_t,age_10yrbands_total,edu_aggregate_int,1996,242.495
swe,sex_t,age_10yrbands_total,edu_aggregate_int,1997,249.457
swe,sex_t,age_10yrbands_total,edu_aggregate_int,1998,210.964
swe,sex_t,age_10yrbands_total,edu_aggregate_int,1999,175.858
swe,sex_t,age_10yrbands_total,edu_aggregate_int,2000,122.282
swe,sex_t,age_10yrbands_total,edu_aggregate_int,2001,111.346
swe,sex_t,age_10yrbands_total,edu_aggregate_int,2002,120.949
swe,sex_t,age_10yrbands_total,edu_aggregate_int,2003,134.6
swe,sex_t,age_10yrbands_total,edu_aggregate_int,2004,170.549
swe,sex_t,age_10yrbands_total,edu_aggregate_int,2005,182.762
swe,sex_t,age_10yrbands_total,edu_aggregate_int,2006,153.72
swe,sex_t,age_10yrbands_total,edu_aggregate_int,2007,130.371
swe,sex_t,age_10yrbands_total,edu_aggregate_int,2008,132.006
swe,sex_t,age_10yrbands_total,edu_aggregate_int,2009,196.821
swe,sex_t,age_10yrbands_total,edu_aggregate_int,2010,199.031
swe,sex_t,age_10yrbands_total,edu_aggregate_int,2011,174.745
swe,sex_t,age_10yrbands_total,edu_aggregate_int,2012,176.302
swe,sex_t,age_10yrbands_total,edu_aggregate_int,2013,176.725
swe,sex_t,age_10yrbands_total,edu_aggregate_int,2014,171.502
swe,sex_t,age_10yrbands_total,edu_aggregate_int,2015,151.046
swe,sex_t,age_10yrbands_total,edu_aggregate_int,2016,136.349
swe,sex_t,age_10yrbands_total,edu_aggregate_int,2017,123.827
swe,sex_t,age_10yrbands_total,edu_aggregate_int,2018,110.232
swe,sex_t,age_10yrbands_total,edu_aggregate_int,2019,118.856
swe,sex_t,age_10yrbands_total,edu_aggregate_int,2020,149.16
swe,sex_t,age_10yrbands_total,edu_aggregate_int,2021,156.039
swe,sex_t,age_10yrbands_total,edu_aggregate_int,2022,129.689
swe,sex_t,age_10yrbands_total,edu_aggregate_int,2023,136.164
swe,sex_t,age_10yrbands_total,edu_aggregate_total,1995,395.628
swe,sex_t,age_10yrbands_total,edu_aggregate_total,1996,420.902
swe,sex_t,age_10yrbands_total,edu_aggregate_total,1997,452.609
swe,sex_t,age_10yrbands_total,edu_aggregate_total,1998,387.434
swe,sex_t,age_10yrbands_total,edu_aggregate_total,1999,333.778
swe,sex_t,age_10yrbands_total,edu_aggregate_total,2000,238.525
swe,sex_t,age_10yrbands_total,edu_aggregate_total,2001,215.454
swe,sex_t,age_10yrbands_total,edu_aggregate_total,2002,227.154
swe,sex_t,age_10yrbands_total,edu_aggregate_total,2003,255.946
swe,sex_t,age_10yrbands_total,edu_aggregate_total,2004,309.218
swe,sex_t,age_10yrbands_total,edu_aggregate_total,2005,368.249
swe,sex_t,age_10yrbands_total,edu_aggregate_total,2006,336.773
swe,sex_t,age_10yrbands_total,edu_aggregate_total,2007,298.112
swe,sex_t,age_10yrbands_total,edu_aggregate_total,2008,305.401
swe,sex_t,age_10yrbands_total,edu_aggregate_total,2009,409.972
swe,sex_t,age_10yrbands_total,edu_aggregate_total,2010,426.167
swe,sex_t,age_10yrbands_total,edu_aggregate_total,2011,391.568
swe,sex_t,age_10yrbands_total,edu_aggregate_total,2012,403.627
swe,sex_t,age_10yrbands_total,edu_aggregate_total,2013,411.986
swe,sex_t,age_10yrbands_total,edu_aggregate_total,2014,412.35
swe,sex_t,age_10yrbands_total,edu_aggregate_total,2015,388.311
swe,sex_t,age_10yrbands_total,edu_aggregate_total,2016,368.994
swe,sex_t,age_10yrbands_total,edu_aggregate_total,2017,361.669
swe,sex_t,age_10yrbands_total,edu_aggregate_total,2018,346.49
swe,sex_t,age_10yrbands_total,edu_aggregate_total,2019,376.33
swe,sex_t,age_10yrbands_total,edu_aggregate_total,2020,457.834
swe,sex_t,age_10yrbands_total,edu_aggregate_total,2021,492.769
swe,sex_t,age_10yrbands_total,edu_aggregate_total,2022,421.146
swe,sex_t,age_10yrbands_total,edu_aggregate_total,2023,439.564
swe,sex_t,age_10yrbands_total,edu_aggregate_x,1996,6.313
swe,sex_t,age_10yrbands_total,edu_aggregate_x,1997,8.159
swe,sex_t,age_10yrbands_total,edu_aggregate_x,1998,7.576
swe,sex_t,age_10yrbands_total,edu_aggregate_x,1999,3.454
swe,sex_t,age_10yrbands_total,edu_aggregate_x,2000,3.692
swe,sex_t,age_10yrbands_total,edu_aggregate_x,2001,11.224
swe,sex_t,age_10yrbands_total,edu_aggregate_x,2002,11.38
swe,sex_t,age_10yrbands_total,edu_aggregate_x,2003,10.295
swe,sex_t,age_10yrbands_total,edu_aggregate_x,2004,12.802
swe,sex_t,age_10yrbands_total,edu_aggregate_x,2005,14.913
swe,sex_t,age_10yrbands_total,edu_aggregate_x,2006,5.335
swe,sex_t,age_10yrbands_total,edu_aggregate_x,2007,5.478
swe,sex_t,age_10yrbands_total,edu_aggregate_x,2008,3.477
swe,sex_t,age_10yrbands_total,edu_aggregate_x,2009,4.645
swe,sex_t,age_10yrbands_total,edu_aggregate_x,2010,4.105
swe,sex_t,age_10yrbands_total,edu_aggregate_x,2011,4.263
swe,sex_t,age_10yrbands_total,edu_aggregate_x,2012,3.6
swe,sex_t,age_10yrbands_total,edu_aggregate_x,2013,2.997
swe,sex_t,age_10yrbands_total,edu_aggregate_x,2014,0.926
swe,sex_t,age_10yrbands_total,edu_aggregate_x,2015,1.76
swe,sex_t,age_10yrbands_total,edu_aggregate_x,2016,1.608
swe,sex_t,age_10yrbands_total,edu_aggregate_x,2017,1.831
swe,sex_t,age_10yrbands_total,edu_aggregate_x,2018,2.599
swe,sex_t,age_10yrbands_total,edu_aggregate_x,2019,3.932
swe,sex_t,age_10yrbands_total,edu_aggregate_x,2020,3.364
swe,sex_t,age_10yrbands_total,edu_aggregate_x,2021,8.05
swe,sex_t,age_10yrbands_total,edu_aggregate_x,2022,5.389
swe,sex_t,age_10yrbands_total,edu_aggregate_x,2023,7.233
swe,sex_t,age_10yrbands_total,edu_isced11_1,2006,21.305
swe,sex_t,age_10yrbands_total,edu_isced11_1,2007,18.645
swe,sex_t,age_10yrbands_total,edu_isced11_1,2008,26.44
swe,sex_t,age_10yrbands_total,edu_isced11_1,2009,26.427
swe,sex_t,age_10yrbands_total,edu_isced11_1,2010,28.559
swe,sex_t,age_10yrbands_total,edu_isced11_1,2011,28.879
swe,sex_t,age_10yrbands_total,edu_isced11_1,2012,29.552
swe,sex_t,age_10yrbands_total,edu_isced11_1,2013,31.718
swe,sex_t,age_10yrbands_total,edu_isced11_1,2014,36.749
swe,sex_t,age_10yrbands_total,edu_isced11_1,2015,39.871
swe,sex_t,age_10yrbands_total,edu_isced11_1,2016,42.446
swe,sex_t,age_10yrbands_total,edu_isced11_1,2017,41.697
swe,sex_t,age_10yrbands_total,edu_isced11_1,2018,46.221
swe,sex_t,age_10yrbands_total,edu_isced11_1,2019,45.77
swe,sex_t,age_10yrbands_total,edu_isced11_1,2020,54.712
swe,sex_t,age_10yrbands_total,edu_isced11_1,2021,68.404
swe,sex_t,age_10yrbands_total,edu_isced11_1,2022,65.838
swe,sex_t,age_10yrbands_total,edu_isced11_1,2023,55.275
swe,sex_t,age_10yrbands_total,edu_isced11_2,2006,97.227
swe,sex_t,age_10yrbands_total,edu_isced11_2,2007,92.494
swe,sex_t,age_10yrbands_total,edu_isced11_2,2008,92.259
swe,sex_t,age_10yrbands_total,edu_isced11_2,2009,114.026
swe,sex_t,age_10yrbands_total,edu_isced11_2,2010,121.008
swe,sex_t,age_10yrbands_total,edu_isced11_2,2011,115.428
swe,sex_t,age_10yrbands_total,edu_isced11_2,2012,121.255
swe,sex_t,age_10yrbands_total,edu_isced11_2,2013,123.578
swe,sex_t,age_10yrbands_total,edu_isced11_2,2014,119.769
swe,sex_t,age_10yrbands_total,edu_isced11_2,2015,111.111
swe,sex_t,age_10yrbands_total,edu_isced11_2,2016,104.683
swe,sex_t,age_10yrbands_total,edu_isced11_2,2017,107.225
swe,sex_t,age_10yrbands_total,edu_isced11_2,2018,104.766
swe,sex_t,age_10yrbands_total,edu_isced11_2,2019,122.052
swe,sex_t,age_10yrbands_total,edu_isced11_2,2020,139.173
swe,sex_t,age_10yrbands_total,edu_isced11_2,2021,153.403
swe,sex_t,age_10yrbands_total,edu_isced11_2,2022,133.547
swe,sex_t,age_10yrbands_total,edu_isced11_2,2023,137.455
swe,sex_t,age_10yrbands_total,edu_isced11_3,2006,134.872
swe,sex_t,age_10yrbands_total,edu_isced11_3,2007,111.661
swe,sex_t,age_10yrbands_total,edu_isced11_3,2008,113.018
swe,sex_t,age_10yrbands_total,edu_isced11_3,2009,173.198
swe,sex_t,age_10yrbands_total,edu_isced11_3,2010,173.109
swe,sex_t,age_10yrbands_total,edu_isced11_3,2011,149.255
swe,sex_t,age_10yrbands_total,edu_isced11_3,2012,146.411
swe,sex_t,age_10yrbands_total,edu_isced11_3,2013,147.49
swe,sex_t,age_10yrbands_total,edu_isced11_3,2014,141.337
swe,sex_t,age_10yrbands_total,edu_isced11_3,2015,124.281
swe,sex_t,age_10yrbands_total,edu_isced11_3,2016,109.868
swe,sex_t,age_10yrbands_total,edu_isced11_3,2017,100.136
swe,sex_t,age_10yrbands_total,edu_isced11_3,2018,86.734
swe,sex_t,age_10yrbands_total,edu_isced11_3,2019,90.994
swe,sex_t,age_10yrbands_total,edu_isced11_3,2020,116.826
swe,sex_t,age_10yrbands_total,edu_isced11_3,2021,122.417
swe,sex_t,age_10yrbands_total,edu_isced11_3,2022,102.77
swe,sex_t,age_10yrbands_total,edu_isced11_3,2023,100.224
swe,sex_t,age_10yrbands_total,edu_isced11_4,2006,18.847
swe,sex_t,age_10yrbands_total,edu_isced11_4,2007,18.71
swe,sex_t,age_10yrbands_total,edu_isced11_4,2008,18.988
swe,sex_t,age_10yrbands_total,edu_isced11_4,2009,23.624
swe,sex_t,age_10yrbands_total,edu_isced11_4,2010,25.922
swe,sex_t,age_10yrbands_total,edu_isced11_4,2011,25.49
swe,sex_t,age_10yrbands_total,edu_isced11_4,2012,29.89
swe,sex_t,age_10yrbands_total,edu_isced11_4,2013,29.234
swe,sex_t,age_10yrbands_total,edu_isced11_4,2014,30.165
swe,sex_t,age_10yrbands_total,edu_isced11_4,2015,26.765
swe,sex_t,age_10yrbands_total,edu_isced11_4,2016,26.482
swe,sex_t,age_10yrbands_total,edu_isced11_4,2017,23.692
swe,sex_t,age_10yrbands_total,edu_isced11_4,2018,23.497
swe,sex_t,age_10yrbands_total,edu_isced11_4,2019,27.862
swe,sex_t,age_10yrbands_total,edu_isced11_4,2020,32.334
swe,sex_t,age_10yrbands_total,edu_isced11_4,2021,33.623
swe,sex_t,age_10yrbands_total,edu_isced11_4,2022,26.919
swe,sex_t,age_10yrbands_total,edu_isced11_4,2023,35.94
swe,sex_t,age_10yrbands_total,edu_isced11_5,2006,59.187
swe,sex_t,age_10yrbands_total,edu_isced11_5,2007,51.124
swe,sex_t,age_10yrbands_total,edu_isced11_5,2008,51.219
swe,sex_t,age_10yrbands_total,edu_isced11_5,2009,68.052
swe,sex_t,age_10yrbands_total,edu_isced11_5,2010,73.463
swe,sex_t,age_10yrbands_total,edu_isced11_5,2011,68.253
swe,sex_t,age_10yrbands_total,edu_isced11_5,2012,72.918
swe,sex_t,age_10yrbands_total,edu_isced11_5,2013,76.968
swe,sex_t,age_10yrbands_total,edu_isced11_5,2014,30.043
swe,sex_t,age_10yrbands_total,edu_isced11_5,2015,31.136
swe,sex_t,age_10yrbands_total,edu_isced11_5,2016,30.023
swe,sex_t,age_10yrbands_total,edu_isced11_5,2017,29.856
swe,sex_t,age_10yrbands_total,edu_isced11_5,2018,28.249
swe,sex_t,age_10yrbands_total,edu_isced11_5,2019,32.111
swe,sex_t,age_10yrbands_total,edu_isced11_5,2020,40.174
swe,sex_t,age_10yrbands_total,edu_isced11_5,2021,38.984
swe,sex_t,age_10yrbands_total,edu_isced11_5,2022,26.749
swe,sex_t,age_10yrbands_total,edu_isced11_5,2023,34.01
swe,sex_t,age_10yrbands_total,edu_isced11_6,2014,31.589
swe,sex_t,age_10yrbands_total,edu_isced11_6,2015,31.685
swe,sex_t,age_10yrbands_total,edu_isced11_6,2016,30.36
swe,sex_t,age_10yrbands_total,edu_isced11_6,2017,32.572
swe,sex_t,age_10yrbands_total,edu_isced11_6,2018,29.786
swe,sex_t,age_10yrbands_total,edu_isced11_6,2019,31.397
swe,sex_t,age_10yrbands_total,edu_isced11_6,2020,44.154
swe,sex_t,age_10yrbands_total,edu_isced11_6,2021,43.378
swe,sex_t,age_10yrbands_total,edu_isced11_6,2022,37.682
swe,sex_t,age_10yrbands_total,edu_isced11_6,2023,41.361
swe,sex_t,age_10yrbands_total,edu_isced11_7,2014,19.869
swe,sex_t,age_10yrbands_total,edu_isced11_7,2015,19.435
swe,sex_t,age_10yrbands_total,edu_isced11_7,2016,21.367
swe,sex_t,age_10yrbands_total,edu_isced11_7,2017,21.559
swe,sex_t,age_10yrbands_total,edu_isced11_7,2018,21.446
swe,sex_t,age_10yrbands_total,edu_isced11_7,2019,18.455
swe,sex_t,age_10yrbands_total,edu_isced11_7,2020,22.126
swe,sex_t,age_10yrbands_total,edu_isced11_7,2021,22.398
swe,sex_t,age_10yrbands_total,edu_isced11_7,2022,20.414
swe,sex_t,age_10yrbands_total,edu_isced11_7,2023,25.099
swe,sex_t,age_10yrbands_total,edu_isced11_8,2014,1.902
swe,sex_t,age_10yrbands_total,edu_isced11_8,2015,2.268
swe,sex_t,age_10yrbands_total,edu_isced11_8,2016,2.157
swe,sex_t,age_10yrbands_total,edu_isced11_8,2017,3.102
swe,sex_t,age_10yrbands_total,edu_isced11_8,2018,3.191
swe,sex_t,age_10yrbands_total,edu_isced11_8,2019,3.756
swe,sex_t,age_10yrbands_total,edu_isced11_8,2020,4.971
swe,sex_t,age_10yrbands_total,edu_isced11_8,2021,2.113
swe,sex_t,age_10yrbands_total,edu_isced11_8,2022,1.838
swe,sex_t,age_10yrbands_total,edu_isced11_8,2023,2.968
swe,sex_t,age_10yrbands_total,edu_isced11_9,2006,5.335
swe,sex_t,age_10yrbands_total,edu_isced11_9,2007,5.478
swe,sex_t,age_10yrbands_total,edu_isced11_9,2008,3.477
swe,sex_t,age_10yrbands_total,edu_isced11_9,2009,4.645
swe,sex_t,age_10yrbands_total,edu_isced11_9,2010,4.105
swe,sex_t,age_10yrbands_total,edu_isced11_9,2011,4.263
swe,sex_t,age_10yrbands_total,edu_isced11_9,2012,3.6
swe,sex_t,age_10yrbands_total,edu_isced11_9,2013,2.997
swe,sex_t,age_10yrbands_total,edu_isced11_9,2014,0.926
swe,sex_t,age_10yrbands_total,edu_isced11_9,2015,1.76
swe,sex_t,age_10yrbands_total,edu_isced11_9,2016,1.608
swe,sex_t,age_10yrbands_total,edu_isced11_9,2017,1.831
swe,sex_t,age_10yrbands_total,edu_isced11_9,2018,2.599
swe,sex_t,age_10yrbands_total,edu_isced11_9,2019,3.932
swe,sex_t,age_10yrbands_total,edu_isced11_9,2020,3.364
swe,sex_t,age_10yrbands_total,edu_isced11_9,2021,8.05
swe,sex_t,age_10yrbands_total,edu_isced11_9,2022,5.389
swe,sex_t,age_10yrbands_total,edu_isced11_9,2023,7.233
swe,sex_t,age_10yrbands_total,edu_isced11_total,2006,336.773
swe,sex_t,age_10yrbands_total,edu_isced11_total,2007,298.112
swe,sex_t,age_10yrbands_total,edu_isced11_total,2008,305.401
swe,sex_t,age_10yrbands_total,edu_isced11_total,2009,409.972
swe,sex_t,age_10yrbands_total,edu_isced11_total,2010,426.167
swe,sex_t,age_10yrbands_total,edu_isced11_total,2011,391.568
swe,sex_t,age_10yrbands_total,edu_isced11_total,2012,403.627
swe,sex_t,age_10yrbands_total,edu_isced11_total,2013,411.986
swe,sex_t,age_10yrbands_total,edu_isced11_total,2014,412.35
swe,sex_t,age_10yrbands_total,edu_isced11_total,2015,388.311
swe,sex_t,age_10yrbands_total,edu_isced11_total,2016,368.994
swe,sex_t,age_10yrbands_total,edu_isced11_total,2017,361.669
swe,sex_t,age_10yrbands_total,edu_isced11_total,2018,346.49
swe,sex_t,age_10yrbands_total,edu_isced11_total,2019,376.33
swe,sex_t,age_10yrbands_total,edu_isced11_total,2020,457.834
swe,sex_t,age_10yrbands_total,edu_isced11_total,2021,492.769
swe,sex_t,age_10yrbands_total,edu_isced11_total,2022,421.146
swe,sex_t,age_10yrbands_total,edu_isced11_total,2023,439.564
swe,sex_t,age_10yrbands_y15_24,edu_aggregate_adv,1995,2.797
swe,sex_t,age_10yrbands_y15_24,edu_aggregate_adv,1996,4.098
swe,sex_t,age_10yrbands_y15_24,edu_aggregate_adv,1997,5.034
swe,sex_t,age_10yrbands_y15_24,edu_aggregate_adv,2001,1.114
swe,sex_t,age_10yrbands_y15_24,edu_aggregate_adv,2002,1.947
swe,sex_t,age_10yrbands_y15_24,edu_aggregate_adv,2003,1.684
swe,sex_t,age_10yrbands_y15_24,edu_aggregate_adv,2004,3.777
swe,sex_t,age_10yrbands_y15_24,edu_aggregate_adv,2005,5.63
swe,sex_t,age_10yrbands_y15_24,edu_aggregate_adv,2006,5.049
swe,sex_t,age_10yrbands_y15_24,edu_aggregate_adv,2007,5.046
swe,sex_t,age_10yrbands_y15_24,edu_aggregate_adv,2008,5.433
swe,sex_t,age_10yrbands_y15_24,edu_aggregate_adv,2009,5.876
swe,sex_t,age_10yrbands_y15_24,edu_aggregate_adv,2010,7.149
swe,sex_t,age_10yrbands_y15_24,edu_aggregate_adv,2011,6.23
swe,sex_t,age_10yrbands_y15_24,edu_aggregate_adv,2012,8.81
swe,sex_t,age_10yrbands_y15_24,edu_aggregate_adv,2013,10.752
swe,sex_t,age_10yrbands_y15_24,edu_aggregate_adv,2014,10.257
swe,sex_t,age_10yrbands_y15_24,edu_aggregate_adv,2015,9.158
swe,sex_t,age_10yrbands_y15_24,edu_aggregate_adv,2016,8.172
swe,sex_t,age_10yrbands_y15_24,edu_aggregate_adv,2017,7.3
swe,sex_t,age_10yrbands_y15_24,edu_aggregate_adv,2018,6.217
swe,sex_t,age_10yrbands_y15_24,edu_aggregate_adv,2019,7.946
swe,sex_t,age_10yrbands_y15_24,edu_aggregate_adv,2020,9.53
swe,sex_t,age_10yrbands_y15_24,edu_aggregate_adv,2021,6.197
swe,sex_t,age_10yrbands_y15_24,edu_aggregate_adv,2022,4.931
swe,sex_t,age_10yrbands_y15_24,edu_aggregate_adv,2023,8.102
swe,sex_t,age_10yrbands_y15_24,edu_aggregate_bas,1995,23.984
swe,sex_t,age_10yrbands_y15_24,edu_aggregate_bas,1996,28.402
swe,sex_t,age_10yrbands_y15_24,edu_aggregate_bas,1997,32.275
swe,sex_t,age_10yrbands_y15_24,edu_aggregate_bas,1998,23.891
swe,sex_t,age_10yrbands_y15_24,edu_aggregate_bas,1999,26.777
swe,sex_t,age_10yrbands_y15_24,edu_aggregate_bas,2000,13.514
swe,sex_t,age_10yrbands_y15_24,edu_aggregate_bas,2001,30.565
swe,sex_t,age_10yrbands_y15_24,edu_aggregate_bas,2002,30.381
swe,sex_t,age_10yrbands_y15_24,edu_aggregate_bas,2003,35.353
swe,sex_t,age_10yrbands_y15_24,edu_aggregate_bas,2004,40.853
swe,sex_t,age_10yrbands_y15_24,edu_aggregate_bas,2005,57.66
swe,sex_t,age_10yrbands_y15_24,edu_aggregate_bas,2006,62.514
swe,sex_t,age_10yrbands_y15_24,edu_aggregate_bas,2007,61.328
swe,sex_t,age_10yrbands_y15_24,edu_aggregate_bas,2008,69.447
swe,sex_t,age_10yrbands_y15_24,edu_aggregate_bas,2009,68.766
swe,sex_t,age_10yrbands_y15_24,edu_aggregate_bas,2010,71.847
swe,sex_t,age_10yrbands_y15_24,edu_aggregate_bas,2011,68.073
swe,sex_t,age_10yrbands_y15_24,edu_aggregate_bas,2012,71.056
swe,sex_t,age_10yrbands_y15_24,edu_aggregate_bas,2013,73.664
swe,sex_t,age_10yrbands_y15_24,edu_aggregate_bas,2014,72.668
swe,sex_t,age_10yrbands_y15_24,edu_aggregate_bas,2015,68.851
swe,sex_t,age_10yrbands_y15_24,edu_aggregate_bas,2016,65.997
swe,sex_t,age_10yrbands_y15_24,edu_aggregate_bas,2017,64.789
swe,sex_t,age_10yrbands_y15_24,edu_aggregate_bas,2018,64.155
swe,sex_t,age_10yrbands_y15_24,edu_aggregate_bas,2019,79.002
swe,sex_t,age_10yrbands_y15_24,edu_aggregate_bas,2020,82.534
swe,sex_t,age_10yrbands_y15_24,edu_aggregate_bas,2021,100.103
swe,sex_t,age_10yrbands_y15_24,edu_aggregate_bas,2022,99.675
swe,sex_t,age_10yrbands_y15_24,edu_aggregate_bas,2023,96.479
swe,sex_t,age_10yrbands_y15_24,edu_aggregate_int,1995,71.756
swe,sex_t,age_10yrbands_y15_24,edu_aggregate_int,1996,65.782
swe,sex_t,age_10yrbands_y15_24,edu_aggregate_int,1997,55.413
swe,sex_t,age_10yrbands_y15_24,edu_aggregate_int,1998,44.422
swe,sex_t,age_10yrbands_y15_24,edu_aggregate_int,1999,39.538
swe,sex_t,age_10yrbands_y15_24,edu_aggregate_int,2000,22.882
swe,sex_t,age_10yrbands_y15_24,edu_aggregate_int,2001,21.147
swe,sex_t,age_10yrbands_y15_24,edu_aggregate_int,2002,25.434
swe,sex_t,age_10yrbands_y15_24,edu_aggregate_int,2003,30.701
swe,sex_t,age_10yrbands_y15_24,edu_aggregate_int,2004,41.3
swe,sex_t,age_10yrbands_y15_24,edu_aggregate_int,2005,50.085
swe,sex_t,age_10yrbands_y15_24,edu_aggregate_int,2006,56.254
swe,sex_t,age_10yrbands_y15_24,edu_aggregate_int,2007,48.489
swe,sex_t,age_10yrbands_y15_24,edu_aggregate_int,2008,52.174
swe,sex_t,age_10yrbands_y15_24,edu_aggregate_int,2009,80.601
swe,sex_t,age_10yrbands_y15_24,edu_aggregate_int,2010,79.149
swe,sex_t,age_10yrbands_y15_24,edu_aggregate_int,2011,75.153
swe,sex_t,age_10yrbands_y15_24,edu_aggregate_int,2012,73.061
swe,sex_t,age_10yrbands_y15_24,edu_aggregate_int,2013,72.32
swe,sex_t,age_10yrbands_y15_24,edu_aggregate_int,2014,69.777
swe,sex_t,age_10yrbands_y15_24,edu_aggregate_int,2015,55.762
swe,sex_t,age_10yrbands_y15_24,edu_aggregate_int,2016,46.8
swe,sex_t,age_10yrbands_y15_24,edu_aggregate_int,2017,41.504
swe,sex_t,age_10yrbands_y15_24,edu_aggregate_int,2018,38.061
swe,sex_t,age_10yrbands_y15_24,edu_aggregate_int,2019,39.711
swe,sex_t,age_10yrbands_y15_24,edu_aggregate_int,2020,50.299
swe,sex_t,age_10yrbands_y15_24,edu_aggregate_int,2021,42.072
swe,sex_t,age_10yrbands_y15_24,edu_aggregate_int,2022,36.28
swe,sex_t,age_10yrbands_y15_24,edu_aggregate_int,2023,41.731
swe,sex_t,age_10yrbands_y15_24,edu_aggregate_total,1995,98.537
swe,sex_t,age_10yrbands_y15_24,edu_aggregate_total,1996,100.384
swe,sex_t,age_10yrbands_y15_24,edu_aggregate_total,1997,95.612
swe,sex_t,age_10yrbands_y15_24,edu_aggregate_total,1998,74.411
swe,sex_t,age_10yrbands_y15_24,edu_aggregate_total,1999,70.328
swe,sex_t,age_10yrbands_y15_24,edu_aggregate_total,2000,39.433
swe,sex_t,age_10yrbands_y15_24,edu_aggregate_total,2001,62.809
swe,sex_t,age_10yrbands_y15_24,edu_aggregate_total,2002,67.875
swe,sex_t,age_10yrbands_y15_24,edu_aggregate_total,2003,76.616
swe,sex_t,age_10yrbands_y15_24,edu_aggregate_total,2004,97.272
swe,sex_t,age_10yrbands_y15_24,edu_aggregate_total,2005,127.171
swe,sex_t,age_10yrbands_y15_24,edu_aggregate_total,2006,125.71
swe,sex_t,age_10yrbands_y15_24,edu_aggregate_total,2007,118.33
swe,sex_t,age_10yrbands_y15_24,edu_aggregate_total,2008,128.78
swe,sex_t,age_10yrbands_y15_24,edu_aggregate_total,2009,157.228
swe,sex_t,age_10yrbands_y15_24,edu_aggregate_total,2010,159.305
swe,sex_t,age_10yrbands_y15_24,edu_aggregate_total,2011,150.714
swe,sex_t,age_10yrbands_y15_24,edu_aggregate_total,2012,154.027
swe,sex_t,age_10yrbands_y15_24,edu_aggregate_total,2013,157.177
swe,sex_t,age_10yrbands_y15_24,edu_aggregate_total,2014,153.267
swe,sex_t,age_10yrbands_y15_24,edu_aggregate_total,2015,133.923
swe,sex_t,age_10yrbands_y15_24,edu_aggregate_total,2016,121.625
swe,sex_t,age_10yrbands_y15_24,edu_aggregate_total,2017,114.182
swe,sex_t,age_10yrbands_y15_24,edu_aggregate_total,2018,109.261
swe,sex_t,age_10yrbands_y15_24,edu_aggregate_total,2019,128.245
swe,sex_t,age_10yrbands_y15_24,edu_aggregate_total,2020,144.242
swe,sex_t,age_10yrbands_y15_24,edu_aggregate_total,2021,154.407
swe,sex_t,age_10yrbands_y15_24,edu_aggregate_total,2022,144.522
swe,sex_t,age_10yrbands_y15_24,edu_aggregate_total,2023,150.831
swe,sex_t,age_10yrbands_y15_24,edu_aggregate_x,1996,2.102
swe,sex_t,age_10yrbands_y15_24,edu_aggregate_x,1997,2.891
swe,sex_t,age_10yrbands_y15_24,edu_aggregate_x,1998,4.648
swe,sex_t,age_10yrbands_y15_24,edu_aggregate_x,1999,2.622
swe,sex_t,age_10yrbands_y15_24,edu_aggregate_x,2000,1.95
swe,sex_t,age_10yrbands_y15_24,edu_aggregate_x,2001,9.983
swe,sex_t,age_10yrbands_y15_24,edu_aggregate_x,2002,10.114
swe,sex_t,age_10yrbands_y15_24,edu_aggregate_x,2003,8.879
swe,sex_t,age_10yrbands_y15_24,edu_aggregate_x,2004,11.341
swe,sex_t,age_10yrbands_y15_24,edu_aggregate_x,2005,13.796
swe,sex_t,age_10yrbands_y15_24,edu_aggregate_x,2006,1.893
swe,sex_t,age_10yrbands_y15_24,edu_aggregate_x,2007,3.467
swe,sex_t,age_10yrbands_y15_24,edu_aggregate_x,2008,1.726
swe,sex_t,age_10yrbands_y15_24,edu_aggregate_x,2009,1.984
swe,sex_t,age_10yrbands_y15_24,edu_aggregate_x,2010,1.16
swe,sex_t,age_10yrbands_y15_24,edu_aggregate_x,2011,1.256
swe,sex_t,age_10yrbands_y15_24,edu_aggregate_x,2012,1.1
swe,sex_t,age_10yrbands_y15_24,edu_aggregate_x,2013,0.44
swe,sex_t,age_10yrbands_y15_24,edu_aggregate_x,2014,0.565
swe,sex_t,age_10yrbands_y15_24,edu_aggregate_x,2016,0.657
swe,sex_t,age_10yrbands_y15_24,edu_aggregate_x,2017,0.59
swe,sex_t,age_10yrbands_y15_24,edu_aggregate_x,2018,0.828
swe,sex_t,age_10yrbands_y15_24,edu_aggregate_x,2019,1.585
swe,sex_t,age_10yrbands_y15_24,edu_aggregate_x,2020,1.88
swe,sex_t,age_10yrbands_y15_24,edu_aggregate_x,2021,6.036
swe,sex_t,age_10yrbands_y15_24,edu_aggregate_x,2022,3.636
swe,sex_t,age_10yrbands_y15_24,edu_aggregate_x,2023,4.519
swe,sex_t,age_10yrbands_y15_24,edu_isced11_1,2006,6.064
swe,sex_t,age_10yrbands_y15_24,edu_isced11_1,2007,5.156
swe,sex_t,age_10yrbands_y15_24,edu_isced11_1,2008,11.815
swe,sex_t,age_10yrbands_y15_24,edu_isced11_1,2009,5.321
swe,sex_t,age_10yrbands_y15_24,edu_isced11_1,2010,6.985
swe,sex_t,age_10yrbands_y15_24,edu_isced11_1,2011,6.872
swe,sex_t,age_10yrbands_y15_24,edu_isced11_1,2012,9.186
swe,sex_t,age_10yrbands_y15_24,edu_isced11_1,2013,9.848
swe,sex_t,age_10yrbands_y15_24,edu_isced11_1,2014,12.304
swe,sex_t,age_10yrbands_y15_24,edu_isced11_1,2015,12.396
swe,sex_t,age_10yrbands_y15_24,edu_isced11_1,2016,12.816
swe,sex_t,age_10yrbands_y15_24,edu_isced11_1,2017,12.934
swe,sex_t,age_10yrbands_y15_24,edu_isced11_1,2018,12.46
swe,sex_t,age_10yrbands_y15_24,edu_isced11_1,2019,15.592
swe,sex_t,age_10yrbands_y15_24,edu_isced11_1,2020,16.947
swe,sex_t,age_10yrbands_y15_24,edu_isced11_1,2021,20.596
swe,sex_t,age_10yrbands_y15_24,edu_isced11_1,2022,22.634
swe,sex_t,age_10yrbands_y15_24,edu_isced11_1,2023,17.894
swe,sex_t,age_10yrbands_y15_24,edu_isced11_2,2006,56.451
swe,sex_t,age_10yrbands_y15_24,edu_isced11_2,2007,56.172
swe,sex_t,age_10yrbands_y15_24,edu_isced11_2,2008,57.632
swe,sex_t,age_10yrbands_y15_24,edu_isced11_2,2009,63.445
swe,sex_t,age_10yrbands_y15_24,edu_isced11_2,2010,64.862
swe,sex_t,age_10yrbands_y15_24,edu_isced11_2,2011,61.201
swe,sex_t,age_10yrbands_y15_24,edu_isced11_2,2012,61.87
swe,sex_t,age_10yrbands_y15_24,edu_isced11_2,2013,63.816
swe,sex_t,age_10yrbands_y15_24,edu_isced11_2,2014,60.364
swe,sex_t,age_10yrbands_y15_24,edu_isced11_2,2015,56.455
swe,sex_t,age_10yrbands_y15_24,edu_isced11_2,2016,53.181
swe,sex_t,age_10yrbands_y15_24,edu_isced11_2,2017,51.854
swe,sex_t,age_10yrbands_y15_24,edu_isced11_2,2018,51.695
swe,sex_t,age_10yrbands_y15_24,edu_isced11_2,2019,63.411
swe,sex_t,age_10yrbands_y15_24,edu_isced11_2,2020,65.586
swe,sex_t,age_10yrbands_y15_24,edu_isced11_2,2021,79.507
swe,sex_t,age_10yrbands_y15_24,edu_isced11_2,2022,77.041
swe,sex_t,age_10yrbands_y15_24,edu_isced11_2,2023,78.586
swe,sex_t,age_10yrbands_y15_24,edu_isced11_3,2006,50.903
swe,sex_t,age_10yrbands_y15_24,edu_isced11_3,2007,42.574
swe,sex_t,age_10yrbands_y15_24,edu_isced11_3,2008,45.74
swe,sex_t,age_10yrbands_y15_24,edu_isced11_3,2009,72.106
swe,sex_t,age_10yrbands_y15_24,edu_isced11_3,2010,70.349
swe,sex_t,age_10yrbands_y15_24,edu_isced11_3,2011,66.272
swe,sex_t,age_10yrbands_y15_24,edu_isced11_3,2012,62.702
swe,sex_t,age_10yrbands_y15_24,edu_isced11_3,2013,61.534
swe,sex_t,age_10yrbands_y15_24,edu_isced11_3,2014,58.782
swe,sex_t,age_10yrbands_y15_24,edu_isced11_3,2015,45.54
swe,sex_t,age_10yrbands_y15_24,edu_isced11_3,2016,37.56
swe,sex_t,age_10yrbands_y15_24,edu_isced11_3,2017,34.374
swe,sex_t,age_10yrbands_y15_24,edu_isced11_3,2018,29.712
swe,sex_t,age_10yrbands_y15_24,edu_isced11_3,2019,29.728
swe,sex_t,age_10yrbands_y15_24,edu_isced11_3,2020,38.842
swe,sex_t,age_10yrbands_y15_24,edu_isced11_3,2021,32.772
swe,sex_t,age_10yrbands_y15_24,edu_isced11_3,2022,26.99
swe,sex_t,age_10yrbands_y15_24,edu_isced11_3,2023,30.404
swe,sex_t,age_10yrbands_y15_24,edu_isced11_4,2006,5.351
swe,sex_t,age_10yrbands_y15_24,edu_isced11_4,2007,5.914
swe,sex_t,age_10yrbands_y15_24,edu_isced11_4,2008,6.434
swe,sex_t,age_10yrbands_y15_24,edu_isced11_4,2009,8.495
swe,sex_t,age_10yrbands_y15_24,edu_isced11_4,2010,8.8
swe,sex_t,age_10yrbands_y15_24,edu_isced11_4,2011,8.881
swe,sex_t,age_10yrbands_y15_24,edu_isced11_4,2012,10.359
swe,sex_t,age_10yrbands_y15_24,edu_isced11_4,2013,10.786
swe,sex_t,age_10yrbands_y15_24,edu_isced11_4,2014,10.995
swe,sex_t,age_10yrbands_y15_24,edu_isced11_4,2015,10.222
swe,sex_t,age_10yrbands_y15_24,edu_isced11_4,2016,9.239
swe,sex_t,age_10yrbands_y15_24,edu_isced11_4,2017,7.131
swe,sex_t,age_10yrbands_y15_24,edu_isced11_4,2018,8.35
swe,sex_t,age_10yrbands_y15_24,edu_isced11_4,2019,9.983
swe,sex_t,age_10yrbands_y15_24,edu_isced11_4,2020,11.457
swe,sex_t,age_10yrbands_y15_24,edu_isced11_4,2021,9.3
swe,sex_t,age_10yrbands_y15_24,edu_isced11_4,2022,9.29
swe,sex_t,age_10yrbands_y15_24,edu_isced11_4,2023,11.327
swe,sex_t,age_10yrbands_y15_24,edu_isced11_5,2006,5.049
swe,sex_t,age_10yrbands_y15_24,edu_isced11_5,2007,5.046
swe,sex_t,age_10yrbands_y15_24,edu_isced11_5,2008,5.433
swe,sex_t,age_10yrbands_y15_24,edu_isced11_5,2009,5.876
swe,sex_t,age_10yrbands_y15_24,edu_isced11_5,2010,7.149
swe,sex_t,age_10yrbands_y15_24,edu_isced11_5,2011,6.23
swe,sex_t,age_10yrbands_y15_24,edu_isced11_5,2012,8.81
swe,sex_t,age_10yrbands_y15_24,edu_isced11_5,2013,10.752
swe,sex_t,age_10yrbands_y15_24,edu_isced11_5,2014,5.572
swe,sex_t,age_10yrbands_y15_24,edu_isced11_5,2015,4.875
swe,sex_t,age_10yrbands_y15_24,edu_isced11_5,2016,4.649
swe,sex_t,age_10yrbands_y15_24,edu_isced11_5,2017,3.926
swe,sex_t,age_10yrbands_y15_24,edu_isced11_5,2018,4.302
swe,sex_t,age_10yrbands_y15_24,edu_isced11_5,2019,4.597
swe,sex_t,age_10yrbands_y15_24,edu_isced11_5,2020,5.197
swe,sex_t,age_10yrbands_y15_24,edu_isced11_5,2021,2.967
swe,sex_t,age_10yrbands_y15_24,edu_isced11_5,2022,2.054
swe,sex_t,age_10yrbands_y15_24,edu_isced11_5,2023,5.058
swe,sex_t,age_10yrbands_y15_24,edu_isced11_6,2014,4.131
swe,sex_t,age_10yrbands_y15_24,edu_isced11_6,2015,3.772
swe,sex_t,age_10yrbands_y15_24,edu_isced11_6,2016,3.059
swe,sex_t,age_10yrbands_y15_24,edu_isced11_6,2017,2.976
swe,sex_t,age_10yrbands_y15_24,edu_isced11_6,2018,1.632
swe,sex_t,age_10yrbands_y15_24,edu_isced11_6,2019,2.737
swe,sex_t,age_10yrbands_y15_24,edu_isced11_6,2020,3.041
swe,sex_t,age_10yrbands_y15_24,edu_isced11_6,2021,3.23
swe,sex_t,age_10yrbands_y15_24,edu_isced11_6,2022,2.625
swe,sex_t,age_10yrbands_y15_24,edu_isced11_6,2023,2.941
swe,sex_t,age_10yrbands_y15_24,edu_isced11_7,2014,0.554
swe,sex_t,age_10yrbands_y15_24,edu_isced11_7,2015,0.512
swe,sex_t,age_10yrbands_y15_24,edu_isced11_7,2016,0.464
swe,sex_t,age_10yrbands_y15_24,edu_isced11_7,2017,0.397
swe,sex_t,age_10yrbands_y15_24,edu_isced11_7,2019,0.612
swe,sex_t,age_10yrbands_y15_24,edu_isced11_7,2020,1.292
swe,sex_t,age_10yrbands_y15_24,edu_isced11_9,2006,1.893
swe,sex_t,age_10yrbands_y15_24,edu_isced11_9,2007,3.467
swe,sex_t,age_10yrbands_y15_24,edu_isced11_9,2008,1.726
swe,sex_t,age_10yrbands_y15_24,edu_isced11_9,2009,1.984
swe,sex_t,age_10yrbands_y15_24,edu_isced11_9,2010,1.16
swe,sex_t,age_10yrbands_y15_24,edu_isced11_9,2011,1.256
swe,sex_t,age_10yrbands_y15_24,edu_isced11_9,2012,1.1
swe,sex_t,age_10yrbands_y15_24,edu_isced11_9,2013,0.44
swe,sex_t,age_10yrbands_y15_24,edu_isced11_9,2014,0.565
swe,sex_t,age_10yrbands_y15_24,edu_isced11_9,2016,0.657
swe,sex_t,age_10yrbands_y15_24,edu_isced11_9,2017,0.59
swe,sex_t,age_10yrbands_y15_24,edu_isced11_9,2018,0.828
swe,sex_t,age_10yrbands_y15_24,edu_isced11_9,2019,1.585
swe,sex_t,age_10yrbands_y15_24,edu_isced11_9,2020,1.88
swe,sex_t,age_10yrbands_y15_24,edu_isced11_9,2021,6.036
swe,sex_t,age_10yrbands_y15_24,edu_isced11_9,2022,3.636
swe,sex_t,age_10yrbands_y15_24,edu_isced11_9,2023,4.519
swe,sex_t,age_10yrbands_y15_24,edu_isced11_total,2006,125.71
swe,sex_t,age_10yrbands_y15_24,edu_isced11_total,2007,118.33
swe,sex_t,age_10yrbands_y15_24,edu_isced11_total,2008,128.78
swe,sex_t,age_10yrbands_y15_24,edu_isced11_total,2009,157.228
swe,sex_t,age_10yrbands_y15_24,edu_isced11_total,2010,159.305
swe,sex_t,age_10yrbands_y15_24,edu_isced11_total,2011,150.714
swe,sex_t,age_10yrbands_y15_24,edu_isced11_total,2012,154.027
swe,sex_t,age_10yrbands_y15_24,edu_isced11_total,2013,157.177
swe,sex_t,age_10yrbands_y15_24,edu_isced11_total,2014,153.267
swe,sex_t,age_10yrbands_y15_24,edu_isced11_total,2015,133.923
swe,sex_t,age_10yrbands_y15_24,edu_isced11_total,2016,121.625
swe,sex_t,age_10yrbands_y15_24,edu_isced11_total,2017,114.182
swe,sex_t,age_10yrbands_y15_24,edu_isced11_total,2018,109.261
swe,sex_t,age_10yrbands_y15_24,edu_isced11_total,2019,128.245
swe,sex_t,age_10yrbands_y15_24,edu_isced11_total,2020,144.242
swe,sex_t,age_10yrbands_y15_24,edu_isced11_total,2021,154.407
swe,sex_t,age_10yrbands_y15_24,edu_isced11_total,2022,144.522
swe,sex_t,age_10yrbands_y15_24,edu_isced11_total,2023,150.831
swe,sex_t,age_10yrbands_y25_34,edu_aggregate_adv,1995,16.884
swe,sex_t,age_10yrbands_y25_34,edu_aggregate_adv,1996,13.337
swe,sex_t,age_10yrbands_y25_34,edu_aggregate_adv,1997,12.217
swe,sex_t,age_10yrbands_y25_34,edu_aggregate_adv,1998,17.294
swe,sex_t,age_10yrbands_y25_34,edu_aggregate_adv,1999,12.742
swe,sex_t,age_10yrbands_y25_34,edu_aggregate_adv,2000,8.322
swe,sex_t,age_10yrbands_y25_34,edu_aggregate_adv,2001,8.266
swe,sex_t,age_10yrbands_y25_34,edu_aggregate_adv,2002,11.746
swe,sex_t,age_10yrbands_y25_34,edu_aggregate_adv,2003,15.361
swe,sex_t,age_10yrbands_y25_34,edu_aggregate_adv,2004,19.256
swe,sex_t,age_10yrbands_y25_34,edu_aggregate_adv,2005,27.289
swe,sex_t,age_10yrbands_y25_34,edu_aggregate_adv,2006,22.128
swe,sex_t,age_10yrbands_y25_34,edu_aggregate_adv,2007,18.876
swe,sex_t,age_10yrbands_y25_34,edu_aggregate_adv,2008,18.037
swe,sex_t,age_10yrbands_y25_34,edu_aggregate_adv,2009,24.747
swe,sex_t,age_10yrbands_y25_34,edu_aggregate_adv,2010,24.895
swe,sex_t,age_10yrbands_y25_34,edu_aggregate_adv,2011,22.716
swe,sex_t,age_10yrbands_y25_34,edu_aggregate_adv,2012,24.968
swe,sex_t,age_10yrbands_y25_34,edu_aggregate_adv,2013,25.465
swe,sex_t,age_10yrbands_y25_34,edu_aggregate_adv,2014,25.843
swe,sex_t,age_10yrbands_y25_34,edu_aggregate_adv,2015,27.767
swe,sex_t,age_10yrbands_y25_34,edu_aggregate_adv,2016,27.279
swe,sex_t,age_10yrbands_y25_34,edu_aggregate_adv,2017,28.848
swe,sex_t,age_10yrbands_y25_34,edu_aggregate_adv,2018,28.066
swe,sex_t,age_10yrbands_y25_34,edu_aggregate_adv,2019,27.147
swe,sex_t,age_10yrbands_y25_34,edu_aggregate_adv,2020,40.106
swe,sex_t,age_10yrbands_y25_34,edu_aggregate_adv,2021,36.845
swe,sex_t,age_10yrbands_y25_34,edu_aggregate_adv,2022,27.746
swe,sex_t,age_10yrbands_y25_34,edu_aggregate_adv,2023,30.398
swe,sex_t,age_10yrbands_y25_34,edu_aggregate_bas,1995,23.846
swe,sex_t,age_10yrbands_y25_34,edu_aggregate_bas,1996,24.552
swe,sex_t,age_10yrbands_y25_34,edu_aggregate_bas,1997,31.254
swe,sex_t,age_10yrbands_y25_34,edu_aggregate_bas,1998,26.67
swe,sex_t,age_10yrbands_y25_34,edu_aggregate_bas,1999,23.247
swe,sex_t,age_10yrbands_y25_34,edu_aggregate_bas,2000,18.03
swe,sex_t,age_10yrbands_y25_34,edu_aggregate_bas,2001,8.63
swe,sex_t,age_10yrbands_y25_34,edu_aggregate_bas,2002,7.193
swe,sex_t,age_10yrbands_y25_34,edu_aggregate_bas,2003,9.92
swe,sex_t,age_10yrbands_y25_34,edu_aggregate_bas,2004,9.356
swe,sex_t,age_10yrbands_y25_34,edu_aggregate_bas,2005,15.034
swe,sex_t,age_10yrbands_y25_34,edu_aggregate_bas,2006,17.86
swe,sex_t,age_10yrbands_y25_34,edu_aggregate_bas,2007,16.001
swe,sex_t,age_10yrbands_y25_34,edu_aggregate_bas,2008,15.457
swe,sex_t,age_10yrbands_y25_34,edu_aggregate_bas,2009,21.961
swe,sex_t,age_10yrbands_y25_34,edu_aggregate_bas,2010,21.759
swe,sex_t,age_10yrbands_y25_34,edu_aggregate_bas,2011,22.496
swe,sex_t,age_10yrbands_y25_34,edu_aggregate_bas,2012,25.235
swe,sex_t,age_10yrbands_y25_34,edu_aggregate_bas,2013,26.617
swe,sex_t,age_10yrbands_y25_34,edu_aggregate_bas,2014,28.215
swe,sex_t,age_10yrbands_y25_34,edu_aggregate_bas,2015,26.151
swe,sex_t,age_10yrbands_y25_34,edu_aggregate_bas,2016,23.889
swe,sex_t,age_10yrbands_y25_34,edu_aggregate_bas,2017,26.492
swe,sex_t,age_10yrbands_y25_34,edu_aggregate_bas,2018,28.037
swe,sex_t,age_10yrbands_y25_34,edu_aggregate_bas,2019,26.438
swe,sex_t,age_10yrbands_y25_34,edu_aggregate_bas,2020,35.567
swe,sex_t,age_10yrbands_y25_34,edu_aggregate_bas,2021,36.923
swe,sex_t,age_10yrbands_y25_34,edu_aggregate_bas,2022,26.672
swe,sex_t,age_10yrbands_y25_34,edu_aggregate_bas,2023,27.739
swe,sex_t,age_10yrbands_y25_34,edu_aggregate_int,1995,66.89
swe,sex_t,age_10yrbands_y25_34,edu_aggregate_int,1996,80.569
swe,sex_t,age_10yrbands_y25_34,edu_aggregate_int,1997,81.386
swe,sex_t,age_10yrbands_y25_34,edu_aggregate_int,1998,64.672
swe,sex_t,age_10yrbands_y25_34,edu_aggregate_int,1999,47.857
swe,sex_t,age_10yrbands_y25_34,edu_aggregate_int,2000,30.563
swe,sex_t,age_10yrbands_y25_34,edu_aggregate_int,2001,28.364
swe,sex_t,age_10yrbands_y25_34,edu_aggregate_int,2002,30.438
swe,sex_t,age_10yrbands_y25_34,edu_aggregate_int,2003,33.514
swe,sex_t,age_10yrbands_y25_34,edu_aggregate_int,2004,41.23
swe,sex_t,age_10yrbands_y25_34,edu_aggregate_int,2005,45.827
swe,sex_t,age_10yrbands_y25_34,edu_aggregate_int,2006,30.712
swe,sex_t,age_10yrbands_y25_34,edu_aggregate_int,2007,23.899
swe,sex_t,age_10yrbands_y25_34,edu_aggregate_int,2008,23.39
swe,sex_t,age_10yrbands_y25_34,edu_aggregate_int,2009,35.127
swe,sex_t,age_10yrbands_y25_34,edu_aggregate_int,2010,35.086
swe,sex_t,age_10yrbands_y25_34,edu_aggregate_int,2011,29.591
swe,sex_t,age_10yrbands_y25_34,edu_aggregate_int,2012,31.848
swe,sex_t,age_10yrbands_y25_34,edu_aggregate_int,2013,33.398
swe,sex_t,age_10yrbands_y25_34,edu_aggregate_int,2014,30.812
swe,sex_t,age_10yrbands_y25_34,edu_aggregate_int,2015,30.08
swe,sex_t,age_10yrbands_y25_34,edu_aggregate_int,2016,29.146
swe,sex_t,age_10yrbands_y25_34,edu_aggregate_int,2017,27.55
swe,sex_t,age_10yrbands_y25_34,edu_aggregate_int,2018,24.553
swe,sex_t,age_10yrbands_y25_34,edu_aggregate_int,2019,25.37
swe,sex_t,age_10yrbands_y25_34,edu_aggregate_int,2020,33.62
swe,sex_t,age_10yrbands_y25_34,edu_aggregate_int,2021,38.496
swe,sex_t,age_10yrbands_y25_34,edu_aggregate_int,2022,28.74
swe,sex_t,age_10yrbands_y25_34,edu_aggregate_int,2023,32.018
swe,sex_t,age_10yrbands_y25_34,edu_aggregate_total,1995,107.925
swe,sex_t,age_10yrbands_y25_34,edu_aggregate_total,1996,119.157
swe,sex_t,age_10yrbands_y25_34,edu_aggregate_total,1997,126.36
swe,sex_t,age_10yrbands_y25_34,edu_aggregate_total,1998,110.112
swe,sex_t,age_10yrbands_y25_34,edu_aggregate_total,1999,83.847
swe,sex_t,age_10yrbands_y25_34,edu_aggregate_total,2000,57.573
swe,sex_t,age_10yrbands_y25_34,edu_aggregate_total,2001,45.782
swe,sex_t,age_10yrbands_y25_34,edu_aggregate_total,2002,49.77
swe,sex_t,age_10yrbands_y25_34,edu_aggregate_total,2003,59.312
swe,sex_t,age_10yrbands_y25_34,edu_aggregate_total,2004,70.272
swe,sex_t,age_10yrbands_y25_34,edu_aggregate_total,2005,88.689
swe,sex_t,age_10yrbands_y25_34,edu_aggregate_total,2006,72.101
swe,sex_t,age_10yrbands_y25_34,edu_aggregate_total,2007,59.302
swe,sex_t,age_10yrbands_y25_34,edu_aggregate_total,2008,57.114
swe,sex_t,age_10yrbands_y25_34,edu_aggregate_total,2009,82.61
swe,sex_t,age_10yrbands_y25_34,edu_aggregate_total,2010,82.663
swe,sex_t,age_10yrbands_y25_34,edu_aggregate_total,2011,75.678
swe,sex_t,age_10yrbands_y25_34,edu_aggregate_total,2012,82.638
swe,sex_t,age_10yrbands_y25_34,edu_aggregate_total,2013,86.031
swe,sex_t,age_10yrbands_y25_34,edu_aggregate_total,2014,85.016
swe,sex_t,age_10yrbands_y25_34,edu_aggregate_total,2015,84.672
swe,sex_t,age_10yrbands_y25_34,edu_aggregate_total,2016,80.592
swe,sex_t,age_10yrbands_y25_34,edu_aggregate_total,2017,83.306
swe,sex_t,age_10yrbands_y25_34,edu_aggregate_total,2018,81.427
swe,sex_t,age_10yrbands_y25_34,edu_aggregate_total,2019,79.016
swe,sex_t,age_10yrbands_y25_34,edu_aggregate_total,2020,109.702
swe,sex_t,age_10yrbands_y25_34,edu_aggregate_total,2021,112.847
swe,sex_t,age_10yrbands_y25_34,edu_aggregate_total,2022,84.022
swe,sex_t,age_10yrbands_y25_34,edu_aggregate_total,2023,91.333
swe,sex_t,age_10yrbands_y25_34,edu_aggregate_x,2003,0.517
swe,sex_t,age_10yrbands_y25_34,edu_aggregate_x,2005,0.54
swe,sex_t,age_10yrbands_y25_34,edu_aggregate_x,2006,1.4
swe,sex_t,age_10yrbands_y25_34,edu_aggregate_x,2007,0.526
swe,sex_t,age_10yrbands_y25_34,edu_aggregate_x,2008,0.23
swe,sex_t,age_10yrbands_y25_34,edu_aggregate_x,2009,0.775
swe,sex_t,age_10yrbands_y25_34,edu_aggregate_x,2010,0.923
swe,sex_t,age_10yrbands_y25_34,edu_aggregate_x,2011,0.875
swe,sex_t,age_10yrbands_y25_34,edu_aggregate_x,2012,0.588
swe,sex_t,age_10yrbands_y25_34,edu_aggregate_x,2013,0.55
swe,sex_t,age_10yrbands_y25_34,edu_aggregate_x,2015,0.674
swe,sex_t,age_10yrbands_y25_34,edu_aggregate_x,2016,0.278
swe,sex_t,age_10yrbands_y25_34,edu_aggregate_x,2017,0.416
swe,sex_t,age_10yrbands_y25_34,edu_aggregate_x,2018,0.771
swe,sex_t,age_10yrbands_y25_34,edu_aggregate_x,2022,0.865
swe,sex_t,age_10yrbands_y25_34,edu_aggregate_x,2023,1.179
swe,sex_t,age_10yrbands_y25_34,edu_isced11_1,2006,3.122
swe,sex_t,age_10yrbands_y25_34,edu_isced11_1,2007,2.181
swe,sex_t,age_10yrbands_y25_34,edu_isced11_1,2008,2.956
swe,sex_t,age_10yrbands_y25_34,edu_isced11_1,2009,4.592
swe,sex_t,age_10yrbands_y25_34,edu_isced11_1,2010,5.039
swe,sex_t,age_10yrbands_y25_34,edu_isced11_1,2011,7.208
swe,sex_t,age_10yrbands_y25_34,edu_isced11_1,2012,6.323
swe,sex_t,age_10yrbands_y25_34,edu_isced11_1,2013,6.14
swe,sex_t,age_10yrbands_y25_34,edu_isced11_1,2014,7.479
swe,sex_t,age_10yrbands_y25_34,edu_isced11_1,2015,9.415
swe,sex_t,age_10yrbands_y25_34,edu_isced11_1,2016,8.899
swe,sex_t,age_10yrbands_y25_34,edu_isced11_1,2017,7.795
swe,sex_t,age_10yrbands_y25_34,edu_isced11_1,2018,10.391
swe,sex_t,age_10yrbands_y25_34,edu_isced11_1,2019,7.087
swe,sex_t,age_10yrbands_y25_34,edu_isced11_1,2020,10.898
swe,sex_t,age_10yrbands_y25_34,edu_isced11_1,2021,12.499
swe,sex_t,age_10yrbands_y25_34,edu_isced11_1,2022,8.084
swe,sex_t,age_10yrbands_y25_34,edu_isced11_1,2023,7.468
swe,sex_t,age_10yrbands_y25_34,edu_isced11_2,2006,14.738
swe,sex_t,age_10yrbands_y25_34,edu_isced11_2,2007,13.82
swe,sex_t,age_10yrbands_y25_34,edu_isced11_2,2008,12.501
swe,sex_t,age_10yrbands_y25_34,edu_isced11_2,2009,17.369
swe,sex_t,age_10yrbands_y25_34,edu_isced11_2,2010,16.72
swe,sex_t,age_10yrbands_y25_34,edu_isced11_2,2011,15.288
swe,sex_t,age_10yrbands_y25_34,edu_isced11_2,2012,18.912
swe,sex_t,age_10yrbands_y25_34,edu_isced11_2,2013,20.477
swe,sex_t,age_10yrbands_y25_34,edu_isced11_2,2014,20.737
swe,sex_t,age_10yrbands_y25_34,edu_isced11_2,2015,16.736
swe,sex_t,age_10yrbands_y25_34,edu_isced11_2,2016,14.99
swe,sex_t,age_10yrbands_y25_34,edu_isced11_2,2017,18.697
swe,sex_t,age_10yrbands_y25_34,edu_isced11_2,2018,17.646
swe,sex_t,age_10yrbands_y25_34,edu_isced11_2,2019,19.351
swe,sex_t,age_10yrbands_y25_34,edu_isced11_2,2020,24.67
swe,sex_t,age_10yrbands_y25_34,edu_isced11_2,2021,24.424
swe,sex_t,age_10yrbands_y25_34,edu_isced11_2,2022,18.588
swe,sex_t,age_10yrbands_y25_34,edu_isced11_2,2023,20.271
swe,sex_t,age_10yrbands_y25_34,edu_isced11_3,2006,26.142
swe,sex_t,age_10yrbands_y25_34,edu_isced11_3,2007,19.135
swe,sex_t,age_10yrbands_y25_34,edu_isced11_3,2008,18.994
swe,sex_t,age_10yrbands_y25_34,edu_isced11_3,2009,29.749
swe,sex_t,age_10yrbands_y25_34,edu_isced11_3,2010,28.481
swe,sex_t,age_10yrbands_y25_34,edu_isced11_3,2011,22.395
swe,sex_t,age_10yrbands_y25_34,edu_isced11_3,2012,23.266
swe,sex_t,age_10yrbands_y25_34,edu_isced11_3,2013,25.187
swe,sex_t,age_10yrbands_y25_34,edu_isced11_3,2014,23.054
swe,sex_t,age_10yrbands_y25_34,edu_isced11_3,2015,23.108
swe,sex_t,age_10yrbands_y25_34,edu_isced11_3,2016,21.08
swe,sex_t,age_10yrbands_y25_34,edu_isced11_3,2017,20.236
swe,sex_t,age_10yrbands_y25_34,edu_isced11_3,2018,18.769
swe,sex_t,age_10yrbands_y25_34,edu_isced11_3,2019,18.041
swe,sex_t,age_10yrbands_y25_34,edu_isced11_3,2020,24.383
swe,sex_t,age_10yrbands_y25_34,edu_isced11_3,2021,27.934
swe,sex_t,age_10yrbands_y25_34,edu_isced11_3,2022,21.663
swe,sex_t,age_10yrbands_y25_34,edu_isced11_3,2023,22.219
swe,sex_t,age_10yrbands_y25_34,edu_isced11_4,2006,4.57
swe,sex_t,age_10yrbands_y25_34,edu_isced11_4,2007,4.764
swe,sex_t,age_10yrbands_y25_34,edu_isced11_4,2008,4.396
swe,sex_t,age_10yrbands_y25_34,edu_isced11_4,2009,5.378
swe,sex_t,age_10yrbands_y25_34,edu_isced11_4,2010,6.605
swe,sex_t,age_10yrbands_y25_34,edu_isced11_4,2011,7.196
swe,sex_t,age_10yrbands_y25_34,edu_isced11_4,2012,8.582
swe,sex_t,age_10yrbands_y25_34,edu_isced11_4,2013,8.211
swe,sex_t,age_10yrbands_y25_34,edu_isced11_4,2014,7.757
swe,sex_t,age_10yrbands_y25_34,edu_isced11_4,2015,6.972
swe,sex_t,age_10yrbands_y25_34,edu_isced11_4,2016,8.067
swe,sex_t,age_10yrbands_y25_34,edu_isced11_4,2017,7.314
swe,sex_t,age_10yrbands_y25_34,edu_isced11_4,2018,5.784
swe,sex_t,age_10yrbands_y25_34,edu_isced11_4,2019,7.33
swe,sex_t,age_10yrbands_y25_34,edu_isced11_4,2020,9.238
swe,sex_t,age_10yrbands_y25_34,edu_isced11_4,2021,10.562
swe,sex_t,age_10yrbands_y25_34,edu_isced11_4,2022,7.077
swe,sex_t,age_10yrbands_y25_34,edu_isced11_4,2023,9.8
swe,sex_t,age_10yrbands_y25_34,edu_isced11_5,2006,22.128
swe,sex_t,age_10yrbands_y25_34,edu_isced11_5,2007,18.876
swe,sex_t,age_10yrbands_y25_34,edu_isced11_5,2008,18.037
swe,sex_t,age_10yrbands_y25_34,edu_isced11_5,2009,24.747
swe,sex_t,age_10yrbands_y25_34,edu_isced11_5,2010,24.895
swe,sex_t,age_10yrbands_y25_34,edu_isced11_5,2011,22.716
swe,sex_t,age_10yrbands_y25_34,edu_isced11_5,2012,24.968
swe,sex_t,age_10yrbands_y25_34,edu_isced11_5,2013,25.465
swe,sex_t,age_10yrbands_y25_34,edu_isced11_5,2014,8.371
swe,sex_t,age_10yrbands_y25_34,edu_isced11_5,2015,9.736
swe,sex_t,age_10yrbands_y25_34,edu_isced11_5,2016,8.524
swe,sex_t,age_10yrbands_y25_34,edu_isced11_5,2017,9.393
swe,sex_t,age_10yrbands_y25_34,edu_isced11_5,2018,10.223
swe,sex_t,age_10yrbands_y25_34,edu_isced11_5,2019,11.239
swe,sex_t,age_10yrbands_y25_34,edu_isced11_5,2020,13.684
swe,sex_t,age_10yrbands_y25_34,edu_isced11_5,2021,13.397
swe,sex_t,age_10yrbands_y25_34,edu_isced11_5,2022,9.138
swe,sex_t,age_10yrbands_y25_34,edu_isced11_5,2023,9.375
swe,sex_t,age_10yrbands_y25_34,edu_isced11_6,2014,12.547
swe,sex_t,age_10yrbands_y25_34,edu_isced11_6,2015,12.842
swe,sex_t,age_10yrbands_y25_34,edu_isced11_6,2016,10.929
swe,sex_t,age_10yrbands_y25_34,edu_isced11_6,2017,11.83
swe,sex_t,age_10yrbands_y25_34,edu_isced11_6,2018,11.759
swe,sex_t,age_10yrbands_y25_34,edu_isced11_6,2019,11.868
swe,sex_t,age_10yrbands_y25_34,edu_isced11_6,2020,19.282
swe,sex_t,age_10yrbands_y25_34,edu_isced11_6,2021,16.01
swe,sex_t,age_10yrbands_y25_34,edu_isced11_6,2022,14.093
swe,sex_t,age_10yrbands_y25_34,edu_isced11_6,2023,13.532
swe,sex_t,age_10yrbands_y25_34,edu_isced11_7,2014,4.889
swe,sex_t,age_10yrbands_y25_34,edu_isced11_7,2015,5.019
swe,sex_t,age_10yrbands_y25_34,edu_isced11_7,2016,7.089
swe,sex_t,age_10yrbands_y25_34,edu_isced11_7,2017,7.104
swe,sex_t,age_10yrbands_y25_34,edu_isced11_7,2018,5.771
swe,sex_t,age_10yrbands_y25_34,edu_isced11_7,2019,3.611
swe,sex_t,age_10yrbands_y25_34,edu_isced11_7,2020,6.59
swe,sex_t,age_10yrbands_y25_34,edu_isced11_7,2021,7.272
swe,sex_t,age_10yrbands_y25_34,edu_isced11_7,2022,4.002
swe,sex_t,age_10yrbands_y25_34,edu_isced11_7,2023,6.258
swe,sex_t,age_10yrbands_y25_34,edu_isced11_8,2016,0.738
swe,sex_t,age_10yrbands_y25_34,edu_isced11_8,2017,0.521
swe,sex_t,age_10yrbands_y25_34,edu_isced11_8,2019,0.428
swe,sex_t,age_10yrbands_y25_34,edu_isced11_8,2020,0.55
swe,sex_t,age_10yrbands_y25_34,edu_isced11_8,2023,1.234
swe,sex_t,age_10yrbands_y25_34,edu_isced11_9,2006,1.4
swe,sex_t,age_10yrbands_y25_34,edu_isced11_9,2007,0.526
swe,sex_t,age_10yrbands_y25_34,edu_isced11_9,2008,0.23
swe,sex_t,age_10yrbands_y25_34,edu_isced11_9,2009,0.775
swe,sex_t,age_10yrbands_y25_34,edu_isced11_9,2010,0.923
swe,sex_t,age_10yrbands_y25_34,edu_isced11_9,2011,0.875
swe,sex_t,age_10yrbands_y25_34,edu_isced11_9,2012,0.588
swe,sex_t,age_10yrbands_y25_34,edu_isced11_9,2013,0.55
swe,sex_t,age_10yrbands_y25_34,edu_isced11_9,2015,0.674
swe,sex_t,age_10yrbands_y25_34,edu_isced11_9,2016,0.278
swe,sex_t,age_10yrbands_y25_34,edu_isced11_9,2017,0.416
swe,sex_t,age_10yrbands_y25_34,edu_isced11_9,2018,0.771
swe,sex_t,age_10yrbands_y25_34,edu_isced11_9,2022,0.865
swe,sex_t,age_10yrbands_y25_34,edu_isced11_9,2023,1.179
swe,sex_t,age_10yrbands_y25_34,edu_isced11_total,2006,72.101
swe,sex_t,age_10yrbands_y25_34,edu_isced11_total,2007,59.302
swe,sex_t,age_10yrbands_y25_34,edu_isced11_total,2008,57.114
swe,sex_t,age_10yrbands_y25_34,edu_isced11_total,2009,82.61
swe,sex_t,age_10yrbands_y25_34,edu_isced11_total,2010,82.663
swe,sex_t,age_10yrbands_y25_34,edu_isced11_total,2011,75.678
swe,sex_t,age_10yrbands_y25_34,edu_isced11_total,2012,82.638
swe,sex_t,age_10yrbands_y25_34,edu_isced11_total,2013,86.031
swe,sex_t,age_10yrbands_y25_34,edu_isced11_total,2014,85.016
swe,sex_t,age_10yrbands_y25_34,edu_isced11_total,2015,84.672
swe,sex_t,age_10yrbands_y25_34,edu_isced11_total,2016,80.592
swe,sex_t,age_10yrbands_y25_34,edu_isced11_total,2017,83.306
swe,sex_t,age_10yrbands_y25_34,edu_isced11_total,2018,81.427
swe,sex_t,age_10yrbands_y25_34,edu_isced11_total,2019,79.016
swe,sex_t,age_10yrbands_y25_34,edu_isced11_total,2020,109.702
swe,sex_t,age_10yrbands_y25_34,edu_isced11_total,2021,112.847
swe,sex_t,age_10yrbands_y25_34,edu_isced11_total,2022,84.022
swe,sex_t,age_10yrbands_y25_34,edu_isced11_total,2023,91.333
swe,sex_t,age_10yrbands_y35_44,edu_aggregate_adv,1995,12.176
swe,sex_t,age_10yrbands_y35_44,edu_aggregate_adv,1996,16.806
swe,sex_t,age_10yrbands_y35_44,edu_aggregate_adv,1997,16.829
swe,sex_t,age_10yrbands_y35_44,edu_aggregate_adv,1998,20.399
swe,sex_t,age_10yrbands_y35_44,edu_aggregate_adv,1999,16.148
swe,sex_t,age_10yrbands_y35_44,edu_aggregate_adv,2000,7.228
swe,sex_t,age_10yrbands_y35_44,edu_aggregate_adv,2001,7.204
swe,sex_t,age_10yrbands_y35_44,edu_aggregate_adv,2002,7.255
swe,sex_t,age_10yrbands_y35_44,edu_aggregate_adv,2003,12.684
swe,sex_t,age_10yrbands_y35_44,edu_aggregate_adv,2004,12.569
swe,sex_t,age_10yrbands_y35_44,edu_aggregate_adv,2005,15.611
swe,sex_t,age_10yrbands_y35_44,edu_aggregate_adv,2006,14.006
swe,sex_t,age_10yrbands_y35_44,edu_aggregate_adv,2007,11.775
swe,sex_t,age_10yrbands_y35_44,edu_aggregate_adv,2008,10.823
swe,sex_t,age_10yrbands_y35_44,edu_aggregate_adv,2009,15.206
swe,sex_t,age_10yrbands_y35_44,edu_aggregate_adv,2010,17.462
swe,sex_t,age_10yrbands_y35_44,edu_aggregate_adv,2011,16.265
swe,sex_t,age_10yrbands_y35_44,edu_aggregate_adv,2012,15.975
swe,sex_t,age_10yrbands_y35_44,edu_aggregate_adv,2013,17.628
swe,sex_t,age_10yrbands_y35_44,edu_aggregate_adv,2014,20.854
swe,sex_t,age_10yrbands_y35_44,edu_aggregate_adv,2015,20.677
swe,sex_t,age_10yrbands_y35_44,edu_aggregate_adv,2016,18.881
swe,sex_t,age_10yrbands_y35_44,edu_aggregate_adv,2017,22.263
swe,sex_t,age_10yrbands_y35_44,edu_aggregate_adv,2018,17.915
swe,sex_t,age_10yrbands_y35_44,edu_aggregate_adv,2019,18.203
swe,sex_t,age_10yrbands_y35_44,edu_aggregate_adv,2020,27.752
swe,sex_t,age_10yrbands_y35_44,edu_aggregate_adv,2021,27.832
swe,sex_t,age_10yrbands_y35_44,edu_aggregate_adv,2022,20.218
swe,sex_t,age_10yrbands_y35_44,edu_aggregate_adv,2023,26.078
swe,sex_t,age_10yrbands_y35_44,edu_aggregate_bas,1995,23.182
swe,sex_t,age_10yrbands_y35_44,edu_aggregate_bas,1996,22.193
swe,sex_t,age_10yrbands_y35_44,edu_aggregate_bas,1997,23.946
swe,sex_t,age_10yrbands_y35_44,edu_aggregate_bas,1998,17.834
swe,sex_t,age_10yrbands_y35_44,edu_aggregate_bas,1999,19.433
swe,sex_t,age_10yrbands_y35_44,edu_aggregate_bas,2000,12.54
swe,sex_t,age_10yrbands_y35_44,edu_aggregate_bas,2001,6.569
swe,sex_t,age_10yrbands_y35_44,edu_aggregate_bas,2002,7.726
swe,sex_t,age_10yrbands_y35_44,edu_aggregate_bas,2003,8.014
swe,sex_t,age_10yrbands_y35_44,edu_aggregate_bas,2004,7.768
swe,sex_t,age_10yrbands_y35_44,edu_aggregate_bas,2005,13.39
swe,sex_t,age_10yrbands_y35_44,edu_aggregate_bas,2006,14.799
swe,sex_t,age_10yrbands_y35_44,edu_aggregate_bas,2007,13.548
swe,sex_t,age_10yrbands_y35_44,edu_aggregate_bas,2008,14.013
swe,sex_t,age_10yrbands_y35_44,edu_aggregate_bas,2009,19.019
swe,sex_t,age_10yrbands_y35_44,edu_aggregate_bas,2010,19.868
swe,sex_t,age_10yrbands_y35_44,edu_aggregate_bas,2011,20.735
swe,sex_t,age_10yrbands_y35_44,edu_aggregate_bas,2012,19.624
swe,sex_t,age_10yrbands_y35_44,edu_aggregate_bas,2013,21.089
swe,sex_t,age_10yrbands_y35_44,edu_aggregate_bas,2014,21.537
swe,sex_t,age_10yrbands_y35_44,edu_aggregate_bas,2015,23.797
swe,sex_t,age_10yrbands_y35_44,edu_aggregate_bas,2016,25.012
swe,sex_t,age_10yrbands_y35_44,edu_aggregate_bas,2017,23.672
swe,sex_t,age_10yrbands_y35_44,edu_aggregate_bas,2018,26.444
swe,sex_t,age_10yrbands_y35_44,edu_aggregate_bas,2019,28.364
swe,sex_t,age_10yrbands_y35_44,edu_aggregate_bas,2020,30.53
swe,sex_t,age_10yrbands_y35_44,edu_aggregate_bas,2021,34.372
swe,sex_t,age_10yrbands_y35_44,edu_aggregate_bas,2022,32.026
swe,sex_t,age_10yrbands_y35_44,edu_aggregate_bas,2023,26.703
swe,sex_t,age_10yrbands_y35_44,edu_aggregate_int,1995,42.554
swe,sex_t,age_10yrbands_y35_44,edu_aggregate_int,1996,46.595
swe,sex_t,age_10yrbands_y35_44,edu_aggregate_int,1997,50.907
swe,sex_t,age_10yrbands_y35_44,edu_aggregate_int,1998,43.38
swe,sex_t,age_10yrbands_y35_44,edu_aggregate_int,1999,38.822
swe,sex_t,age_10yrbands_y35_44,edu_aggregate_int,2000,30.346
swe,sex_t,age_10yrbands_y35_44,edu_aggregate_int,2001,26.535
swe,sex_t,age_10yrbands_y35_44,edu_aggregate_int,2002,27.366
swe,sex_t,age_10yrbands_y35_44,edu_aggregate_int,2003,28.447
swe,sex_t,age_10yrbands_y35_44,edu_aggregate_int,2004,37.749
swe,sex_t,age_10yrbands_y35_44,edu_aggregate_int,2005,37.823
swe,sex_t,age_10yrbands_y35_44,edu_aggregate_int,2006,26.654
swe,sex_t,age_10yrbands_y35_44,edu_aggregate_int,2007,22.912
swe,sex_t,age_10yrbands_y35_44,edu_aggregate_int,2008,19.44
swe,sex_t,age_10yrbands_y35_44,edu_aggregate_int,2009,28.943
swe,sex_t,age_10yrbands_y35_44,edu_aggregate_int,2010,31.515
swe,sex_t,age_10yrbands_y35_44,edu_aggregate_int,2011,22.937
swe,sex_t,age_10yrbands_y35_44,edu_aggregate_int,2012,22.237
swe,sex_t,age_10yrbands_y35_44,edu_aggregate_int,2013,23.066
swe,sex_t,age_10yrbands_y35_44,edu_aggregate_int,2014,20.754
swe,sex_t,age_10yrbands_y35_44,edu_aggregate_int,2015,17.168
swe,sex_t,age_10yrbands_y35_44,edu_aggregate_int,2016,16.056
swe,sex_t,age_10yrbands_y35_44,edu_aggregate_int,2017,14.339
swe,sex_t,age_10yrbands_y35_44,edu_aggregate_int,2018,12.189
swe,sex_t,age_10yrbands_y35_44,edu_aggregate_int,2019,12.631
swe,sex_t,age_10yrbands_y35_44,edu_aggregate_int,2020,18.334
swe,sex_t,age_10yrbands_y35_44,edu_aggregate_int,2021,18.316
swe,sex_t,age_10yrbands_y35_44,edu_aggregate_int,2022,16.687
swe,sex_t,age_10yrbands_y35_44,edu_aggregate_int,2023,17.38
swe,sex_t,age_10yrbands_y35_44,edu_aggregate_total,1995,77.912
swe,sex_t,age_10yrbands_y35_44,edu_aggregate_total,1996,87.152
swe,sex_t,age_10yrbands_y35_44,edu_aggregate_total,1997,93.714
swe,sex_t,age_10yrbands_y35_44,edu_aggregate_total,1998,82.738
swe,sex_t,age_10yrbands_y35_44,edu_aggregate_total,1999,74.662
swe,sex_t,age_10yrbands_y35_44,edu_aggregate_total,2000,50.865
swe,sex_t,age_10yrbands_y35_44,edu_aggregate_total,2001,40.762
swe,sex_t,age_10yrbands_y35_44,edu_aggregate_total,2002,42.72
swe,sex_t,age_10yrbands_y35_44,edu_aggregate_total,2003,49.56
swe,sex_t,age_10yrbands_y35_44,edu_aggregate_total,2004,58.537
swe,sex_t,age_10yrbands_y35_44,edu_aggregate_total,2005,67.249
swe,sex_t,age_10yrbands_y35_44,edu_aggregate_total,2006,56.386
swe,sex_t,age_10yrbands_y35_44,edu_aggregate_total,2007,48.773
swe,sex_t,age_10yrbands_y35_44,edu_aggregate_total,2008,45.118
swe,sex_t,age_10yrbands_y35_44,edu_aggregate_total,2009,63.997
swe,sex_t,age_10yrbands_y35_44,edu_aggregate_total,2010,69.497
swe,sex_t,age_10yrbands_y35_44,edu_aggregate_total,2011,60.606
swe,sex_t,age_10yrbands_y35_44,edu_aggregate_total,2012,58.56
swe,sex_t,age_10yrbands_y35_44,edu_aggregate_total,2013,62.712
swe,sex_t,age_10yrbands_y35_44,edu_aggregate_total,2014,63.361
swe,sex_t,age_10yrbands_y35_44,edu_aggregate_total,2015,62.161
swe,sex_t,age_10yrbands_y35_44,edu_aggregate_total,2016,60.109
swe,sex_t,age_10yrbands_y35_44,edu_aggregate_total,2017,60.597
swe,sex_t,age_10yrbands_y35_44,edu_aggregate_total,2018,57.163
swe,sex_t,age_10yrbands_y35_44,edu_aggregate_total,2019,60.701
swe,sex_t,age_10yrbands_y35_44,edu_aggregate_total,2020,77.199
swe,sex_t,age_10yrbands_y35_44,edu_aggregate_total,2021,81.243
swe,sex_t,age_10yrbands_y35_44,edu_aggregate_total,2022,69.267
swe,sex_t,age_10yrbands_y35_44,edu_aggregate_total,2023,71.272
swe,sex_t,age_10yrbands_y35_44,edu_aggregate_x,1997,2.033
swe,sex_t,age_10yrbands_y35_44,edu_aggregate_x,2005,0.426
swe,sex_t,age_10yrbands_y35_44,edu_aggregate_x,2006,0.927
swe,sex_t,age_10yrbands_y35_44,edu_aggregate_x,2007,0.537
swe,sex_t,age_10yrbands_y35_44,edu_aggregate_x,2008,0.841
swe,sex_t,age_10yrbands_y35_44,edu_aggregate_x,2009,0.83
swe,sex_t,age_10yrbands_y35_44,edu_aggregate_x,2010,0.652
swe,sex_t,age_10yrbands_y35_44,edu_aggregate_x,2011,0.669
swe,sex_t,age_10yrbands_y35_44,edu_aggregate_x,2012,0.725
swe,sex_t,age_10yrbands_y35_44,edu_aggregate_x,2013,0.93
swe,sex_t,age_10yrbands_y35_44,edu_aggregate_x,2014,0.216
swe,sex_t,age_10yrbands_y35_44,edu_aggregate_x,2015,0.518
swe,sex_t,age_10yrbands_y35_44,edu_aggregate_x,2017,0.324
swe,sex_t,age_10yrbands_y35_44,edu_aggregate_x,2018,0.615
swe,sex_t,age_10yrbands_y35_44,edu_aggregate_x,2019,1.502
swe,sex_t,age_10yrbands_y35_44,edu_aggregate_x,2020,0.583
swe,sex_t,age_10yrbands_y35_44,edu_aggregate_x,2021,0.723
swe,sex_t,age_10yrbands_y35_44,edu_aggregate_x,2023,1.11
swe,sex_t,age_10yrbands_y35_44,edu_isced11_1,2006,4.372
swe,sex_t,age_10yrbands_y35_44,edu_isced11_1,2007,3.349
swe,sex_t,age_10yrbands_y35_44,edu_isced11_1,2008,4.33
swe,sex_t,age_10yrbands_y35_44,edu_isced11_1,2009,4.945
swe,sex_t,age_10yrbands_y35_44,edu_isced11_1,2010,5.134
swe,sex_t,age_10yrbands_y35_44,edu_isced11_1,2011,5.529
swe,sex_t,age_10yrbands_y35_44,edu_isced11_1,2012,5.876
swe,sex_t,age_10yrbands_y35_44,edu_isced11_1,2013,6.625
swe,sex_t,age_10yrbands_y35_44,edu_isced11_1,2014,7.164
swe,sex_t,age_10yrbands_y35_44,edu_isced11_1,2015,8.326
swe,sex_t,age_10yrbands_y35_44,edu_isced11_1,2016,10.105
swe,sex_t,age_10yrbands_y35_44,edu_isced11_1,2017,9.719
swe,sex_t,age_10yrbands_y35_44,edu_isced11_1,2018,11.856
swe,sex_t,age_10yrbands_y35_44,edu_isced11_1,2019,11.909
swe,sex_t,age_10yrbands_y35_44,edu_isced11_1,2020,10.973
swe,sex_t,age_10yrbands_y35_44,edu_isced11_1,2021,14.018
swe,sex_t,age_10yrbands_y35_44,edu_isced11_1,2022,15.078
swe,sex_t,age_10yrbands_y35_44,edu_isced11_1,2023,10.946
swe,sex_t,age_10yrbands_y35_44,edu_isced11_2,2006,10.427
swe,sex_t,age_10yrbands_y35_44,edu_isced11_2,2007,10.199
swe,sex_t,age_10yrbands_y35_44,edu_isced11_2,2008,9.684
swe,sex_t,age_10yrbands_y35_44,edu_isced11_2,2009,14.074
swe,sex_t,age_10yrbands_y35_44,edu_isced11_2,2010,14.733
swe,sex_t,age_10yrbands_y35_44,edu_isced11_2,2011,15.206
swe,sex_t,age_10yrbands_y35_44,edu_isced11_2,2012,13.748
swe,sex_t,age_10yrbands_y35_44,edu_isced11_2,2013,14.464
swe,sex_t,age_10yrbands_y35_44,edu_isced11_2,2014,14.374
swe,sex_t,age_10yrbands_y35_44,edu_isced11_2,2015,15.471
swe,sex_t,age_10yrbands_y35_44,edu_isced11_2,2016,14.907
swe,sex_t,age_10yrbands_y35_44,edu_isced11_2,2017,13.953
swe,sex_t,age_10yrbands_y35_44,edu_isced11_2,2018,14.588
swe,sex_t,age_10yrbands_y35_44,edu_isced11_2,2019,16.456
swe,sex_t,age_10yrbands_y35_44,edu_isced11_2,2020,19.557
swe,sex_t,age_10yrbands_y35_44,edu_isced11_2,2021,20.355
swe,sex_t,age_10yrbands_y35_44,edu_isced11_2,2022,16.948
swe,sex_t,age_10yrbands_y35_44,edu_isced11_2,2023,15.757
swe,sex_t,age_10yrbands_y35_44,edu_isced11_3,2006,22.933
swe,sex_t,age_10yrbands_y35_44,edu_isced11_3,2007,19.264
swe,sex_t,age_10yrbands_y35_44,edu_isced11_3,2008,15.888
swe,sex_t,age_10yrbands_y35_44,edu_isced11_3,2009,24.913
swe,sex_t,age_10yrbands_y35_44,edu_isced11_3,2010,26.786
swe,sex_t,age_10yrbands_y35_44,edu_isced11_3,2011,19.846
swe,sex_t,age_10yrbands_y35_44,edu_isced11_3,2012,17.74
swe,sex_t,age_10yrbands_y35_44,edu_isced11_3,2013,18.959
swe,sex_t,age_10yrbands_y35_44,edu_isced11_3,2014,17.043
swe,sex_t,age_10yrbands_y35_44,edu_isced11_3,2015,14.674
swe,sex_t,age_10yrbands_y35_44,edu_isced11_3,2016,12.623
swe,sex_t,age_10yrbands_y35_44,edu_isced11_3,2017,10.31
swe,sex_t,age_10yrbands_y35_44,edu_isced11_3,2018,9.233
swe,sex_t,age_10yrbands_y35_44,edu_isced11_3,2019,9.396
swe,sex_t,age_10yrbands_y35_44,edu_isced11_3,2020,14.519
swe,sex_t,age_10yrbands_y35_44,edu_isced11_3,2021,14.13
swe,sex_t,age_10yrbands_y35_44,edu_isced11_3,2022,13.831
swe,sex_t,age_10yrbands_y35_44,edu_isced11_3,2023,12.258
swe,sex_t,age_10yrbands_y35_44,edu_isced11_4,2006,3.721
swe,sex_t,age_10yrbands_y35_44,edu_isced11_4,2007,3.648
swe,sex_t,age_10yrbands_y35_44,edu_isced11_4,2008,3.552
swe,sex_t,age_10yrbands_y35_44,edu_isced11_4,2009,4.03
swe,sex_t,age_10yrbands_y35_44,edu_isced11_4,2010,4.729
swe,sex_t,age_10yrbands_y35_44,edu_isced11_4,2011,3.092
swe,sex_t,age_10yrbands_y35_44,edu_isced11_4,2012,4.496
swe,sex_t,age_10yrbands_y35_44,edu_isced11_4,2013,4.107
swe,sex_t,age_10yrbands_y35_44,edu_isced11_4,2014,3.711
swe,sex_t,age_10yrbands_y35_44,edu_isced11_4,2015,2.494
swe,sex_t,age_10yrbands_y35_44,edu_isced11_4,2016,3.433
swe,sex_t,age_10yrbands_y35_44,edu_isced11_4,2017,4.029
swe,sex_t,age_10yrbands_y35_44,edu_isced11_4,2018,2.957
swe,sex_t,age_10yrbands_y35_44,edu_isced11_4,2019,3.235
swe,sex_t,age_10yrbands_y35_44,edu_isced11_4,2020,3.815
swe,sex_t,age_10yrbands_y35_44,edu_isced11_4,2021,4.186
swe,sex_t,age_10yrbands_y35_44,edu_isced11_4,2022,2.856
swe,sex_t,age_10yrbands_y35_44,edu_isced11_4,2023,5.121
swe,sex_t,age_10yrbands_y35_44,edu_isced11_5,2006,14.006
swe,sex_t,age_10yrbands_y35_44,edu_isced11_5,2007,11.775
swe,sex_t,age_10yrbands_y35_44,edu_isced11_5,2008,10.823
swe,sex_t,age_10yrbands_y35_44,edu_isced11_5,2009,15.206
swe,sex_t,age_10yrbands_y35_44,edu_isced11_5,2010,17.462
swe,sex_t,age_10yrbands_y35_44,edu_isced11_5,2011,16.265
swe,sex_t,age_10yrbands_y35_44,edu_isced11_5,2012,15.975
swe,sex_t,age_10yrbands_y35_44,edu_isced11_5,2013,17.628
swe,sex_t,age_10yrbands_y35_44,edu_isced11_5,2014,6.943
swe,sex_t,age_10yrbands_y35_44,edu_isced11_5,2015,7.005
swe,sex_t,age_10yrbands_y35_44,edu_isced11_5,2016,6.745
swe,sex_t,age_10yrbands_y35_44,edu_isced11_5,2017,6.445
swe,sex_t,age_10yrbands_y35_44,edu_isced11_5,2018,3.989
swe,sex_t,age_10yrbands_y35_44,edu_isced11_5,2019,4.893
swe,sex_t,age_10yrbands_y35_44,edu_isced11_5,2020,9.736
swe,sex_t,age_10yrbands_y35_44,edu_isced11_5,2021,8.965
swe,sex_t,age_10yrbands_y35_44,edu_isced11_5,2022,5.51
swe,sex_t,age_10yrbands_y35_44,edu_isced11_5,2023,7.033
swe,sex_t,age_10yrbands_y35_44,edu_isced11_6,2014,6.478
swe,sex_t,age_10yrbands_y35_44,edu_isced11_6,2015,6.487
swe,sex_t,age_10yrbands_y35_44,edu_isced11_6,2016,6.129
swe,sex_t,age_10yrbands_y35_44,edu_isced11_6,2017,7.276
swe,sex_t,age_10yrbands_y35_44,edu_isced11_6,2018,6.381
swe,sex_t,age_10yrbands_y35_44,edu_isced11_6,2019,6.44
swe,sex_t,age_10yrbands_y35_44,edu_isced11_6,2020,8.93
swe,sex_t,age_10yrbands_y35_44,edu_isced11_6,2021,11.032
swe,sex_t,age_10yrbands_y35_44,edu_isced11_6,2022,7.955
swe,sex_t,age_10yrbands_y35_44,edu_isced11_6,2023,10.268
swe,sex_t,age_10yrbands_y35_44,edu_isced11_7,2014,6.556
swe,sex_t,age_10yrbands_y35_44,edu_isced11_7,2015,6.214
swe,sex_t,age_10yrbands_y35_44,edu_isced11_7,2016,5.751
swe,sex_t,age_10yrbands_y35_44,edu_isced11_7,2017,7.227
swe,sex_t,age_10yrbands_y35_44,edu_isced11_7,2018,6.598
swe,sex_t,age_10yrbands_y35_44,edu_isced11_7,2019,5.121
swe,sex_t,age_10yrbands_y35_44,edu_isced11_7,2020,6.573
swe,sex_t,age_10yrbands_y35_44,edu_isced11_7,2021,7.047
swe,sex_t,age_10yrbands_y35_44,edu_isced11_7,2022,6.492
swe,sex_t,age_10yrbands_y35_44,edu_isced11_7,2023,8.037
swe,sex_t,age_10yrbands_y35_44,edu_isced11_8,2014,0.877
swe,sex_t,age_10yrbands_y35_44,edu_isced11_8,2015,0.971
swe,sex_t,age_10yrbands_y35_44,edu_isced11_8,2016,0.255
swe,sex_t,age_10yrbands_y35_44,edu_isced11_8,2017,1.315
swe,sex_t,age_10yrbands_y35_44,edu_isced11_8,2018,0.947
swe,sex_t,age_10yrbands_y35_44,edu_isced11_8,2019,1.749
swe,sex_t,age_10yrbands_y35_44,edu_isced11_8,2020,2.514
swe,sex_t,age_10yrbands_y35_44,edu_isced11_8,2021,0.788
swe,sex_t,age_10yrbands_y35_44,edu_isced11_8,2023,0.74
swe,sex_t,age_10yrbands_y35_44,edu_isced11_9,2006,0.927
swe,sex_t,age_10yrbands_y35_44,edu_isced11_9,2007,0.537
swe,sex_t,age_10yrbands_y35_44,edu_isced11_9,2008,0.841
swe,sex_t,age_10yrbands_y35_44,edu_isced11_9,2009,0.83
swe,sex_t,age_10yrbands_y35_44,edu_isced11_9,2010,0.652
swe,sex_t,age_10yrbands_y35_44,edu_isced11_9,2011,0.669
swe,sex_t,age_10yrbands_y35_44,edu_isced11_9,2012,0.725
swe,sex_t,age_10yrbands_y35_44,edu_isced11_9,2013,0.93
swe,sex_t,age_10yrbands_y35_44,edu_isced11_9,2014,0.216
swe,sex_t,age_10yrbands_y35_44,edu_isced11_9,2015,0.518
swe,sex_t,age_10yrbands_y35_44,edu_isced11_9,2017,0.324
swe,sex_t,age_10yrbands_y35_44,edu_isced11_9,2018,0.615
swe,sex_t,age_10yrbands_y35_44,edu_isced11_9,2019,1.502
swe,sex_t,age_10yrbands_y35_44,edu_isced11_9,2020,0.583
swe,sex_t,age_10yrbands_y35_44,edu_isced11_9,2021,0.723
swe,sex_t,age_10yrbands_y35_44,edu_isced11_9,2023,1.11
swe,sex_t,age_10yrbands_y35_44,edu_isced11_total,2006,56.386
swe,sex_t,age_10yrbands_y35_44,edu_isced11_total,2007,48.773
swe,sex_t,age_10yrbands_y35_44,edu_isced11_total,2008,45.118
swe,sex_t,age_10yrbands_y35_44,edu_isced11_total,2009,63.997
swe,sex_t,age_10yrbands_y35_44,edu_isced11_total,2010,69.497
swe,sex_t,age_10yrbands_y35_44,edu_isced11_total,2011,60.606
swe,sex_t,age_10yrbands_y35_44,edu_isced11_total,2012,58.56
swe,sex_t,age_10yrbands_y35_44,edu_isced11_total,2013,62.712
swe,sex_t,age_10yrbands_y35_44,edu_isced11_total,2014,63.361
swe,sex_t,age_10yrbands_y35_44,edu_isced11_total,2015,62.161
swe,sex_t,age_10yrbands_y35_44,edu_isced11_total,2016,60.109
swe,sex_t,age_10yrbands_y35_44,edu_isced11_total,2017,60.597
swe,sex_t,age_10yrbands_y35_44,edu_isced11_total,2018,57.163
swe,sex_t,age_10yrbands_y35_44,edu_isced11_total,2019,60.701
swe,sex_t,age_10yrbands_y35_44,edu_isced11_total,2020,77.199
swe,sex_t,age_10yrbands_y35_44,edu_isced11_total,2021,81.243
swe,sex_t,age_10yrbands_y35_44,edu_isced11_total,2022,69.267
swe,sex_t,age_10yrbands_y35_44,edu_isced11_total,2023,71.272
swe,sex_t,age_10yrbands_y45_54,edu_aggregate_adv,1995,10.42
swe,sex_t,age_10yrbands_y45_54,edu_aggregate_adv,1996,11.197
swe,sex_t,age_10yrbands_y45_54,edu_aggregate_adv,1997,10.509
swe,sex_t,age_10yrbands_y45_54,edu_aggregate_adv,1998,8.883
swe,sex_t,age_10yrbands_y45_54,edu_aggregate_adv,1999,11.543
swe,sex_t,age_10yrbands_y45_54,edu_aggregate_adv,2000,13.663
swe,sex_t,age_10yrbands_y45_54,edu_aggregate_adv,2001,5.083
swe,sex_t,age_10yrbands_y45_54,edu_aggregate_adv,2002,5.972
swe,sex_t,age_10yrbands_y45_54,edu_aggregate_adv,2003,7.353
swe,sex_t,age_10yrbands_y45_54,edu_aggregate_adv,2004,7.702
swe,sex_t,age_10yrbands_y45_54,edu_aggregate_adv,2005,9.287
swe,sex_t,age_10yrbands_y45_54,edu_aggregate_adv,2006,9.845
swe,sex_t,age_10yrbands_y45_54,edu_aggregate_adv,2007,8.383
swe,sex_t,age_10yrbands_y45_54,edu_aggregate_adv,2008,8.776
swe,sex_t,age_10yrbands_y45_54,edu_aggregate_adv,2009,12.98
swe,sex_t,age_10yrbands_y45_54,edu_aggregate_adv,2010,13.671
swe,sex_t,age_10yrbands_y45_54,edu_aggregate_adv,2011,13.445
swe,sex_t,age_10yrbands_y45_54,edu_aggregate_adv,2012,13.422
swe,sex_t,age_10yrbands_y45_54,edu_aggregate_adv,2013,13.208
swe,sex_t,age_10yrbands_y45_54,edu_aggregate_adv,2014,14.03
swe,sex_t,age_10yrbands_y45_54,edu_aggregate_adv,2015,15.585
swe,sex_t,age_10yrbands_y45_54,edu_aggregate_adv,2016,16.616
swe,sex_t,age_10yrbands_y45_54,edu_aggregate_adv,2017,15.423
swe,sex_t,age_10yrbands_y45_54,edu_aggregate_adv,2018,16.764
swe,sex_t,age_10yrbands_y45_54,edu_aggregate_adv,2019,19.761
swe,sex_t,age_10yrbands_y45_54,edu_aggregate_adv,2020,18.91
swe,sex_t,age_10yrbands_y45_54,edu_aggregate_adv,2021,19.531
swe,sex_t,age_10yrbands_y45_54,edu_aggregate_adv,2022,15.882
swe,sex_t,age_10yrbands_y45_54,edu_aggregate_adv,2023,19.512
swe,sex_t,age_10yrbands_y45_54,edu_aggregate_bas,1995,27.824
swe,sex_t,age_10yrbands_y45_54,edu_aggregate_bas,1996,18.706
swe,sex_t,age_10yrbands_y45_54,edu_aggregate_bas,1997,26.991
swe,sex_t,age_10yrbands_y45_54,edu_aggregate_bas,1998,29.636
swe,sex_t,age_10yrbands_y45_54,edu_aggregate_bas,1999,17.801
swe,sex_t,age_10yrbands_y45_54,edu_aggregate_bas,2000,13.914
swe,sex_t,age_10yrbands_y45_54,edu_aggregate_bas,2001,8.258
swe,sex_t,age_10yrbands_y45_54,edu_aggregate_bas,2002,7.257
swe,sex_t,age_10yrbands_y45_54,edu_aggregate_bas,2003,5.329
swe,sex_t,age_10yrbands_y45_54,edu_aggregate_bas,2004,7.579
swe,sex_t,age_10yrbands_y45_54,edu_aggregate_bas,2005,9.117
swe,sex_t,age_10yrbands_y45_54,edu_aggregate_bas,2006,11.416
swe,sex_t,age_10yrbands_y45_54,edu_aggregate_bas,2007,9.531
swe,sex_t,age_10yrbands_y45_54,edu_aggregate_bas,2008,10.418
swe,sex_t,age_10yrbands_y45_54,edu_aggregate_bas,2009,14.354
swe,sex_t,age_10yrbands_y45_54,edu_aggregate_bas,2010,17.168
swe,sex_t,age_10yrbands_y45_54,edu_aggregate_bas,2011,16.132
swe,sex_t,age_10yrbands_y45_54,edu_aggregate_bas,2012,17.223
swe,sex_t,age_10yrbands_y45_54,edu_aggregate_bas,2013,17.794
swe,sex_t,age_10yrbands_y45_54,edu_aggregate_bas,2014,18.768
swe,sex_t,age_10yrbands_y45_54,edu_aggregate_bas,2015,16.56
swe,sex_t,age_10yrbands_y45_54,edu_aggregate_bas,2016,17.051
swe,sex_t,age_10yrbands_y45_54,edu_aggregate_bas,2017,17.38
swe,sex_t,age_10yrbands_y45_54,edu_aggregate_bas,2018,19.572
swe,sex_t,age_10yrbands_y45_54,edu_aggregate_bas,2019,20.516
swe,sex_t,age_10yrbands_y45_54,edu_aggregate_bas,2020,24.506
swe,sex_t,age_10yrbands_y45_54,edu_aggregate_bas,2021,26.143
swe,sex_t,age_10yrbands_y45_54,edu_aggregate_bas,2022,24.238
swe,sex_t,age_10yrbands_y45_54,edu_aggregate_bas,2023,24.317
swe,sex_t,age_10yrbands_y45_54,edu_aggregate_int,1995,28.9
swe,sex_t,age_10yrbands_y45_54,edu_aggregate_int,1996,32.883
swe,sex_t,age_10yrbands_y45_54,edu_aggregate_int,1997,39.079
swe,sex_t,age_10yrbands_y45_54,edu_aggregate_int,1998,39.59
swe,sex_t,age_10yrbands_y45_54,edu_aggregate_int,1999,29.016
swe,sex_t,age_10yrbands_y45_54,edu_aggregate_int,2000,21.55
swe,sex_t,age_10yrbands_y45_54,edu_aggregate_int,2001,18.389
swe,sex_t,age_10yrbands_y45_54,edu_aggregate_int,2002,19.001
swe,sex_t,age_10yrbands_y45_54,edu_aggregate_int,2003,20.006
swe,sex_t,age_10yrbands_y45_54,edu_aggregate_int,2004,23.833
swe,sex_t,age_10yrbands_y45_54,edu_aggregate_int,2005,26.782
swe,sex_t,age_10yrbands_y45_54,edu_aggregate_int,2006,20.316
swe,sex_t,age_10yrbands_y45_54,edu_aggregate_int,2007,16.692
swe,sex_t,age_10yrbands_y45_54,edu_aggregate_int,2008,19.451
swe,sex_t,age_10yrbands_y45_54,edu_aggregate_int,2009,28.477
swe,sex_t,age_10yrbands_y45_54,edu_aggregate_int,2010,28.78
swe,sex_t,age_10yrbands_y45_54,edu_aggregate_int,2011,24.756
swe,sex_t,age_10yrbands_y45_54,edu_aggregate_int,2012,26.721
swe,sex_t,age_10yrbands_y45_54,edu_aggregate_int,2013,25.988
swe,sex_t,age_10yrbands_y45_54,edu_aggregate_int,2014,24.402
swe,sex_t,age_10yrbands_y45_54,edu_aggregate_int,2015,22.742
swe,sex_t,age_10yrbands_y45_54,edu_aggregate_int,2016,20.184
swe,sex_t,age_10yrbands_y45_54,edu_aggregate_int,2017,17.745
swe,sex_t,age_10yrbands_y45_54,edu_aggregate_int,2018,14.86
swe,sex_t,age_10yrbands_y45_54,edu_aggregate_int,2019,18.11
swe,sex_t,age_10yrbands_y45_54,edu_aggregate_int,2020,21.456
swe,sex_t,age_10yrbands_y45_54,edu_aggregate_int,2021,21.315
swe,sex_t,age_10yrbands_y45_54,edu_aggregate_int,2022,19.23
swe,sex_t,age_10yrbands_y45_54,edu_aggregate_int,2023,17.245
swe,sex_t,age_10yrbands_y45_54,edu_aggregate_total,1995,67.144
swe,sex_t,age_10yrbands_y45_54,edu_aggregate_total,1996,63.129
swe,sex_t,age_10yrbands_y45_54,edu_aggregate_total,1997,77.986
swe,sex_t,age_10yrbands_y45_54,edu_aggregate_total,1998,78.438
swe,sex_t,age_10yrbands_y45_54,edu_aggregate_total,1999,58.359
swe,sex_t,age_10yrbands_y45_54,edu_aggregate_total,2000,49.459
swe,sex_t,age_10yrbands_y45_54,edu_aggregate_total,2001,31.996
swe,sex_t,age_10yrbands_y45_54,edu_aggregate_total,2002,32.539
swe,sex_t,age_10yrbands_y45_54,edu_aggregate_total,2003,32.946
swe,sex_t,age_10yrbands_y45_54,edu_aggregate_total,2004,39.433
swe,sex_t,age_10yrbands_y45_54,edu_aggregate_total,2005,45.337
swe,sex_t,age_10yrbands_y45_54,edu_aggregate_total,2006,42.162
swe,sex_t,age_10yrbands_y45_54,edu_aggregate_total,2007,34.983
swe,sex_t,age_10yrbands_y45_54,edu_aggregate_total,2008,38.904
swe,sex_t,age_10yrbands_y45_54,edu_aggregate_total,2009,56.406
swe,sex_t,age_10yrbands_y45_54,edu_aggregate_total,2010,60.516
swe,sex_t,age_10yrbands_y45_54,edu_aggregate_total,2011,55.205
swe,sex_t,age_10yrbands_y45_54,edu_aggregate_total,2012,57.885
swe,sex_t,age_10yrbands_y45_54,edu_aggregate_total,2013,57.596
swe,sex_t,age_10yrbands_y45_54,edu_aggregate_total,2014,57.2
swe,sex_t,age_10yrbands_y45_54,edu_aggregate_total,2015,55.208
swe,sex_t,age_10yrbands_y45_54,edu_aggregate_total,2016,54.138
swe,sex_t,age_10yrbands_y45_54,edu_aggregate_total,2017,50.999
swe,sex_t,age_10yrbands_y45_54,edu_aggregate_total,2018,51.398
swe,sex_t,age_10yrbands_y45_54,edu_aggregate_total,2019,59.011
swe,sex_t,age_10yrbands_y45_54,edu_aggregate_total,2020,64.97
swe,sex_t,age_10yrbands_y45_54,edu_aggregate_total,2021,67.442
swe,sex_t,age_10yrbands_y45_54,edu_aggregate_total,2022,59.728
swe,sex_t,age_10yrbands_y45_54,edu_aggregate_total,2023,61.409
swe,sex_t,age_10yrbands_y45_54,edu_aggregate_x,2006,0.586
swe,sex_t,age_10yrbands_y45_54,edu_aggregate_x,2007,0.377
swe,sex_t,age_10yrbands_y45_54,edu_aggregate_x,2008,0.259
swe,sex_t,age_10yrbands_y45_54,edu_aggregate_x,2009,0.596
swe,sex_t,age_10yrbands_y45_54,edu_aggregate_x,2010,0.898
swe,sex_t,age_10yrbands_y45_54,edu_aggregate_x,2011,0.871
swe,sex_t,age_10yrbands_y45_54,edu_aggregate_x,2012,0.519
swe,sex_t,age_10yrbands_y45_54,edu_aggregate_x,2013,0.606
swe,sex_t,age_10yrbands_y45_54,edu_aggregate_x,2015,0.321
swe,sex_t,age_10yrbands_y45_54,edu_aggregate_x,2016,0.288
swe,sex_t,age_10yrbands_y45_54,edu_aggregate_x,2017,0.451
swe,sex_t,age_10yrbands_y45_54,edu_aggregate_x,2019,0.624
swe,sex_t,age_10yrbands_y45_54,edu_aggregate_x,2021,0.452
swe,sex_t,age_10yrbands_y45_54,edu_isced11_1,2006,2.363
swe,sex_t,age_10yrbands_y45_54,edu_isced11_1,2007,2.734
swe,sex_t,age_10yrbands_y45_54,edu_isced11_1,2008,3.362
swe,sex_t,age_10yrbands_y45_54,edu_isced11_1,2009,3.749
swe,sex_t,age_10yrbands_y45_54,edu_isced11_1,2010,4.633
swe,sex_t,age_10yrbands_y45_54,edu_isced11_1,2011,4.159
swe,sex_t,age_10yrbands_y45_54,edu_isced11_1,2012,3.353
swe,sex_t,age_10yrbands_y45_54,edu_isced11_1,2013,4.464
swe,sex_t,age_10yrbands_y45_54,edu_isced11_1,2014,5.866
swe,sex_t,age_10yrbands_y45_54,edu_isced11_1,2015,5.606
swe,sex_t,age_10yrbands_y45_54,edu_isced11_1,2016,7.105
swe,sex_t,age_10yrbands_y45_54,edu_isced11_1,2017,7.11
swe,sex_t,age_10yrbands_y45_54,edu_isced11_1,2018,8.251
swe,sex_t,age_10yrbands_y45_54,edu_isced11_1,2019,7.533
swe,sex_t,age_10yrbands_y45_54,edu_isced11_1,2020,9.971
swe,sex_t,age_10yrbands_y45_54,edu_isced11_1,2021,12.91
swe,sex_t,age_10yrbands_y45_54,edu_isced11_1,2022,12.873
swe,sex_t,age_10yrbands_y45_54,edu_isced11_1,2023,12.371
swe,sex_t,age_10yrbands_y45_54,edu_isced11_2,2006,9.052
swe,sex_t,age_10yrbands_y45_54,edu_isced11_2,2007,6.797
swe,sex_t,age_10yrbands_y45_54,edu_isced11_2,2008,7.056
swe,sex_t,age_10yrbands_y45_54,edu_isced11_2,2009,10.605
swe,sex_t,age_10yrbands_y45_54,edu_isced11_2,2010,12.535
swe,sex_t,age_10yrbands_y45_54,edu_isced11_2,2011,11.973
swe,sex_t,age_10yrbands_y45_54,edu_isced11_2,2012,13.87
swe,sex_t,age_10yrbands_y45_54,edu_isced11_2,2013,13.33
swe,sex_t,age_10yrbands_y45_54,edu_isced11_2,2014,12.902
swe,sex_t,age_10yrbands_y45_54,edu_isced11_2,2015,10.954
swe,sex_t,age_10yrbands_y45_54,edu_isced11_2,2016,9.946
swe,sex_t,age_10yrbands_y45_54,edu_isced11_2,2017,10.27
swe,sex_t,age_10yrbands_y45_54,edu_isced11_2,2018,11.321
swe,sex_t,age_10yrbands_y45_54,edu_isced11_2,2019,12.983
swe,sex_t,age_10yrbands_y45_54,edu_isced11_2,2020,14.535
swe,sex_t,age_10yrbands_y45_54,edu_isced11_2,2021,13.233
swe,sex_t,age_10yrbands_y45_54,edu_isced11_2,2022,11.364
swe,sex_t,age_10yrbands_y45_54,edu_isced11_2,2023,11.945
swe,sex_t,age_10yrbands_y45_54,edu_isced11_3,2006,17.687
swe,sex_t,age_10yrbands_y45_54,edu_isced11_3,2007,13.903
swe,sex_t,age_10yrbands_y45_54,edu_isced11_3,2008,16.756
swe,sex_t,age_10yrbands_y45_54,edu_isced11_3,2009,25.448
swe,sex_t,age_10yrbands_y45_54,edu_isced11_3,2010,25.806
swe,sex_t,age_10yrbands_y45_54,edu_isced11_3,2011,21.51
swe,sex_t,age_10yrbands_y45_54,edu_isced11_3,2012,23.269
swe,sex_t,age_10yrbands_y45_54,edu_isced11_3,2013,22.768
swe,sex_t,age_10yrbands_y45_54,edu_isced11_3,2014,20.782
swe,sex_t,age_10yrbands_y45_54,edu_isced11_3,2015,19.814
swe,sex_t,age_10yrbands_y45_54,edu_isced11_3,2016,17.754
swe,sex_t,age_10yrbands_y45_54,edu_isced11_3,2017,15.395
swe,sex_t,age_10yrbands_y45_54,edu_isced11_3,2018,12.277
swe,sex_t,age_10yrbands_y45_54,edu_isced11_3,2019,15.082
swe,sex_t,age_10yrbands_y45_54,edu_isced11_3,2020,18.541
swe,sex_t,age_10yrbands_y45_54,edu_isced11_3,2021,16.976
swe,sex_t,age_10yrbands_y45_54,edu_isced11_3,2022,15.657
swe,sex_t,age_10yrbands_y45_54,edu_isced11_3,2023,12.588
swe,sex_t,age_10yrbands_y45_54,edu_isced11_4,2006,2.629
swe,sex_t,age_10yrbands_y45_54,edu_isced11_4,2007,2.79
swe,sex_t,age_10yrbands_y45_54,edu_isced11_4,2008,2.695
swe,sex_t,age_10yrbands_y45_54,edu_isced11_4,2009,3.029
swe,sex_t,age_10yrbands_y45_54,edu_isced11_4,2010,2.974
swe,sex_t,age_10yrbands_y45_54,edu_isced11_4,2011,3.246
swe,sex_t,age_10yrbands_y45_54,edu_isced11_4,2012,3.452
swe,sex_t,age_10yrbands_y45_54,edu_isced11_4,2013,3.22
swe,sex_t,age_10yrbands_y45_54,edu_isced11_4,2014,3.621
swe,sex_t,age_10yrbands_y45_54,edu_isced11_4,2015,2.929
swe,sex_t,age_10yrbands_y45_54,edu_isced11_4,2016,2.43
swe,sex_t,age_10yrbands_y45_54,edu_isced11_4,2017,2.35
swe,sex_t,age_10yrbands_y45_54,edu_isced11_4,2018,2.582
swe,sex_t,age_10yrbands_y45_54,edu_isced11_4,2019,3.029
swe,sex_t,age_10yrbands_y45_54,edu_isced11_4,2020,2.915
swe,sex_t,age_10yrbands_y45_54,edu_isced11_4,2021,4.338
swe,sex_t,age_10yrbands_y45_54,edu_isced11_4,2022,3.573
swe,sex_t,age_10yrbands_y45_54,edu_isced11_4,2023,4.657
swe,sex_t,age_10yrbands_y45_54,edu_isced11_5,2006,9.845
swe,sex_t,age_10yrbands_y45_54,edu_isced11_5,2007,8.383
swe,sex_t,age_10yrbands_y45_54,edu_isced11_5,2008,8.776
swe,sex_t,age_10yrbands_y45_54,edu_isced11_5,2009,12.98
swe,sex_t,age_10yrbands_y45_54,edu_isced11_5,2010,13.671
swe,sex_t,age_10yrbands_y45_54,edu_isced11_5,2011,13.445
swe,sex_t,age_10yrbands_y45_54,edu_isced11_5,2012,13.422
swe,sex_t,age_10yrbands_y45_54,edu_isced11_5,2013,13.208
swe,sex_t,age_10yrbands_y45_54,edu_isced11_5,2014,5.4
swe,sex_t,age_10yrbands_y45_54,edu_isced11_5,2015,5.773
swe,sex_t,age_10yrbands_y45_54,edu_isced11_5,2016,6.202
swe,sex_t,age_10yrbands_y45_54,edu_isced11_5,2017,5.726
swe,sex_t,age_10yrbands_y45_54,edu_isced11_5,2018,5.369
swe,sex_t,age_10yrbands_y45_54,edu_isced11_5,2019,7.763
swe,sex_t,age_10yrbands_y45_54,edu_isced11_5,2020,6.96
swe,sex_t,age_10yrbands_y45_54,edu_isced11_5,2021,8.127
swe,sex_t,age_10yrbands_y45_54,edu_isced11_5,2022,4.123
swe,sex_t,age_10yrbands_y45_54,edu_isced11_5,2023,4.854
swe,sex_t,age_10yrbands_y45_54,edu_isced11_6,2014,4.43
swe,sex_t,age_10yrbands_y45_54,edu_isced11_6,2015,4.997
swe,sex_t,age_10yrbands_y45_54,edu_isced11_6,2016,5.048
swe,sex_t,age_10yrbands_y45_54,edu_isced11_6,2017,5.111
swe,sex_t,age_10yrbands_y45_54,edu_isced11_6,2018,6.285
swe,sex_t,age_10yrbands_y45_54,edu_isced11_6,2019,6.013
swe,sex_t,age_10yrbands_y45_54,edu_isced11_6,2020,7.106
swe,sex_t,age_10yrbands_y45_54,edu_isced11_6,2021,7.397
swe,sex_t,age_10yrbands_y45_54,edu_isced11_6,2022,6.679
swe,sex_t,age_10yrbands_y45_54,edu_isced11_6,2023,8.872
swe,sex_t,age_10yrbands_y45_54,edu_isced11_7,2014,3.779
swe,sex_t,age_10yrbands_y45_54,edu_isced11_7,2015,4.241
swe,sex_t,age_10yrbands_y45_54,edu_isced11_7,2016,4.778
swe,sex_t,age_10yrbands_y45_54,edu_isced11_7,2017,3.887
swe,sex_t,age_10yrbands_y45_54,edu_isced11_7,2018,4.243
swe,sex_t,age_10yrbands_y45_54,edu_isced11_7,2019,5.082
swe,sex_t,age_10yrbands_y45_54,edu_isced11_7,2020,3.845
swe,sex_t,age_10yrbands_y45_54,edu_isced11_7,2021,3.588
swe,sex_t,age_10yrbands_y45_54,edu_isced11_7,2022,4.557
swe,sex_t,age_10yrbands_y45_54,edu_isced11_7,2023,5.297
swe,sex_t,age_10yrbands_y45_54,edu_isced11_8,2014,0.42
swe,sex_t,age_10yrbands_y45_54,edu_isced11_8,2015,0.574
swe,sex_t,age_10yrbands_y45_54,edu_isced11_8,2016,0.588
swe,sex_t,age_10yrbands_y45_54,edu_isced11_8,2017,0.699
swe,sex_t,age_10yrbands_y45_54,edu_isced11_8,2018,0.866
swe,sex_t,age_10yrbands_y45_54,edu_isced11_8,2019,0.902
swe,sex_t,age_10yrbands_y45_54,edu_isced11_8,2020,0.999
swe,sex_t,age_10yrbands_y45_54,edu_isced11_8,2022,0.522
swe,sex_t,age_10yrbands_y45_54,edu_isced11_8,2023,0.489
swe,sex_t,age_10yrbands_y45_54,edu_isced11_9,2006,0.586
swe,sex_t,age_10yrbands_y45_54,edu_isced11_9,2007,0.377
swe,sex_t,age_10yrbands_y45_54,edu_isced11_9,2008,0.259
swe,sex_t,age_10yrbands_y45_54,edu_isced11_9,2009,0.596
swe,sex_t,age_10yrbands_y45_54,edu_isced11_9,2010,0.898
swe,sex_t,age_10yrbands_y45_54,edu_isced11_9,2011,0.871
swe,sex_t,age_10yrbands_y45_54,edu_isced11_9,2012,0.519
swe,sex_t,age_10yrbands_y45_54,edu_isced11_9,2013,0.606
swe,sex_t,age_10yrbands_y45_54,edu_isced11_9,2015,0.321
swe,sex_t,age_10yrbands_y45_54,edu_isced11_9,2016,0.288
swe,sex_t,age_10yrbands_y45_54,edu_isced11_9,2017,0.451
swe,sex_t,age_10yrbands_y45_54,edu_isced11_9,2019,0.624
swe,sex_t,age_10yrbands_y45_54,edu_isced11_9,2021,0.452
swe,sex_t,age_10yrbands_y45_54,edu_isced11_total,2006,42.162
swe,sex_t,age_10yrbands_y45_54,edu_isced11_total,2007,34.983
swe,sex_t,age_10yrbands_y45_54,edu_isced11_total,2008,38.904
swe,sex_t,age_10yrbands_y45_54,edu_isced11_total,2009,56.406
swe,sex_t,age_10yrbands_y45_54,edu_isced11_total,2010,60.516
swe,sex_t,age_10yrbands_y45_54,edu_isced11_total,2011,55.205
swe,sex_t,age_10yrbands_y45_54,edu_isced11_total,2012,57.885
swe,sex_t,age_10yrbands_y45_54,edu_isced11_total,2013,57.596
swe,sex_t,age_10yrbands_y45_54,edu_isced11_total,2014,57.2
swe,sex_t,age_10yrbands_y45_54,edu_isced11_total,2015,55.208
swe,sex_t,age_10yrbands_y45_54,edu_isced11_total,2016,54.138
swe,sex_t,age_10yrbands_y45_54,edu_isced11_total,2017,50.999
swe,sex_t,age_10yrbands_y45_54,edu_isced11_total,2018,51.398
swe,sex_t,age_10yrbands_y45_54,edu_isced11_total,2019,59.011
swe,sex_t,age_10yrbands_y45_54,edu_isced11_total,2020,64.97
swe,sex_t,age_10yrbands_y45_54,edu_isced11_total,2021,67.442
swe,sex_t,age_10yrbands_y45_54,edu_isced11_total,2022,59.728
swe,sex_t,age_10yrbands_y45_54,edu_isced11_total,2023,61.409
swe,sex_t,age_10yrbands_y55_64,edu_aggregate_adv,1995,4.08
swe,sex_t,age_10yrbands_y55_64,edu_aggregate_adv,1996,5.171
swe,sex_t,age_10yrbands_y55_64,edu_aggregate_adv,1997,5.93
swe,sex_t,age_10yrbands_y55_64,edu_aggregate_adv,1998,4.825
swe,sex_t,age_10yrbands_y55_64,edu_aggregate_adv,1999,6.775
swe,sex_t,age_10yrbands_y55_64,edu_aggregate_adv,2000,7.759
swe,sex_t,age_10yrbands_y55_64,edu_aggregate_adv,2001,3.182
swe,sex_t,age_10yrbands_y55_64,edu_aggregate_adv,2002,3.92
swe,sex_t,age_10yrbands_y55_64,edu_aggregate_adv,2003,4.513
swe,sex_t,age_10yrbands_y55_64,edu_aggregate_adv,2004,6.068
swe,sex_t,age_10yrbands_y55_64,edu_aggregate_adv,2005,5.978
swe,sex_t,age_10yrbands_y55_64,edu_aggregate_adv,2006,7.329
swe,sex_t,age_10yrbands_y55_64,edu_aggregate_adv,2007,6.17
swe,sex_t,age_10yrbands_y55_64,edu_aggregate_adv,2008,7.645
swe,sex_t,age_10yrbands_y55_64,edu_aggregate_adv,2009,8.257
swe,sex_t,age_10yrbands_y55_64,edu_aggregate_adv,2010,9.477
swe,sex_t,age_10yrbands_y55_64,edu_aggregate_adv,2011,8.745
swe,sex_t,age_10yrbands_y55_64,edu_aggregate_adv,2012,8.721
swe,sex_t,age_10yrbands_y55_64,edu_aggregate_adv,2013,8.725
swe,sex_t,age_10yrbands_y55_64,edu_aggregate_adv,2014,10.595
swe,sex_t,age_10yrbands_y55_64,edu_aggregate_adv,2015,9.498
swe,sex_t,age_10yrbands_y55_64,edu_aggregate_adv,2016,10.836
swe,sex_t,age_10yrbands_y55_64,edu_aggregate_adv,2017,11.099
swe,sex_t,age_10yrbands_y55_64,edu_aggregate_adv,2018,11.29
swe,sex_t,age_10yrbands_y55_64,edu_aggregate_adv,2019,10.582
swe,sex_t,age_10yrbands_y55_64,edu_aggregate_adv,2020,13.385
swe,sex_t,age_10yrbands_y55_64,edu_aggregate_adv,2021,13.975
swe,sex_t,age_10yrbands_y55_64,edu_aggregate_adv,2022,12.953
swe,sex_t,age_10yrbands_y55_64,edu_aggregate_adv,2023,14.471
swe,sex_t,age_10yrbands_y55_64,edu_aggregate_bas,1995,24.012
swe,sex_t,age_10yrbands_y55_64,edu_aggregate_bas,1996,27.632
swe,sex_t,age_10yrbands_y55_64,edu_aggregate_bas,1997,30.009
swe,sex_t,age_10yrbands_y55_64,edu_aggregate_bas,1998,17.226
swe,sex_t,age_10yrbands_y55_64,edu_aggregate_bas,1999,17.841
swe,sex_t,age_10yrbands_y55_64,edu_aggregate_bas,2000,16.495
swe,sex_t,age_10yrbands_y55_64,edu_aggregate_bas,2001,12.384
swe,sex_t,age_10yrbands_y55_64,edu_aggregate_bas,2002,11.429
swe,sex_t,age_10yrbands_y55_64,edu_aggregate_bas,2003,10.207
swe,sex_t,age_10yrbands_y55_64,edu_aggregate_bas,2004,10.26
swe,sex_t,age_10yrbands_y55_64,edu_aggregate_bas,2005,10.648
swe,sex_t,age_10yrbands_y55_64,edu_aggregate_bas,2006,11.294
swe,sex_t,age_10yrbands_y55_64,edu_aggregate_bas,2007,10.547
swe,sex_t,age_10yrbands_y55_64,edu_aggregate_bas,2008,9.21
swe,sex_t,age_10yrbands_y55_64,edu_aggregate_bas,2009,15.956
swe,sex_t,age_10yrbands_y55_64,edu_aggregate_bas,2010,18.442
swe,sex_t,age_10yrbands_y55_64,edu_aggregate_bas,2011,16.289
swe,sex_t,age_10yrbands_y55_64,edu_aggregate_bas,2012,16.401
swe,sex_t,age_10yrbands_y55_64,edu_aggregate_bas,2013,15.296
swe,sex_t,age_10yrbands_y55_64,edu_aggregate_bas,2014,14.168
swe,sex_t,age_10yrbands_y55_64,edu_aggregate_bas,2015,14.472
swe,sex_t,age_10yrbands_y55_64,edu_aggregate_bas,2016,14.317
swe,sex_t,age_10yrbands_y55_64,edu_aggregate_bas,2017,15.578
swe,sex_t,age_10yrbands_y55_64,edu_aggregate_bas,2018,11.831
swe,sex_t,age_10yrbands_y55_64,edu_aggregate_bas,2019,12.673
swe,sex_t,age_10yrbands_y55_64,edu_aggregate_bas,2020,20.136
swe,sex_t,age_10yrbands_y55_64,edu_aggregate_bas,2021,22.902
swe,sex_t,age_10yrbands_y55_64,edu_aggregate_bas,2022,15.931
swe,sex_t,age_10yrbands_y55_64,edu_aggregate_bas,2023,16.312
swe,sex_t,age_10yrbands_y55_64,edu_aggregate_int,1995,16.017
swe,sex_t,age_10yrbands_y55_64,edu_aggregate_int,1996,16.665
swe,sex_t,age_10yrbands_y55_64,edu_aggregate_int,1997,22.672
swe,sex_t,age_10yrbands_y55_64,edu_aggregate_int,1998,18.898
swe,sex_t,age_10yrbands_y55_64,edu_aggregate_int,1999,20.625
swe,sex_t,age_10yrbands_y55_64,edu_aggregate_int,2000,15.972
swe,sex_t,age_10yrbands_y55_64,edu_aggregate_int,2001,16.911
swe,sex_t,age_10yrbands_y55_64,edu_aggregate_int,2002,18.289
swe,sex_t,age_10yrbands_y55_64,edu_aggregate_int,2003,21.618
swe,sex_t,age_10yrbands_y55_64,edu_aggregate_int,2004,26.204
swe,sex_t,age_10yrbands_y55_64,edu_aggregate_int,2005,21.991
swe,sex_t,age_10yrbands_y55_64,edu_aggregate_int,2006,19.519
swe,sex_t,age_10yrbands_y55_64,edu_aggregate_int,2007,17.897
swe,sex_t,age_10yrbands_y55_64,edu_aggregate_int,2008,16.177
swe,sex_t,age_10yrbands_y55_64,edu_aggregate_int,2009,22.378
swe,sex_t,age_10yrbands_y55_64,edu_aggregate_int,2010,23.364
swe,sex_t,age_10yrbands_y55_64,edu_aggregate_int,2011,21.315
swe,sex_t,age_10yrbands_y55_64,edu_aggregate_int,2012,21.036
swe,sex_t,age_10yrbands_y55_64,edu_aggregate_int,2013,21.032
swe,sex_t,age_10yrbands_y55_64,edu_aggregate_int,2014,23.727
swe,sex_t,age_10yrbands_y55_64,edu_aggregate_int,2015,23.964
swe,sex_t,age_10yrbands_y55_64,edu_aggregate_int,2016,22.754
swe,sex_t,age_10yrbands_y55_64,edu_aggregate_int,2017,20.396
swe,sex_t,age_10yrbands_y55_64,edu_aggregate_int,2018,18.656
swe,sex_t,age_10yrbands_y55_64,edu_aggregate_int,2019,21.307
swe,sex_t,age_10yrbands_y55_64,edu_aggregate_int,2020,23.819
swe,sex_t,age_10yrbands_y55_64,edu_aggregate_int,2021,31.781
swe,sex_t,age_10yrbands_y55_64,edu_aggregate_int,2022,25.925
swe,sex_t,age_10yrbands_y55_64,edu_aggregate_int,2023,24.203
swe,sex_t,age_10yrbands_y55_64,edu_aggregate_total,1995,44.109
swe,sex_t,age_10yrbands_y55_64,edu_aggregate_total,1996,50.175
swe,sex_t,age_10yrbands_y55_64,edu_aggregate_total,1997,58.936
swe,sex_t,age_10yrbands_y55_64,edu_aggregate_total,1998,40.948
swe,sex_t,age_10yrbands_y55_64,edu_aggregate_total,1999,45.812
swe,sex_t,age_10yrbands_y55_64,edu_aggregate_total,2000,40.226
swe,sex_t,age_10yrbands_y55_64,edu_aggregate_total,2001,32.477
swe,sex_t,age_10yrbands_y55_64,edu_aggregate_total,2002,33.829
swe,sex_t,age_10yrbands_y55_64,edu_aggregate_total,2003,36.564
swe,sex_t,age_10yrbands_y55_64,edu_aggregate_total,2004,42.532
swe,sex_t,age_10yrbands_y55_64,edu_aggregate_total,2005,38.617
swe,sex_t,age_10yrbands_y55_64,edu_aggregate_total,2006,38.671
swe,sex_t,age_10yrbands_y55_64,edu_aggregate_total,2007,35.184
swe,sex_t,age_10yrbands_y55_64,edu_aggregate_total,2008,33.393
swe,sex_t,age_10yrbands_y55_64,edu_aggregate_total,2009,47.02
swe,sex_t,age_10yrbands_y55_64,edu_aggregate_total,2010,51.638
swe,sex_t,age_10yrbands_y55_64,edu_aggregate_total,2011,46.739
swe,sex_t,age_10yrbands_y55_64,edu_aggregate_total,2012,46.541
swe,sex_t,age_10yrbands_y55_64,edu_aggregate_total,2013,45.361
swe,sex_t,age_10yrbands_y55_64,edu_aggregate_total,2014,48.49
swe,sex_t,age_10yrbands_y55_64,edu_aggregate_total,2015,47.934
swe,sex_t,age_10yrbands_y55_64,edu_aggregate_total,2016,48.133
swe,sex_t,age_10yrbands_y55_64,edu_aggregate_total,2017,47.124
swe,sex_t,age_10yrbands_y55_64,edu_aggregate_total,2018,41.961
swe,sex_t,age_10yrbands_y55_64,edu_aggregate_total,2019,44.723
swe,sex_t,age_10yrbands_y55_64,edu_aggregate_total,2020,57.735
swe,sex_t,age_10yrbands_y55_64,edu_aggregate_total,2021,68.914
swe,sex_t,age_10yrbands_y55_64,edu_aggregate_total,2022,54.982
swe,sex_t,age_10yrbands_y55_64,edu_aggregate_total,2023,55.076
swe,sex_t,age_10yrbands_y55_64,edu_aggregate_x,2006,0.529
swe,sex_t,age_10yrbands_y55_64,edu_aggregate_x,2007,0.57
swe,sex_t,age_10yrbands_y55_64,edu_aggregate_x,2008,0.361
swe,sex_t,age_10yrbands_y55_64,edu_aggregate_x,2009,0.429
swe,sex_t,age_10yrbands_y55_64,edu_aggregate_x,2010,0.355
swe,sex_t,age_10yrbands_y55_64,edu_aggregate_x,2011,0.39
swe,sex_t,age_10yrbands_y55_64,edu_aggregate_x,2012,0.382
swe,sex_t,age_10yrbands_y55_64,edu_aggregate_x,2013,0.308
swe,sex_t,age_10yrbands_y55_64,edu_aggregate_x,2016,0.227
swe,sex_t,age_10yrbands_y55_64,edu_aggregate_x,2020,0.395
swe,sex_t,age_10yrbands_y55_64,edu_isced11_1,2006,5.289
swe,sex_t,age_10yrbands_y55_64,edu_isced11_1,2007,5.073
swe,sex_t,age_10yrbands_y55_64,edu_isced11_1,2008,3.847
swe,sex_t,age_10yrbands_y55_64,edu_isced11_1,2009,7.508
swe,sex_t,age_10yrbands_y55_64,edu_isced11_1,2010,6.548
swe,sex_t,age_10yrbands_y55_64,edu_isced11_1,2011,4.786
swe,sex_t,age_10yrbands_y55_64,edu_isced11_1,2012,4.548
swe,sex_t,age_10yrbands_y55_64,edu_isced11_1,2013,4.175
swe,sex_t,age_10yrbands_y55_64,edu_isced11_1,2014,3.526
swe,sex_t,age_10yrbands_y55_64,edu_isced11_1,2015,3.685
swe,sex_t,age_10yrbands_y55_64,edu_isced11_1,2016,3.114
swe,sex_t,age_10yrbands_y55_64,edu_isced11_1,2017,3.985
swe,sex_t,age_10yrbands_y55_64,edu_isced11_1,2018,2.837
swe,sex_t,age_10yrbands_y55_64,edu_isced11_1,2019,3.251
swe,sex_t,age_10yrbands_y55_64,edu_isced11_1,2020,5.721
swe,sex_t,age_10yrbands_y55_64,edu_isced11_1,2021,8.274
swe,sex_t,age_10yrbands_y55_64,edu_isced11_1,2022,6.744
swe,sex_t,age_10yrbands_y55_64,edu_isced11_1,2023,6.596
swe,sex_t,age_10yrbands_y55_64,edu_isced11_2,2006,6.005
swe,sex_t,age_10yrbands_y55_64,edu_isced11_2,2007,5.474
swe,sex_t,age_10yrbands_y55_64,edu_isced11_2,2008,5.363
swe,sex_t,age_10yrbands_y55_64,edu_isced11_2,2009,8.448
swe,sex_t,age_10yrbands_y55_64,edu_isced11_2,2010,11.894
swe,sex_t,age_10yrbands_y55_64,edu_isced11_2,2011,11.503
swe,sex_t,age_10yrbands_y55_64,edu_isced11_2,2012,11.853
swe,sex_t,age_10yrbands_y55_64,edu_isced11_2,2013,11.122
swe,sex_t,age_10yrbands_y55_64,edu_isced11_2,2014,10.641
swe,sex_t,age_10yrbands_y55_64,edu_isced11_2,2015,10.787
swe,sex_t,age_10yrbands_y55_64,edu_isced11_2,2016,11.202
swe,sex_t,age_10yrbands_y55_64,edu_isced11_2,2017,11.592
swe,sex_t,age_10yrbands_y55_64,edu_isced11_2,2018,8.995
swe,sex_t,age_10yrbands_y55_64,edu_isced11_2,2019,9.422
swe,sex_t,age_10yrbands_y55_64,edu_isced11_2,2020,14.415
swe,sex_t,age_10yrbands_y55_64,edu_isced11_2,2021,14.628
swe,sex_t,age_10yrbands_y55_64,edu_isced11_2,2022,9.187
swe,sex_t,age_10yrbands_y55_64,edu_isced11_2,2023,9.717
swe,sex_t,age_10yrbands_y55_64,edu_isced11_3,2006,16.943
swe,sex_t,age_10yrbands_y55_64,edu_isced11_3,2007,16.303
swe,sex_t,age_10yrbands_y55_64,edu_isced11_3,2008,14.266
swe,sex_t,age_10yrbands_y55_64,edu_isced11_3,2009,19.951
swe,sex_t,age_10yrbands_y55_64,edu_isced11_3,2010,20.747
swe,sex_t,age_10yrbands_y55_64,edu_isced11_3,2011,18.323
swe,sex_t,age_10yrbands_y55_64,edu_isced11_3,2012,18.127
swe,sex_t,age_10yrbands_y55_64,edu_isced11_3,2013,18.195
swe,sex_t,age_10yrbands_y55_64,edu_isced11_3,2014,19.897
swe,sex_t,age_10yrbands_y55_64,edu_isced11_3,2015,20.001
swe,sex_t,age_10yrbands_y55_64,edu_isced11_3,2016,19.523
swe,sex_t,age_10yrbands_y55_64,edu_isced11_3,2017,17.601
swe,sex_t,age_10yrbands_y55_64,edu_isced11_3,2018,14.944
swe,sex_t,age_10yrbands_y55_64,edu_isced11_3,2019,17.178
swe,sex_t,age_10yrbands_y55_64,edu_isced11_3,2020,19.035
swe,sex_t,age_10yrbands_y55_64,edu_isced11_3,2021,26.73
swe,sex_t,age_10yrbands_y55_64,edu_isced11_3,2022,21.801
swe,sex_t,age_10yrbands_y55_64,edu_isced11_3,2023,19.39
swe,sex_t,age_10yrbands_y55_64,edu_isced11_4,2006,2.576
swe,sex_t,age_10yrbands_y55_64,edu_isced11_4,2007,1.594
swe,sex_t,age_10yrbands_y55_64,edu_isced11_4,2008,1.911
swe,sex_t,age_10yrbands_y55_64,edu_isced11_4,2009,2.426
swe,sex_t,age_10yrbands_y55_64,edu_isced11_4,2010,2.617
swe,sex_t,age_10yrbands_y55_64,edu_isced11_4,2011,2.992
swe,sex_t,age_10yrbands_y55_64,edu_isced11_4,2012,2.908
swe,sex_t,age_10yrbands_y55_64,edu_isced11_4,2013,2.837
swe,sex_t,age_10yrbands_y55_64,edu_isced11_4,2014,3.83
swe,sex_t,age_10yrbands_y55_64,edu_isced11_4,2015,3.963
swe,sex_t,age_10yrbands_y55_64,edu_isced11_4,2016,3.231
swe,sex_t,age_10yrbands_y55_64,edu_isced11_4,2017,2.795
swe,sex_t,age_10yrbands_y55_64,edu_isced11_4,2018,3.712
swe,sex_t,age_10yrbands_y55_64,edu_isced11_4,2019,4.129
swe,sex_t,age_10yrbands_y55_64,edu_isced11_4,2020,4.784
swe,sex_t,age_10yrbands_y55_64,edu_isced11_4,2021,5.052
swe,sex_t,age_10yrbands_y55_64,edu_isced11_4,2022,4.124
swe,sex_t,age_10yrbands_y55_64,edu_isced11_4,2023,4.813
swe,sex_t,age_10yrbands_y55_64,edu_isced11_5,2006,7.329
swe,sex_t,age_10yrbands_y55_64,edu_isced11_5,2007,6.17
swe,sex_t,age_10yrbands_y55_64,edu_isced11_5,2008,7.645
swe,sex_t,age_10yrbands_y55_64,edu_isced11_5,2009,8.257
swe,sex_t,age_10yrbands_y55_64,edu_isced11_5,2010,9.477
swe,sex_t,age_10yrbands_y55_64,edu_isced11_5,2011,8.745
swe,sex_t,age_10yrbands_y55_64,edu_isced11_5,2012,8.721
swe,sex_t,age_10yrbands_y55_64,edu_isced11_5,2013,8.725
swe,sex_t,age_10yrbands_y55_64,edu_isced11_5,2014,3.379
swe,sex_t,age_10yrbands_y55_64,edu_isced11_5,2015,3.352
swe,sex_t,age_10yrbands_y55_64,edu_isced11_5,2016,3.694
swe,sex_t,age_10yrbands_y55_64,edu_isced11_5,2017,3.947
swe,sex_t,age_10yrbands_y55_64,edu_isced11_5,2018,3.952
swe,sex_t,age_10yrbands_y55_64,edu_isced11_5,2019,3.136
swe,sex_t,age_10yrbands_y55_64,edu_isced11_5,2020,4.116
swe,sex_t,age_10yrbands_y55_64,edu_isced11_5,2021,4.926
swe,sex_t,age_10yrbands_y55_64,edu_isced11_5,2022,3.693
swe,sex_t,age_10yrbands_y55_64,edu_isced11_5,2023,5.981
swe,sex_t,age_10yrbands_y55_64,edu_isced11_6,2014,3.511
swe,sex_t,age_10yrbands_y55_64,edu_isced11_6,2015,3.074
swe,sex_t,age_10yrbands_y55_64,edu_isced11_6,2016,4.04
swe,sex_t,age_10yrbands_y55_64,edu_isced11_6,2017,4.147
swe,sex_t,age_10yrbands_y55_64,edu_isced11_6,2018,2.91
swe,sex_t,age_10yrbands_y55_64,edu_isced11_6,2019,3.393
swe,sex_t,age_10yrbands_y55_64,edu_isced11_6,2020,4.855
swe,sex_t,age_10yrbands_y55_64,edu_isced11_6,2021,4.875
swe,sex_t,age_10yrbands_y55_64,edu_isced11_6,2022,5.32
swe,sex_t,age_10yrbands_y55_64,edu_isced11_6,2023,4.509
swe,sex_t,age_10yrbands_y55_64,edu_isced11_7,2014,3.374
swe,sex_t,age_10yrbands_y55_64,edu_isced11_7,2015,2.639
swe,sex_t,age_10yrbands_y55_64,edu_isced11_7,2016,2.612
swe,sex_t,age_10yrbands_y55_64,edu_isced11_7,2017,2.595
swe,sex_t,age_10yrbands_y55_64,edu_isced11_7,2018,3.61
swe,sex_t,age_10yrbands_y55_64,edu_isced11_7,2019,3.377
swe,sex_t,age_10yrbands_y55_64,edu_isced11_7,2020,3.506
swe,sex_t,age_10yrbands_y55_64,edu_isced11_7,2021,3.619
swe,sex_t,age_10yrbands_y55_64,edu_isced11_7,2022,3.514
swe,sex_t,age_10yrbands_y55_64,edu_isced11_7,2023,3.689
swe,sex_t,age_10yrbands_y55_64,edu_isced11_8,2014,0.331
swe,sex_t,age_10yrbands_y55_64,edu_isced11_8,2015,0.432
swe,sex_t,age_10yrbands_y55_64,edu_isced11_8,2016,0.489
swe,sex_t,age_10yrbands_y55_64,edu_isced11_8,2017,0.41
swe,sex_t,age_10yrbands_y55_64,edu_isced11_8,2018,0.818
swe,sex_t,age_10yrbands_y55_64,edu_isced11_8,2019,0.676
swe,sex_t,age_10yrbands_y55_64,edu_isced11_8,2020,0.908
swe,sex_t,age_10yrbands_y55_64,edu_isced11_8,2021,0.554
swe,sex_t,age_10yrbands_y55_64,edu_isced11_8,2022,0.425
swe,sex_t,age_10yrbands_y55_64,edu_isced11_8,2023,0.293
swe,sex_t,age_10yrbands_y55_64,edu_isced11_9,2006,0.529
swe,sex_t,age_10yrbands_y55_64,edu_isced11_9,2007,0.57
swe,sex_t,age_10yrbands_y55_64,edu_isced11_9,2008,0.361
swe,sex_t,age_10yrbands_y55_64,edu_isced11_9,2009,0.429
swe,sex_t,age_10yrbands_y55_64,edu_isced11_9,2010,0.355
swe,sex_t,age_10yrbands_y55_64,edu_isced11_9,2011,0.39
swe,sex_t,age_10yrbands_y55_64,edu_isced11_9,2012,0.382
swe,sex_t,age_10yrbands_y55_64,edu_isced11_9,2013,0.308
swe,sex_t,age_10yrbands_y55_64,edu_isced11_9,2016,0.227
swe,sex_t,age_10yrbands_y55_64,edu_isced11_9,2020,0.395
swe,sex_t,age_10yrbands_y55_64,edu_isced11_total,2006,38.671
swe,sex_t,age_10yrbands_y55_64,edu_isced11_total,2007,35.184
swe,sex_t,age_10yrbands_y55_64,edu_isced11_total,2008,33.393
swe,sex_t,age_10yrbands_y55_64,edu_isced11_total,2009,47.02
swe,sex_t,age_10yrbands_y55_64,edu_isced11_total,2010,51.638
swe,sex_t,age_10yrbands_y55_64,edu_isced11_total,2011,46.739
swe,sex_t,age_10yrbands_y55_64,edu_isced11_total,2012,46.541
swe,sex_t,age_10yrbands_y55_64,edu_isced11_total,2013,45.361
swe,sex_t,age_10yrbands_y55_64,edu_isced11_total,2014,48.49
swe,sex_t,age_10yrbands_y55_64,edu_isced11_total,2015,47.934
swe,sex_t,age_10yrbands_y55_64,edu_isced11_total,2016,48.133
swe,sex_t,age_10yrbands_y55_64,edu_isced11_total,2017,47.124
swe,sex_t,age_10yrbands_y55_64,edu_isced11_total,2018,41.961
swe,sex_t,age_10yrbands_y55_64,edu_isced11_total,2019,44.723
swe,sex_t,age_10yrbands_y55_64,edu_isced11_total,2020,57.735
swe,sex_t,age_10yrbands_y55_64,edu_isced11_total,2021,68.914
swe,sex_t,age_10yrbands_y55_64,edu_isced11_total,2022,54.982
swe,sex_t,age_10yrbands_y55_64,edu_isced11_total,2023,55.076
swe,sex_t,age_10yrbands_yge65,edu_aggregate_adv,2006,0.83
swe,sex_t,age_10yrbands_yge65,edu_aggregate_adv,2007,0.873
swe,sex_t,age_10yrbands_yge65,edu_aggregate_adv,2008,0.504
swe,sex_t,age_10yrbands_yge65,edu_aggregate_adv,2009,0.986
swe,sex_t,age_10yrbands_yge65,edu_aggregate_adv,2010,0.809
swe,sex_t,age_10yrbands_yge65,edu_aggregate_adv,2011,0.852
swe,sex_t,age_10yrbands_yge65,edu_aggregate_adv,2012,1.023
swe,sex_t,age_10yrbands_yge65,edu_aggregate_adv,2013,1.192
swe,sex_t,age_10yrbands_yge65,edu_aggregate_adv,2014,1.824
swe,sex_t,age_10yrbands_yge65,edu_aggregate_adv,2015,1.837
swe,sex_t,age_10yrbands_yge65,edu_aggregate_adv,2016,2.123
swe,sex_t,age_10yrbands_yge65,edu_aggregate_adv,2017,2.156
swe,sex_t,age_10yrbands_yge65,edu_aggregate_adv,2018,2.42
swe,sex_t,age_10yrbands_yge65,edu_aggregate_adv,2019,2.081
swe,sex_t,age_10yrbands_yge65,edu_aggregate_adv,2020,1.742
swe,sex_t,age_10yrbands_yge65,edu_aggregate_adv,2021,2.493
swe,sex_t,age_10yrbands_yge65,edu_aggregate_adv,2022,4.953
swe,sex_t,age_10yrbands_yge65,edu_aggregate_adv,2023,4.877
swe,sex_t,age_10yrbands_yge65,edu_aggregate_bas,2006,0.649
swe,sex_t,age_10yrbands_yge65,edu_aggregate_bas,2007,0.184
swe,sex_t,age_10yrbands_yge65,edu_aggregate_bas,2009,0.398
swe,sex_t,age_10yrbands_yge65,edu_aggregate_bas,2010,0.484
swe,sex_t,age_10yrbands_yge65,edu_aggregate_bas,2011,0.58
swe,sex_t,age_10yrbands_yge65,edu_aggregate_bas,2012,1.269
swe,sex_t,age_10yrbands_yge65,edu_aggregate_bas,2013,0.835
swe,sex_t,age_10yrbands_yge65,edu_aggregate_bas,2014,1.163
swe,sex_t,age_10yrbands_yge65,edu_aggregate_bas,2015,1.151
swe,sex_t,age_10yrbands_yge65,edu_aggregate_bas,2016,0.864
swe,sex_t,age_10yrbands_yge65,edu_aggregate_bas,2017,1.012
swe,sex_t,age_10yrbands_yge65,edu_aggregate_bas,2018,0.948
swe,sex_t,age_10yrbands_yge65,edu_aggregate_bas,2019,0.828
swe,sex_t,age_10yrbands_yge65,edu_aggregate_bas,2020,0.612
swe,sex_t,age_10yrbands_yge65,edu_aggregate_bas,2021,1.364
swe,sex_t,age_10yrbands_yge65,edu_aggregate_bas,2022,0.844
swe,sex_t,age_10yrbands_yge65,edu_aggregate_bas,2023,1.179
swe,sex_t,age_10yrbands_yge65,edu_aggregate_int,2006,0.264
swe,sex_t,age_10yrbands_yge65,edu_aggregate_int,2007,0.482
swe,sex_t,age_10yrbands_yge65,edu_aggregate_int,2008,1.374
swe,sex_t,age_10yrbands_yge65,edu_aggregate_int,2009,1.296
swe,sex_t,age_10yrbands_yge65,edu_aggregate_int,2010,1.137
swe,sex_t,age_10yrbands_yge65,edu_aggregate_int,2011,0.992
swe,sex_t,age_10yrbands_yge65,edu_aggregate_int,2012,1.399
swe,sex_t,age_10yrbands_yge65,edu_aggregate_int,2013,0.92
swe,sex_t,age_10yrbands_yge65,edu_aggregate_int,2014,2.03
swe,sex_t,age_10yrbands_yge65,edu_aggregate_int,2015,1.329
swe,sex_t,age_10yrbands_yge65,edu_aggregate_int,2016,1.409
swe,sex_t,age_10yrbands_yge65,edu_aggregate_int,2017,2.293
swe,sex_t,age_10yrbands_yge65,edu_aggregate_int,2018,1.913
swe,sex_t,age_10yrbands_yge65,edu_aggregate_int,2019,1.726
swe,sex_t,age_10yrbands_yge65,edu_aggregate_int,2020,1.631
swe,sex_t,age_10yrbands_yge65,edu_aggregate_int,2021,4.059
swe,sex_t,age_10yrbands_yge65,edu_aggregate_int,2022,2.827
swe,sex_t,age_10yrbands_yge65,edu_aggregate_int,2023,3.586
swe,sex_t,age_10yrbands_yge65,edu_aggregate_total,2004,1.172
swe,sex_t,age_10yrbands_yge65,edu_aggregate_total,2005,1.186
swe,sex_t,age_10yrbands_yge65,edu_aggregate_total,2006,1.743
swe,sex_t,age_10yrbands_yge65,edu_aggregate_total,2007,1.54
swe,sex_t,age_10yrbands_yge65,edu_aggregate_total,2008,2.092
swe,sex_t,age_10yrbands_yge65,edu_aggregate_total,2009,2.711
swe,sex_t,age_10yrbands_yge65,edu_aggregate_total,2010,2.549
swe,sex_t,age_10yrbands_yge65,edu_aggregate_total,2011,2.626
swe,sex_t,age_10yrbands_yge65,edu_aggregate_total,2012,3.976
swe,sex_t,age_10yrbands_yge65,edu_aggregate_total,2013,3.108
swe,sex_t,age_10yrbands_yge65,edu_aggregate_total,2014,5.017
swe,sex_t,age_10yrbands_yge65,edu_aggregate_total,2015,4.413
swe,sex_t,age_10yrbands_yge65,edu_aggregate_total,2016,4.396
swe,sex_t,age_10yrbands_yge65,edu_aggregate_total,2017,5.461
swe,sex_t,age_10yrbands_yge65,edu_aggregate_total,2018,5.281
swe,sex_t,age_10yrbands_yge65,edu_aggregate_total,2019,4.635
swe,sex_t,age_10yrbands_yge65,edu_aggregate_total,2020,3.986
swe,sex_t,age_10yrbands_yge65,edu_aggregate_total,2021,7.917
swe,sex_t,age_10yrbands_yge65,edu_aggregate_total,2022,8.624
swe,sex_t,age_10yrbands_yge65,edu_aggregate_total,2023,9.643
swe,sex_t,age_10yrbands_yge65,edu_aggregate_x,2012,0.285
swe,sex_t,age_10yrbands_yge65,edu_isced11_1,2010,0.22
swe,sex_t,age_10yrbands_yge65,edu_isced11_1,2011,0.324
swe,sex_t,age_10yrbands_yge65,edu_isced11_1,2012,0.266
swe,sex_t,age_10yrbands_yge65,edu_isced11_1,2013,0.466
swe,sex_t,age_10yrbands_yge65,edu_isced11_1,2014,0.411
swe,sex_t,age_10yrbands_yge65,edu_isced11_1,2015,0.442
swe,sex_t,age_10yrbands_yge65,edu_isced11_1,2016,0.407
swe,sex_t,age_10yrbands_yge65,edu_isced11_2,2010,0.264
swe,sex_t,age_10yrbands_yge65,edu_isced11_2,2011,0.256
swe,sex_t,age_10yrbands_yge65,edu_isced11_2,2012,1.003
swe,sex_t,age_10yrbands_yge65,edu_isced11_2,2013,0.369
swe,sex_t,age_10yrbands_yge65,edu_isced11_2,2014,0.752
swe,sex_t,age_10yrbands_yge65,edu_isced11_2,2015,0.709
swe,sex_t,age_10yrbands_yge65,edu_isced11_2,2016,0.457
swe,sex_t,age_10yrbands_yge65,edu_isced11_2,2017,0.857
swe,sex_t,age_10yrbands_yge65,edu_isced11_2,2018,0.522
swe,sex_t,age_10yrbands_yge65,edu_isced11_2,2019,0.429
swe,sex_t,age_10yrbands_yge65,edu_isced11_2,2021,1.257
swe,sex_t,age_10yrbands_yge65,edu_isced11_2,2023,1.179
swe,sex_t,age_10yrbands_yge65,edu_isced11_3,2006,0.264
swe,sex_t,age_10yrbands_yge65,edu_isced11_3,2007,0.482
swe,sex_t,age_10yrbands_yge65,edu_isced11_3,2008,1.374
swe,sex_t,age_10yrbands_yge65,edu_isced11_3,2009,1.03
swe,sex_t,age_10yrbands_yge65,edu_isced11_3,2010,0.94
swe,sex_t,age_10yrbands_yge65,edu_isced11_3,2011,0.91
swe,sex_t,age_10yrbands_yge65,edu_isced11_3,2012,1.306
swe,sex_t,age_10yrbands_yge65,edu_isced11_3,2013,0.847
swe,sex_t,age_10yrbands_yge65,edu_isced11_3,2014,1.779
swe,sex_t,age_10yrbands_yge65,edu_isced11_3,2015,1.144
swe,sex_t,age_10yrbands_yge65,edu_isced11_3,2016,1.327
swe,sex_t,age_10yrbands_yge65,edu_isced11_3,2017,2.221
swe,sex_t,age_10yrbands_yge65,edu_isced11_3,2018,1.799
swe,sex_t,age_10yrbands_yge65,edu_isced11_3,2019,1.569
swe,sex_t,age_10yrbands_yge65,edu_isced11_3,2020,1.506
swe,sex_t,age_10yrbands_yge65,edu_isced11_3,2021,3.875
swe,sex_t,age_10yrbands_yge65,edu_isced11_3,2022,2.827
swe,sex_t,age_10yrbands_yge65,edu_isced11_3,2023,3.365
swe,sex_t,age_10yrbands_yge65,edu_isced11_4,2009,0.266
swe,sex_t,age_10yrbands_yge65,edu_isced11_4,2010,0.197
swe,sex_t,age_10yrbands_yge65,edu_isced11_4,2014,0.251
swe,sex_t,age_10yrbands_yge65,edu_isced11_4,2015,0.185
swe,sex_t,age_10yrbands_yge65,edu_isced11_5,2006,0.83
swe,sex_t,age_10yrbands_yge65,edu_isced11_5,2007,0.873
swe,sex_t,age_10yrbands_yge65,edu_isced11_5,2008,0.504
swe,sex_t,age_10yrbands_yge65,edu_isced11_5,2009,0.986
swe,sex_t,age_10yrbands_yge65,edu_isced11_5,2010,0.809
swe,sex_t,age_10yrbands_yge65,edu_isced11_5,2011,0.852
swe,sex_t,age_10yrbands_yge65,edu_isced11_5,2012,1.023
swe,sex_t,age_10yrbands_yge65,edu_isced11_5,2013,1.192
swe,sex_t,age_10yrbands_yge65,edu_isced11_5,2014,0.377
swe,sex_t,age_10yrbands_yge65,edu_isced11_5,2015,0.394
swe,sex_t,age_10yrbands_yge65,edu_isced11_5,2017,0.418
swe,sex_t,age_10yrbands_yge65,edu_isced11_5,2018,0.414
swe,sex_t,age_10yrbands_yge65,edu_isced11_5,2019,0.483
swe,sex_t,age_10yrbands_yge65,edu_isced11_5,2020,0.481
swe,sex_t,age_10yrbands_yge65,edu_isced11_5,2021,0.603
swe,sex_t,age_10yrbands_yge65,edu_isced11_5,2022,2.231
swe,sex_t,age_10yrbands_yge65,edu_isced11_5,2023,1.71
swe,sex_t,age_10yrbands_yge65,edu_isced11_6,2014,0.492
swe,sex_t,age_10yrbands_yge65,edu_isced11_6,2015,0.513
swe,sex_t,age_10yrbands_yge65,edu_isced11_6,2016,1.155
swe,sex_t,age_10yrbands_yge65,edu_isced11_6,2017,1.232
swe,sex_t,age_10yrbands_yge65,edu_isced11_6,2018,0.819
swe,sex_t,age_10yrbands_yge65,edu_isced11_6,2019,0.946
swe,sex_t,age_10yrbands_yge65,edu_isced11_6,2020,0.941
swe,sex_t,age_10yrbands_yge65,edu_isced11_6,2021,0.834
swe,sex_t,age_10yrbands_yge65,edu_isced11_6,2022,1.01
swe,sex_t,age_10yrbands_yge65,edu_isced11_6,2023,1.239
swe,sex_t,age_10yrbands_yge65,edu_isced11_7,2014,0.718
swe,sex_t,age_10yrbands_yge65,edu_isced11_7,2015,0.809
swe,sex_t,age_10yrbands_yge65,edu_isced11_7,2016,0.672
swe,sex_t,age_10yrbands_yge65,edu_isced11_7,2017,0.349
swe,sex_t,age_10yrbands_yge65,edu_isced11_7,2018,0.94
swe,sex_t,age_10yrbands_yge65,edu_isced11_7,2019,0.651
swe,sex_t,age_10yrbands_yge65,edu_isced11_7,2021,0.872
swe,sex_t,age_10yrbands_yge65,edu_isced11_7,2022,1.595
swe,sex_t,age_10yrbands_yge65,edu_isced11_7,2023,1.715
swe,sex_t,age_10yrbands_yge65,edu_isced11_8,2014,0.237
swe,sex_t,age_10yrbands_yge65,edu_isced11_9,2012,0.285
swe,sex_t,age_10yrbands_yge65,edu_isced11_total,2006,1.743
swe,sex_t,age_10yrbands_yge65,edu_isced11_total,2007,1.54
swe,sex_t,age_10yrbands_yge65,edu_isced11_total,2008,2.092
swe,sex_t,age_10yrbands_yge65,edu_isced11_total,2009,2.711
swe,sex_t,age_10yrbands_yge65,edu_isced11_total,2010,2.549
swe,sex_t,age_10yrbands_yge65,edu_isced11_total,2011,2.626
swe,sex_t,age_10yrbands_yge65,edu_isced11_total,2012,3.976
swe,sex_t,age_10yrbands_yge65,edu_isced11_total,2013,3.108
swe,sex_t,age_10yrbands_yge65,edu_isced11_total,2014,5.017
swe,sex_t,age_10yrbands_yge65,edu_isced11_total,2015,4.413
swe,sex_t,age_10yrbands_yge65,edu_isced11_total,2016,4.396
swe,sex_t,age_10yrbands_yge65,edu_isced11_total,2017,5.461
swe,sex_t,age_10yrbands_yge65,edu_isced11_total,2018,5.281
swe,sex_t,age_10yrbands_yge65,edu_isced11_total,2019,4.635
swe,sex_t,age_10yrbands_yge65,edu_isced11_total,2020,3.986
swe,sex_t,age_10yrbands_yge65,edu_isced11_total,2021,7.917
swe,sex_t,age_10yrbands_yge65,edu_isced11_total,2022,8.624
swe,sex_t,age_10yrbands_yge65,edu_isced11_total,2023,9.643
swe,sex_t,age_aggregate_total,edu_aggregate_adv,1987,11
swe,sex_t,age_aggregate_total,edu_aggregate_adv,1988,10
swe,sex_t,age_aggregate_total,edu_aggregate_adv,1989,10
swe,sex_t,age_aggregate_total,edu_aggregate_adv,1990,10
swe,sex_t,age_aggregate_total,edu_aggregate_adv,1991,16
swe,sex_t,age_aggregate_total,edu_aggregate_adv,1992,32
swe,sex_t,age_aggregate_total,edu_aggregate_adv,1993,46
swe,sex_t,age_aggregate_total,edu_aggregate_adv,1994,44
swe,sex_t,age_aggregate_total,edu_aggregate_adv,1995,46.358
swe,sex_t,age_aggregate_total,edu_aggregate_adv,1996,50.608
swe,sex_t,age_aggregate_total,edu_aggregate_adv,1997,50.519
swe,sex_t,age_aggregate_total,edu_aggregate_adv,1998,53.636
swe,sex_t,age_aggregate_total,edu_aggregate_adv,1999,48.599
swe,sex_t,age_aggregate_total,edu_aggregate_adv,2000,38.057
swe,sex_t,age_aggregate_total,edu_aggregate_adv,2001,25.663
swe,sex_t,age_aggregate_total,edu_aggregate_adv,2002,30.84
swe,sex_t,age_aggregate_total,edu_aggregate_adv,2003,42.229
swe,sex_t,age_aggregate_total,edu_aggregate_adv,2004,49.598
swe,sex_t,age_aggregate_total,edu_aggregate_adv,2005,63.975
swe,sex_t,age_aggregate_total,edu_aggregate_adv,2006,59.187
swe,sex_t,age_aggregate_total,edu_aggregate_adv,2007,51.124
swe,sex_t,age_aggregate_total,edu_aggregate_adv,2008,51.219
swe,sex_t,age_aggregate_total,edu_aggregate_adv,2009,68.052
swe,sex_t,age_aggregate_total,edu_aggregate_adv,2010,73.463
swe,sex_t,age_aggregate_total,edu_aggregate_adv,2011,68.253
swe,sex_t,age_aggregate_total,edu_aggregate_adv,2012,72.918
swe,sex_t,age_aggregate_total,edu_aggregate_adv,2013,76.968
swe,sex_t,age_aggregate_total,edu_aggregate_adv,2014,83.403
swe,sex_t,age_aggregate_total,edu_aggregate_adv,2015,84.524
swe,sex_t,age_aggregate_total,edu_aggregate_adv,2016,83.907
swe,sex_t,age_aggregate_total,edu_aggregate_adv,2017,87.088
swe,sex_t,age_aggregate_total,edu_aggregate_adv,2018,82.672
swe,sex_t,age_aggregate_total,edu_aggregate_adv,2019,85.72
swe,sex_t,age_aggregate_total,edu_aggregate_adv,2020,111.425
swe,sex_t,age_aggregate_total,edu_aggregate_adv,2021,106.873
swe,sex_t,age_aggregate_total,edu_aggregate_adv,2022,86.683
swe,sex_t,age_aggregate_total,edu_aggregate_adv,2023,103.438
swe,sex_t,age_aggregate_total,edu_aggregate_bas,1987,38
swe,sex_t,age_aggregate_total,edu_aggregate_bas,1988,31
swe,sex_t,age_aggregate_total,edu_aggregate_bas,1989,26
swe,sex_t,age_aggregate_total,edu_aggregate_bas,1990,31
swe,sex_t,age_aggregate_total,edu_aggregate_bas,1991,48
swe,sex_t,age_aggregate_total,edu_aggregate_bas,1992,75
swe,sex_t,age_aggregate_total,edu_aggregate_bas,1993,111
swe,sex_t,age_aggregate_total,edu_aggregate_bas,1994,108
swe,sex_t,age_aggregate_total,edu_aggregate_bas,1995,122.848
swe,sex_t,age_aggregate_total,edu_aggregate_bas,1996,121.485
swe,sex_t,age_aggregate_total,edu_aggregate_bas,1997,144.474
swe,sex_t,age_aggregate_total,edu_aggregate_bas,1998,115.258
swe,sex_t,age_aggregate_total,edu_aggregate_bas,1999,105.868
swe,sex_t,age_aggregate_total,edu_aggregate_bas,2000,74.494
swe,sex_t,age_aggregate_total,edu_aggregate_bas,2001,67.221
swe,sex_t,age_aggregate_total,edu_aggregate_bas,2002,63.985
swe,sex_t,age_aggregate_total,edu_aggregate_bas,2003,68.823
swe,sex_t,age_aggregate_total,edu_aggregate_bas,2004,76.269
swe,sex_t,age_aggregate_total,edu_aggregate_bas,2005,106.599
swe,sex_t,age_aggregate_total,edu_aggregate_bas,2006,118.532
swe,sex_t,age_aggregate_total,edu_aggregate_bas,2007,111.139
swe,sex_t,age_aggregate_total,edu_aggregate_bas,2008,118.699
swe,sex_t,age_aggregate_total,edu_aggregate_bas,2009,140.454
swe,sex_t,age_aggregate_total,edu_aggregate_bas,2010,149.568
swe,sex_t,age_aggregate_total,edu_aggregate_bas,2011,144.307
swe,sex_t,age_aggregate_total,edu_aggregate_bas,2012,150.807
swe,sex_t,age_aggregate_total,edu_aggregate_bas,2013,155.295
swe,sex_t,age_aggregate_total,edu_aggregate_bas,2014,156.518
swe,sex_t,age_aggregate_total,edu_aggregate_bas,2015,150.982
swe,sex_t,age_aggregate_total,edu_aggregate_bas,2016,147.13
swe,sex_t,age_aggregate_total,edu_aggregate_bas,2017,148.922
swe,sex_t,age_aggregate_total,edu_aggregate_bas,2018,150.988
swe,sex_t,age_aggregate_total,edu_aggregate_bas,2019,167.822
swe,sex_t,age_aggregate_total,edu_aggregate_bas,2020,193.885
swe,sex_t,age_aggregate_total,edu_aggregate_bas,2021,221.807
swe,sex_t,age_aggregate_total,edu_aggregate_bas,2022,199.385
swe,sex_t,age_aggregate_total,edu_aggregate_bas,2023,192.73
swe,sex_t,age_aggregate_total,edu_aggregate_int,1987,45
swe,sex_t,age_aggregate_total,edu_aggregate_int,1988,36
swe,sex_t,age_aggregate_total,edu_aggregate_int,1989,32
swe,sex_t,age_aggregate_total,edu_aggregate_int,1990,35
swe,sex_t,age_aggregate_total,edu_aggregate_int,1991,70
swe,sex_t,age_aggregate_total,edu_aggregate_int,1992,126
swe,sex_t,age_aggregate_total,edu_aggregate_int,1993,198
swe,sex_t,age_aggregate_total,edu_aggregate_int,1994,189
swe,sex_t,age_aggregate_total,edu_aggregate_int,1995,226.116
swe,sex_t,age_aggregate_total,edu_aggregate_int,1996,242.495
swe,sex_t,age_aggregate_total,edu_aggregate_int,1997,249.457
swe,sex_t,age_aggregate_total,edu_aggregate_int,1998,210.964
swe,sex_t,age_aggregate_total,edu_aggregate_int,1999,175.858
swe,sex_t,age_aggregate_total,edu_aggregate_int,2000,122.282
swe,sex_t,age_aggregate_total,edu_aggregate_int,2001,111.346
swe,sex_t,age_aggregate_total,edu_aggregate_int,2002,120.949
swe,sex_t,age_aggregate_total,edu_aggregate_int,2003,134.6
swe,sex_t,age_aggregate_total,edu_aggregate_int,2004,170.549
swe,sex_t,age_aggregate_total,edu_aggregate_int,2005,182.762
swe,sex_t,age_aggregate_total,edu_aggregate_int,2006,153.72
swe,sex_t,age_aggregate_total,edu_aggregate_int,2007,130.371
swe,sex_t,age_aggregate_total,edu_aggregate_int,2008,132.006
swe,sex_t,age_aggregate_total,edu_aggregate_int,2009,196.821
swe,sex_t,age_aggregate_total,edu_aggregate_int,2010,199.031
swe,sex_t,age_aggregate_total,edu_aggregate_int,2011,174.745
swe,sex_t,age_aggregate_total,edu_aggregate_int,2012,176.302
swe,sex_t,age_aggregate_total,edu_aggregate_int,2013,176.725
swe,sex_t,age_aggregate_total,edu_aggregate_int,2014,171.502
swe,sex_t,age_aggregate_total,edu_aggregate_int,2015,151.046
swe,sex_t,age_aggregate_total,edu_aggregate_int,2016,136.349
swe,sex_t,age_aggregate_total,edu_aggregate_int,2017,123.827
swe,sex_t,age_aggregate_total,edu_aggregate_int,2018,110.232
swe,sex_t,age_aggregate_total,edu_aggregate_int,2019,118.856
swe,sex_t,age_aggregate_total,edu_aggregate_int,2020,149.16
swe,sex_t,age_aggregate_total,edu_aggregate_int,2021,156.039
swe,sex_t,age_aggregate_total,edu_aggregate_int,2022,129.689
swe,sex_t,age_aggregate_total,edu_aggregate_int,2023,136.164
swe,sex_t,age_aggregate_total,edu_aggregate_total,1987,94
swe,sex_t,age_aggregate_total,edu_aggregate_total,1988,77
swe,sex_t,age_aggregate_total,edu_aggregate_total,1989,66
swe,sex_t,age_aggregate_total,edu_aggregate_total,1990,75
swe,sex_t,age_aggregate_total,edu_aggregate_total,1991,134
swe,sex_t,age_aggregate_total,edu_aggregate_total,1992,233
swe,sex_t,age_aggregate_total,edu_aggregate_total,1993,356
swe,sex_t,age_aggregate_total,edu_aggregate_total,1994,340
swe,sex_t,age_aggregate_total,edu_aggregate_total,1995,395.628
swe,sex_t,age_aggregate_total,edu_aggregate_total,1996,420.902
swe,sex_t,age_aggregate_total,edu_aggregate_total,1997,452.609
swe,sex_t,age_aggregate_total,edu_aggregate_total,1998,387.434
swe,sex_t,age_aggregate_total,edu_aggregate_total,1999,333.778
swe,sex_t,age_aggregate_total,edu_aggregate_total,2000,238.525
swe,sex_t,age_aggregate_total,edu_aggregate_total,2001,215.454
swe,sex_t,age_aggregate_total,edu_aggregate_total,2002,227.154
swe,sex_t,age_aggregate_total,edu_aggregate_total,2003,255.946
swe,sex_t,age_aggregate_total,edu_aggregate_total,2004,309.218
swe,sex_t,age_aggregate_total,edu_aggregate_total,2005,368.249
swe,sex_t,age_aggregate_total,edu_aggregate_total,2006,336.773
swe,sex_t,age_aggregate_total,edu_aggregate_total,2007,298.112
swe,sex_t,age_aggregate_total,edu_aggregate_total,2008,305.401
swe,sex_t,age_aggregate_total,edu_aggregate_total,2009,409.972
swe,sex_t,age_aggregate_total,edu_aggregate_total,2010,426.167
swe,sex_t,age_aggregate_total,edu_aggregate_total,2011,391.568
swe,sex_t,age_aggregate_total,edu_aggregate_total,2012,403.627
swe,sex_t,age_aggregate_total,edu_aggregate_total,2013,411.986
swe,sex_t,age_aggregate_total,edu_aggregate_total,2014,412.35
swe,sex_t,age_aggregate_total,edu_aggregate_total,2015,388.311
swe,sex_t,age_aggregate_total,edu_aggregate_total,2016,368.994
swe,sex_t,age_aggregate_total,edu_aggregate_total,2017,361.669
swe,sex_t,age_aggregate_total,edu_aggregate_total,2018,346.49
swe,sex_t,age_aggregate_total,edu_aggregate_total,2019,376.33
swe,sex_t,age_aggregate_total,edu_aggregate_total,2020,457.834
swe,sex_t,age_aggregate_total,edu_aggregate_total,2021,492.769
swe,sex_t,age_aggregate_total,edu_aggregate_total,2022,421.146
swe,sex_t,age_aggregate_total,edu_aggregate_total,2023,439.564
swe,sex_t,age_aggregate_total,edu_aggregate_x,1996,6.313
swe,sex_t,age_aggregate_total,edu_aggregate_x,1997,8.159
swe,sex_t,age_aggregate_total,edu_aggregate_x,1998,7.576
swe,sex_t,age_aggregate_total,edu_aggregate_x,1999,3.454
swe,sex_t,age_aggregate_total,edu_aggregate_x,2000,3.692
swe,sex_t,age_aggregate_total,edu_aggregate_x,2001,11.224
swe,sex_t,age_aggregate_total,edu_aggregate_x,2002,11.38
swe,sex_t,age_aggregate_total,edu_aggregate_x,2003,10.295
swe,sex_t,age_aggregate_total,edu_aggregate_x,2004,12.802
swe,sex_t,age_aggregate_total,edu_aggregate_x,2005,14.913
swe,sex_t,age_aggregate_total,edu_aggregate_x,2006,5.335
swe,sex_t,age_aggregate_total,edu_aggregate_x,2007,5.478
swe,sex_t,age_aggregate_total,edu_aggregate_x,2008,3.477
swe,sex_t,age_aggregate_total,edu_aggregate_x,2009,4.645
swe,sex_t,age_aggregate_total,edu_aggregate_x,2010,4.105
swe,sex_t,age_aggregate_total,edu_aggregate_x,2011,4.263
swe,sex_t,age_aggregate_total,edu_aggregate_x,2012,3.6
swe,sex_t,age_aggregate_total,edu_aggregate_x,2013,2.997
swe,sex_t,age_aggregate_total,edu_aggregate_x,2014,0.926
swe,sex_t,age_aggregate_total,edu_aggregate_x,2015,1.76
swe,sex_t,age_aggregate_total,edu_aggregate_x,2016,1.608
swe,sex_t,age_aggregate_total,edu_aggregate_x,2017,1.831
swe,sex_t,age_aggregate_total,edu_aggregate_x,2018,2.599
swe,sex_t,age_aggregate_total,edu_aggregate_x,2019,3.932
swe,sex_t,age_aggregate_total,edu_aggregate_x,2020,3.364
swe,sex_t,age_aggregate_total,edu_aggregate_x,2021,8.05
swe,sex_t,age_aggregate_total,edu_aggregate_x,2022,5.389
swe,sex_t,age_aggregate_total,edu_aggregate_x,2023,7.233
swe,sex_t,age_aggregate_total,edu_isced11_1,2006,21.305
swe,sex_t,age_aggregate_total,edu_isced11_1,2007,18.645
swe,sex_t,age_aggregate_total,edu_isced11_1,2008,26.44
swe,sex_t,age_aggregate_total,edu_isced11_1,2009,26.427
swe,sex_t,age_aggregate_total,edu_isced11_1,2010,28.559
swe,sex_t,age_aggregate_total,edu_isced11_1,2011,28.879
swe,sex_t,age_aggregate_total,edu_isced11_1,2012,29.552
swe,sex_t,age_aggregate_total,edu_isced11_1,2013,31.718
swe,sex_t,age_aggregate_total,edu_isced11_1,2014,36.749
swe,sex_t,age_aggregate_total,edu_isced11_1,2015,39.871
swe,sex_t,age_aggregate_total,edu_isced11_1,2016,42.446
swe,sex_t,age_aggregate_total,edu_isced11_1,2017,41.697
swe,sex_t,age_aggregate_total,edu_isced11_1,2018,46.221
swe,sex_t,age_aggregate_total,edu_isced11_1,2019,45.77
swe,sex_t,age_aggregate_total,edu_isced11_1,2020,54.712
swe,sex_t,age_aggregate_total,edu_isced11_1,2021,68.404
swe,sex_t,age_aggregate_total,edu_isced11_1,2022,65.838
swe,sex_t,age_aggregate_total,edu_isced11_1,2023,55.275
swe,sex_t,age_aggregate_total,edu_isced11_2,2006,97.227
swe,sex_t,age_aggregate_total,edu_isced11_2,2007,92.494
swe,sex_t,age_aggregate_total,edu_isced11_2,2008,92.259
swe,sex_t,age_aggregate_total,edu_isced11_2,2009,114.026
swe,sex_t,age_aggregate_total,edu_isced11_2,2010,121.008
swe,sex_t,age_aggregate_total,edu_isced11_2,2011,115.428
swe,sex_t,age_aggregate_total,edu_isced11_2,2012,121.255
swe,sex_t,age_aggregate_total,edu_isced11_2,2013,123.578
swe,sex_t,age_aggregate_total,edu_isced11_2,2014,119.769
swe,sex_t,age_aggregate_total,edu_isced11_2,2015,111.111
swe,sex_t,age_aggregate_total,edu_isced11_2,2016,104.683
swe,sex_t,age_aggregate_total,edu_isced11_2,2017,107.225
swe,sex_t,age_aggregate_total,edu_isced11_2,2018,104.766
swe,sex_t,age_aggregate_total,edu_isced11_2,2019,122.052
swe,sex_t,age_aggregate_total,edu_isced11_2,2020,139.173
swe,sex_t,age_aggregate_total,edu_isced11_2,2021,153.403
swe,sex_t,age_aggregate_total,edu_isced11_2,2022,133.547
swe,sex_t,age_aggregate_total,edu_isced11_2,2023,137.455
swe,sex_t,age_aggregate_total,edu_isced11_3,2006,134.872
swe,sex_t,age_aggregate_total,edu_isced11_3,2007,111.661
swe,sex_t,age_aggregate_total,edu_isced11_3,2008,113.018
swe,sex_t,age_aggregate_total,edu_isced11_3,2009,173.198
swe,sex_t,age_aggregate_total,edu_isced11_3,2010,173.109
swe,sex_t,age_aggregate_total,edu_isced11_3,2011,149.255
swe,sex_t,age_aggregate_total,edu_isced11_3,2012,146.411
swe,sex_t,age_aggregate_total,edu_isced11_3,2013,147.49
swe,sex_t,age_aggregate_total,edu_isced11_3,2014,141.337
swe,sex_t,age_aggregate_total,edu_isced11_3,2015,124.281
swe,sex_t,age_aggregate_total,edu_isced11_3,2016,109.868
swe,sex_t,age_aggregate_total,edu_isced11_3,2017,100.136
swe,sex_t,age_aggregate_total,edu_isced11_3,2018,86.734
swe,sex_t,age_aggregate_total,edu_isced11_3,2019,90.994
swe,sex_t,age_aggregate_total,edu_isced11_3,2020,116.826
swe,sex_t,age_aggregate_total,edu_isced11_3,2021,122.417
swe,sex_t,age_aggregate_total,edu_isced11_3,2022,102.77
swe,sex_t,age_aggregate_total,edu_isced11_3,2023,100.224
swe,sex_t,age_aggregate_total,edu_isced11_4,2006,18.847
swe,sex_t,age_aggregate_total,edu_isced11_4,2007,18.71
swe,sex_t,age_aggregate_total,edu_isced11_4,2008,18.988
swe,sex_t,age_aggregate_total,edu_isced11_4,2009,23.624
swe,sex_t,age_aggregate_total,edu_isced11_4,2010,25.922
swe,sex_t,age_aggregate_total,edu_isced11_4,2011,25.49
swe,sex_t,age_aggregate_total,edu_isced11_4,2012,29.89
swe,sex_t,age_aggregate_total,edu_isced11_4,2013,29.234
swe,sex_t,age_aggregate_total,edu_isced11_4,2014,30.165
swe,sex_t,age_aggregate_total,edu_isced11_4,2015,26.765
swe,sex_t,age_aggregate_total,edu_isced11_4,2016,26.482
swe,sex_t,age_aggregate_total,edu_isced11_4,2017,23.692
swe,sex_t,age_aggregate_total,edu_isced11_4,2018,23.497
swe,sex_t,age_aggregate_total,edu_isced11_4,2019,27.862
swe,sex_t,age_aggregate_total,edu_isced11_4,2020,32.334
swe,sex_t,age_aggregate_total,edu_isced11_4,2021,33.623
swe,sex_t,age_aggregate_total,edu_isced11_4,2022,26.919
swe,sex_t,age_aggregate_total,edu_isced11_4,2023,35.94
swe,sex_t,age_aggregate_total,edu_isced11_5,2006,59.187
swe,sex_t,age_aggregate_total,edu_isced11_5,2007,51.124
swe,sex_t,age_aggregate_total,edu_isced11_5,2008,51.219
swe,sex_t,age_aggregate_total,edu_isced11_5,2009,68.052
swe,sex_t,age_aggregate_total,edu_isced11_5,2010,73.463
swe,sex_t,age_aggregate_total,edu_isced11_5,2011,68.253
swe,sex_t,age_aggregate_total,edu_isced11_5,2012,72.918
swe,sex_t,age_aggregate_total,edu_isced11_5,2013,76.968
swe,sex_t,age_aggregate_total,edu_isced11_5,2014,30.043
swe,sex_t,age_aggregate_total,edu_isced11_5,2015,31.136
swe,sex_t,age_aggregate_total,edu_isced11_5,2016,30.023
swe,sex_t,age_aggregate_total,edu_isced11_5,2017,29.856
swe,sex_t,age_aggregate_total,edu_isced11_5,2018,28.249
swe,sex_t,age_aggregate_total,edu_isced11_5,2019,32.111
swe,sex_t,age_aggregate_total,edu_isced11_5,2020,40.174
swe,sex_t,age_aggregate_total,edu_isced11_5,2021,38.984
swe,sex_t,age_aggregate_total,edu_isced11_5,2022,26.749
swe,sex_t,age_aggregate_total,edu_isced11_5,2023,34.01
swe,sex_t,age_aggregate_total,edu_isced11_6,2014,31.589
swe,sex_t,age_aggregate_total,edu_isced11_6,2015,31.685
swe,sex_t,age_aggregate_total,edu_isced11_6,2016,30.36
swe,sex_t,age_aggregate_total,edu_isced11_6,2017,32.572
swe,sex_t,age_aggregate_total,edu_isced11_6,2018,29.786
swe,sex_t,age_aggregate_total,edu_isced11_6,2019,31.397
swe,sex_t,age_aggregate_total,edu_isced11_6,2020,44.154
swe,sex_t,age_aggregate_total,edu_isced11_6,2021,43.378
swe,sex_t,age_aggregate_total,edu_isced11_6,2022,37.682
swe,sex_t,age_aggregate_total,edu_isced11_6,2023,41.361
swe,sex_t,age_aggregate_total,edu_isced11_7,2014,19.869
swe,sex_t,age_aggregate_total,edu_isced11_7,2015,19.435
swe,sex_t,age_aggregate_total,edu_isced11_7,2016,21.367
swe,sex_t,age_aggregate_total,edu_isced11_7,2017,21.559
swe,sex_t,age_aggregate_total,edu_isced11_7,2018,21.446
swe,sex_t,age_aggregate_total,edu_isced11_7,2019,18.455
swe,sex_t,age_aggregate_total,edu_isced11_7,2020,22.126
swe,sex_t,age_aggregate_total,edu_isced11_7,2021,22.398
swe,sex_t,age_aggregate_total,edu_isced11_7,2022,20.414
swe,sex_t,age_aggregate_total,edu_isced11_7,2023,25.099
swe,sex_t,age_aggregate_total,edu_isced11_8,2014,1.902
swe,sex_t,age_aggregate_total,edu_isced11_8,2015,2.268
swe,sex_t,age_aggregate_total,edu_isced11_8,2016,2.157
swe,sex_t,age_aggregate_total,edu_isced11_8,2017,3.102
swe,sex_t,age_aggregate_total,edu_isced11_8,2018,3.191
swe,sex_t,age_aggregate_total,edu_isced11_8,2019,3.756
swe,sex_t,age_aggregate_total,edu_isced11_8,2020,4.971
swe,sex_t,age_aggregate_total,edu_isced11_8,2021,2.113
swe,sex_t,age_aggregate_total,edu_isced11_8,2022,1.838
swe,sex_t,age_aggregate_total,edu_isced11_8,2023,2.968
swe,sex_t,age_aggregate_total,edu_isced11_9,2006,5.335
swe,sex_t,age_aggregate_total,edu_isced11_9,2007,5.478
swe,sex_t,age_aggregate_total,edu_isced11_9,2008,3.477
swe,sex_t,age_aggregate_total,edu_isced11_9,2009,4.645
swe,sex_t,age_aggregate_total,edu_isced11_9,2010,4.105
swe,sex_t,age_aggregate_total,edu_isced11_9,2011,4.263
swe,sex_t,age_aggregate_total,edu_isced11_9,2012,3.6
swe,sex_t,age_aggregate_total,edu_isced11_9,2013,2.997
swe,sex_t,age_aggregate_total,edu_isced11_9,2014,0.926
swe,sex_t,age_aggregate_total,edu_isced11_9,2015,1.76
swe,sex_t,age_aggregate_total,edu_isced11_9,2016,1.608
swe,sex_t,age_aggregate_total,edu_isced11_9,2017,1.831
swe,sex_t,age_aggregate_total,edu_isced11_9,2018,2.599
swe,sex_t,age_aggregate_total,edu_isced11_9,2019,3.932
swe,sex_t,age_aggregate_total,edu_isced11_9,2020,3.364
swe,sex_t,age_aggregate_total,edu_isced11_9,2021,8.05
swe,sex_t,age_aggregate_total,edu_isced11_9,2022,5.389
swe,sex_t,age_aggregate_total,edu_isced11_9,2023,7.233
swe,sex_t,age_aggregate_total,edu_isced11_total,2006,336.773
swe,sex_t,age_aggregate_total,edu_isced11_total,2007,298.112
swe,sex_t,age_aggregate_total,edu_isced11_total,2008,305.401
swe,sex_t,age_aggregate_total,edu_isced11_total,2009,409.972
swe,sex_t,age_aggregate_total,edu_isced11_total,2010,426.167
swe,sex_t,age_aggregate_total,edu_isced11_total,2011,391.568
swe,sex_t,age_aggregate_total,edu_isced11_total,2012,403.627
swe,sex_t,age_aggregate_total,edu_isced11_total,2013,411.986
swe,sex_t,age_aggregate_total,edu_isced11_total,2014,412.35
swe,sex_t,age_aggregate_total,edu_isced11_total,2015,388.311
swe,sex_t,age_aggregate_total,edu_isced11_total,2016,368.994
swe,sex_t,age_aggregate_total,edu_isced11_total,2017,361.669
swe,sex_t,age_aggregate_total,edu_isced11_total,2018,346.49
swe,sex_t,age_aggregate_total,edu_isced11_total,2019,376.33
swe,sex_t,age_aggregate_total,edu_isced11_total,2020,457.834
swe,sex_t,age_aggregate_total,edu_isced11_total,2021,492.769
swe,sex_t,age_aggregate_total,edu_isced11_total,2022,421.146
swe,sex_t,age_aggregate_total,edu_isced11_total,2023,439.564
swe,sex_t,age_aggregate_y15_24,edu_aggregate_adv,1995,2.797
swe,sex_t,age_aggregate_y15_24,edu_aggregate_adv,1996,4.098
swe,sex_t,age_aggregate_y15_24,edu_aggregate_adv,1997,5.034
swe,sex_t,age_aggregate_y15_24,edu_aggregate_adv,2001,1.114
swe,sex_t,age_aggregate_y15_24,edu_aggregate_adv,2002,1.947
swe,sex_t,age_aggregate_y15_24,edu_aggregate_adv,2003,1.684
swe,sex_t,age_aggregate_y15_24,edu_aggregate_adv,2004,3.777
swe,sex_t,age_aggregate_y15_24,edu_aggregate_adv,2005,5.63
swe,sex_t,age_aggregate_y15_24,edu_aggregate_adv,2006,5.049
swe,sex_t,age_aggregate_y15_24,edu_aggregate_adv,2007,5.046
swe,sex_t,age_aggregate_y15_24,edu_aggregate_adv,2008,5.433
swe,sex_t,age_aggregate_y15_24,edu_aggregate_adv,2009,5.876
swe,sex_t,age_aggregate_y15_24,edu_aggregate_adv,2010,7.149
swe,sex_t,age_aggregate_y15_24,edu_aggregate_adv,2011,6.23
swe,sex_t,age_aggregate_y15_24,edu_aggregate_adv,2012,8.81
swe,sex_t,age_aggregate_y15_24,edu_aggregate_adv,2013,10.752
swe,sex_t,age_aggregate_y15_24,edu_aggregate_adv,2014,10.257
swe,sex_t,age_aggregate_y15_24,edu_aggregate_adv,2015,9.158
swe,sex_t,age_aggregate_y15_24,edu_aggregate_adv,2016,8.172
swe,sex_t,age_aggregate_y15_24,edu_aggregate_adv,2017,7.3
swe,sex_t,age_aggregate_y15_24,edu_aggregate_adv,2018,6.217
swe,sex_t,age_aggregate_y15_24,edu_aggregate_adv,2019,7.946
swe,sex_t,age_aggregate_y15_24,edu_aggregate_adv,2020,9.53
swe,sex_t,age_aggregate_y15_24,edu_aggregate_adv,2021,6.197
swe,sex_t,age_aggregate_y15_24,edu_aggregate_adv,2022,4.931
swe,sex_t,age_aggregate_y15_24,edu_aggregate_adv,2023,8.102
swe,sex_t,age_aggregate_y15_24,edu_aggregate_bas,1995,23.984
swe,sex_t,age_aggregate_y15_24,edu_aggregate_bas,1996,28.402
swe,sex_t,age_aggregate_y15_24,edu_aggregate_bas,1997,32.275
swe,sex_t,age_aggregate_y15_24,edu_aggregate_bas,1998,23.891
swe,sex_t,age_aggregate_y15_24,edu_aggregate_bas,1999,26.777
swe,sex_t,age_aggregate_y15_24,edu_aggregate_bas,2000,13.514
swe,sex_t,age_aggregate_y15_24,edu_aggregate_bas,2001,30.565
swe,sex_t,age_aggregate_y15_24,edu_aggregate_bas,2002,30.381
swe,sex_t,age_aggregate_y15_24,edu_aggregate_bas,2003,35.353
swe,sex_t,age_aggregate_y15_24,edu_aggregate_bas,2004,40.853
swe,sex_t,age_aggregate_y15_24,edu_aggregate_bas,2005,57.66
swe,sex_t,age_aggregate_y15_24,edu_aggregate_bas,2006,62.514
swe,sex_t,age_aggregate_y15_24,edu_aggregate_bas,2007,61.328
swe,sex_t,age_aggregate_y15_24,edu_aggregate_bas,2008,69.447
swe,sex_t,age_aggregate_y15_24,edu_aggregate_bas,2009,68.766
swe,sex_t,age_aggregate_y15_24,edu_aggregate_bas,2010,71.847
swe,sex_t,age_aggregate_y15_24,edu_aggregate_bas,2011,68.073
swe,sex_t,age_aggregate_y15_24,edu_aggregate_bas,2012,71.056
swe,sex_t,age_aggregate_y15_24,edu_aggregate_bas,2013,73.664
swe,sex_t,age_aggregate_y15_24,edu_aggregate_bas,2014,72.668
swe,sex_t,age_aggregate_y15_24,edu_aggregate_bas,2015,68.851
swe,sex_t,age_aggregate_y15_24,edu_aggregate_bas,2016,65.997
swe,sex_t,age_aggregate_y15_24,edu_aggregate_bas,2017,64.789
swe,sex_t,age_aggregate_y15_24,edu_aggregate_bas,2018,64.155
swe,sex_t,age_aggregate_y15_24,edu_aggregate_bas,2019,79.002
swe,sex_t,age_aggregate_y15_24,edu_aggregate_bas,2020,82.534
swe,sex_t,age_aggregate_y15_24,edu_aggregate_bas,2021,100.103
swe,sex_t,age_aggregate_y15_24,edu_aggregate_bas,2022,99.675
swe,sex_t,age_aggregate_y15_24,edu_aggregate_bas,2023,96.479
swe,sex_t,age_aggregate_y15_24,edu_aggregate_int,1995,71.756
swe,sex_t,age_aggregate_y15_24,edu_aggregate_int,1996,65.782
swe,sex_t,age_aggregate_y15_24,edu_aggregate_int,1997,55.413
swe,sex_t,age_aggregate_y15_24,edu_aggregate_int,1998,44.422
swe,sex_t,age_aggregate_y15_24,edu_aggregate_int,1999,39.538
swe,sex_t,age_aggregate_y15_24,edu_aggregate_int,2000,22.882
swe,sex_t,age_aggregate_y15_24,edu_aggregate_int,2001,21.147
swe,sex_t,age_aggregate_y15_24,edu_aggregate_int,2002,25.434
swe,sex_t,age_aggregate_y15_24,edu_aggregate_int,2003,30.701
swe,sex_t,age_aggregate_y15_24,edu_aggregate_int,2004,41.3
swe,sex_t,age_aggregate_y15_24,edu_aggregate_int,2005,50.085
swe,sex_t,age_aggregate_y15_24,edu_aggregate_int,2006,56.254
swe,sex_t,age_aggregate_y15_24,edu_aggregate_int,2007,48.489
swe,sex_t,age_aggregate_y15_24,edu_aggregate_int,2008,52.174
swe,sex_t,age_aggregate_y15_24,edu_aggregate_int,2009,80.601
swe,sex_t,age_aggregate_y15_24,edu_aggregate_int,2010,79.149
swe,sex_t,age_aggregate_y15_24,edu_aggregate_int,2011,75.153
swe,sex_t,age_aggregate_y15_24,edu_aggregate_int,2012,73.061
swe,sex_t,age_aggregate_y15_24,edu_aggregate_int,2013,72.32
swe,sex_t,age_aggregate_y15_24,edu_aggregate_int,2014,69.777
swe,sex_t,age_aggregate_y15_24,edu_aggregate_int,2015,55.762
swe,sex_t,age_aggregate_y15_24,edu_aggregate_int,2016,46.8
swe,sex_t,age_aggregate_y15_24,edu_aggregate_int,2017,41.504
swe,sex_t,age_aggregate_y15_24,edu_aggregate_int,2018,38.061
swe,sex_t,age_aggregate_y15_24,edu_aggregate_int,2019,39.711
swe,sex_t,age_aggregate_y15_24,edu_aggregate_int,2020,50.299
swe,sex_t,age_aggregate_y15_24,edu_aggregate_int,2021,42.072
swe,sex_t,age_aggregate_y15_24,edu_aggregate_int,2022,36.28
swe,sex_t,age_aggregate_y15_24,edu_aggregate_int,2023,41.731
swe,sex_t,age_aggregate_y15_24,edu_aggregate_total,1995,98.537
swe,sex_t,age_aggregate_y15_24,edu_aggregate_total,1996,100.384
swe,sex_t,age_aggregate_y15_24,edu_aggregate_total,1997,95.612
swe,sex_t,age_aggregate_y15_24,edu_aggregate_total,1998,74.411
swe,sex_t,age_aggregate_y15_24,edu_aggregate_total,1999,70.328
swe,sex_t,age_aggregate_y15_24,edu_aggregate_total,2000,39.433
swe,sex_t,age_aggregate_y15_24,edu_aggregate_total,2001,62.809
swe,sex_t,age_aggregate_y15_24,edu_aggregate_total,2002,67.875
swe,sex_t,age_aggregate_y15_24,edu_aggregate_total,2003,76.616
swe,sex_t,age_aggregate_y15_24,edu_aggregate_total,2004,97.272
swe,sex_t,age_aggregate_y15_24,edu_aggregate_total,2005,127.171
swe,sex_t,age_aggregate_y15_24,edu_aggregate_total,2006,125.71
swe,sex_t,age_aggregate_y15_24,edu_aggregate_total,2007,118.33
swe,sex_t,age_aggregate_y15_24,edu_aggregate_total,2008,128.78
swe,sex_t,age_aggregate_y15_24,edu_aggregate_total,2009,157.228
swe,sex_t,age_aggregate_y15_24,edu_aggregate_total,2010,159.305
swe,sex_t,age_aggregate_y15_24,edu_aggregate_total,2011,150.714
swe,sex_t,age_aggregate_y15_24,edu_aggregate_total,2012,154.027
swe,sex_t,age_aggregate_y15_24,edu_aggregate_total,2013,157.177
swe,sex_t,age_aggregate_y15_24,edu_aggregate_total,2014,153.267
swe,sex_t,age_aggregate_y15_24,edu_aggregate_total,2015,133.923
swe,sex_t,age_aggregate_y15_24,edu_aggregate_total,2016,121.625
swe,sex_t,age_aggregate_y15_24,edu_aggregate_total,2017,114.182
swe,sex_t,age_aggregate_y15_24,edu_aggregate_total,2018,109.261
swe,sex_t,age_aggregate_y15_24,edu_aggregate_total,2019,128.245
swe,sex_t,age_aggregate_y15_24,edu_aggregate_total,2020,144.242
swe,sex_t,age_aggregate_y15_24,edu_aggregate_total,2021,154.407
swe,sex_t,age_aggregate_y15_24,edu_aggregate_total,2022,144.522
swe,sex_t,age_aggregate_y15_24,edu_aggregate_total,2023,150.831
swe,sex_t,age_aggregate_y15_24,edu_aggregate_x,1996,2.102
swe,sex_t,age_aggregate_y15_24,edu_aggregate_x,1997,2.891
swe,sex_t,age_aggregate_y15_24,edu_aggregate_x,1998,4.648
swe,sex_t,age_aggregate_y15_24,edu_aggregate_x,1999,2.622
swe,sex_t,age_aggregate_y15_24,edu_aggregate_x,2000,1.95
swe,sex_t,age_aggregate_y15_24,edu_aggregate_x,2001,9.983
swe,sex_t,age_aggregate_y15_24,edu_aggregate_x,2002,10.114
swe,sex_t,age_aggregate_y15_24,edu_aggregate_x,2003,8.879
swe,sex_t,age_aggregate_y15_24,edu_aggregate_x,2004,11.341
swe,sex_t,age_aggregate_y15_24,edu_aggregate_x,2005,13.796
swe,sex_t,age_aggregate_y15_24,edu_aggregate_x,2006,1.893
swe,sex_t,age_aggregate_y15_24,edu_aggregate_x,2007,3.467
swe,sex_t,age_aggregate_y15_24,edu_aggregate_x,2008,1.726
swe,sex_t,age_aggregate_y15_24,edu_aggregate_x,2009,1.984
swe,sex_t,age_aggregate_y15_24,edu_aggregate_x,2010,1.16
swe,sex_t,age_aggregate_y15_24,edu_aggregate_x,2011,1.256
swe,sex_t,age_aggregate_y15_24,edu_aggregate_x,2012,1.1
swe,sex_t,age_aggregate_y15_24,edu_aggregate_x,2013,0.44
swe,sex_t,age_aggregate_y15_24,edu_aggregate_x,2014,0.565
swe,sex_t,age_aggregate_y15_24,edu_aggregate_x,2016,0.657
swe,sex_t,age_aggregate_y15_24,edu_aggregate_x,2017,0.59
swe,sex_t,age_aggregate_y15_24,edu_aggregate_x,2018,0.828
swe,sex_t,age_aggregate_y15_24,edu_aggregate_x,2019,1.585
swe,sex_t,age_aggregate_y15_24,edu_aggregate_x,2020,1.88
swe,sex_t,age_aggregate_y15_24,edu_aggregate_x,2021,6.036
swe,sex_t,age_aggregate_y15_24,edu_aggregate_x,2022,3.636
swe,sex_t,age_aggregate_y15_24,edu_aggregate_x,2023,4.519
swe,sex_t,age_aggregate_y15_24,edu_isced11_1,2006,6.064
swe,sex_t,age_aggregate_y15_24,edu_isced11_1,2007,5.156
swe,sex_t,age_aggregate_y15_24,edu_isced11_1,2008,11.815
swe,sex_t,age_aggregate_y15_24,edu_isced11_1,2009,5.321
swe,sex_t,age_aggregate_y15_24,edu_isced11_1,2010,6.985
swe,sex_t,age_aggregate_y15_24,edu_isced11_1,2011,6.872
swe,sex_t,age_aggregate_y15_24,edu_isced11_1,2012,9.186
swe,sex_t,age_aggregate_y15_24,edu_isced11_1,2013,9.848
swe,sex_t,age_aggregate_y15_24,edu_isced11_1,2014,12.304
swe,sex_t,age_aggregate_y15_24,edu_isced11_1,2015,12.396
swe,sex_t,age_aggregate_y15_24,edu_isced11_1,2016,12.816
swe,sex_t,age_aggregate_y15_24,edu_isced11_1,2017,12.934
swe,sex_t,age_aggregate_y15_24,edu_isced11_1,2018,12.46
swe,sex_t,age_aggregate_y15_24,edu_isced11_1,2019,15.592
swe,sex_t,age_aggregate_y15_24,edu_isced11_1,2020,16.947
swe,sex_t,age_aggregate_y15_24,edu_isced11_1,2021,20.596
swe,sex_t,age_aggregate_y15_24,edu_isced11_1,2022,22.634
swe,sex_t,age_aggregate_y15_24,edu_isced11_1,2023,17.894
swe,sex_t,age_aggregate_y15_24,edu_isced11_2,2006,56.451
swe,sex_t,age_aggregate_y15_24,edu_isced11_2,2007,56.172
swe,sex_t,age_aggregate_y15_24,edu_isced11_2,2008,57.632
swe,sex_t,age_aggregate_y15_24,edu_isced11_2,2009,63.445
swe,sex_t,age_aggregate_y15_24,edu_isced11_2,2010,64.862
swe,sex_t,age_aggregate_y15_24,edu_isced11_2,2011,61.201
swe,sex_t,age_aggregate_y15_24,edu_isced11_2,2012,61.87
swe,sex_t,age_aggregate_y15_24,edu_isced11_2,2013,63.816
swe,sex_t,age_aggregate_y15_24,edu_isced11_2,2014,60.364
swe,sex_t,age_aggregate_y15_24,edu_isced11_2,2015,56.455
swe,sex_t,age_aggregate_y15_24,edu_isced11_2,2016,53.181
swe,sex_t,age_aggregate_y15_24,edu_isced11_2,2017,51.854
swe,sex_t,age_aggregate_y15_24,edu_isced11_2,2018,51.695
swe,sex_t,age_aggregate_y15_24,edu_isced11_2,2019,63.411
swe,sex_t,age_aggregate_y15_24,edu_isced11_2,2020,65.586
swe,sex_t,age_aggregate_y15_24,edu_isced11_2,2021,79.507
swe,sex_t,age_aggregate_y15_24,edu_isced11_2,2022,77.041
swe,sex_t,age_aggregate_y15_24,edu_isced11_2,2023,78.586
swe,sex_t,age_aggregate_y15_24,edu_isced11_3,2006,50.903
swe,sex_t,age_aggregate_y15_24,edu_isced11_3,2007,42.574
swe,sex_t,age_aggregate_y15_24,edu_isced11_3,2008,45.74
swe,sex_t,age_aggregate_y15_24,edu_isced11_3,2009,72.106
swe,sex_t,age_aggregate_y15_24,edu_isced11_3,2010,70.349
swe,sex_t,age_aggregate_y15_24,edu_isced11_3,2011,66.272
swe,sex_t,age_aggregate_y15_24,edu_isced11_3,2012,62.702
swe,sex_t,age_aggregate_y15_24,edu_isced11_3,2013,61.534
swe,sex_t,age_aggregate_y15_24,edu_isced11_3,2014,58.782
swe,sex_t,age_aggregate_y15_24,edu_isced11_3,2015,45.54
swe,sex_t,age_aggregate_y15_24,edu_isced11_3,2016,37.56
swe,sex_t,age_aggregate_y15_24,edu_isced11_3,2017,34.374
swe,sex_t,age_aggregate_y15_24,edu_isced11_3,2018,29.712
swe,sex_t,age_aggregate_y15_24,edu_isced11_3,2019,29.728
swe,sex_t,age_aggregate_y15_24,edu_isced11_3,2020,38.842
swe,sex_t,age_aggregate_y15_24,edu_isced11_3,2021,32.772
swe,sex_t,age_aggregate_y15_24,edu_isced11_3,2022,26.99
swe,sex_t,age_aggregate_y15_24,edu_isced11_3,2023,30.404
swe,sex_t,age_aggregate_y15_24,edu_isced11_4,2006,5.351
swe,sex_t,age_aggregate_y15_24,edu_isced11_4,2007,5.914
swe,sex_t,age_aggregate_y15_24,edu_isced11_4,2008,6.434
swe,sex_t,age_aggregate_y15_24,edu_isced11_4,2009,8.495
swe,sex_t,age_aggregate_y15_24,edu_isced11_4,2010,8.8
swe,sex_t,age_aggregate_y15_24,edu_isced11_4,2011,8.881
swe,sex_t,age_aggregate_y15_24,edu_isced11_4,2012,10.359
swe,sex_t,age_aggregate_y15_24,edu_isced11_4,2013,10.786
swe,sex_t,age_aggregate_y15_24,edu_isced11_4,2014,10.995
swe,sex_t,age_aggregate_y15_24,edu_isced11_4,2015,10.222
swe,sex_t,age_aggregate_y15_24,edu_isced11_4,2016,9.239
swe,sex_t,age_aggregate_y15_24,edu_isced11_4,2017,7.131
swe,sex_t,age_aggregate_y15_24,edu_isced11_4,2018,8.35
swe,sex_t,age_aggregate_y15_24,edu_isced11_4,2019,9.983
swe,sex_t,age_aggregate_y15_24,edu_isced11_4,2020,11.457
swe,sex_t,age_aggregate_y15_24,edu_isced11_4,2021,9.3
swe,sex_t,age_aggregate_y15_24,edu_isced11_4,2022,9.29
swe,sex_t,age_aggregate_y15_24,edu_isced11_4,2023,11.327
swe,sex_t,age_aggregate_y15_24,edu_isced11_5,2006,5.049
swe,sex_t,age_aggregate_y15_24,edu_isced11_5,2007,5.046
swe,sex_t,age_aggregate_y15_24,edu_isced11_5,2008,5.433
swe,sex_t,age_aggregate_y15_24,edu_isced11_5,2009,5.876
swe,sex_t,age_aggregate_y15_24,edu_isced11_5,2010,7.149
swe,sex_t,age_aggregate_y15_24,edu_isced11_5,2011,6.23
swe,sex_t,age_aggregate_y15_24,edu_isced11_5,2012,8.81
swe,sex_t,age_aggregate_y15_24,edu_isced11_5,2013,10.752
swe,sex_t,age_aggregate_y15_24,edu_isced11_5,2014,5.572
swe,sex_t,age_aggregate_y15_24,edu_isced11_5,2015,4.875
swe,sex_t,age_aggregate_y15_24,edu_isced11_5,2016,4.649
swe,sex_t,age_aggregate_y15_24,edu_isced11_5,2017,3.926
swe,sex_t,age_aggregate_y15_24,edu_isced11_5,2018,4.302
swe,sex_t,age_aggregate_y15_24,edu_isced11_5,2019,4.597
swe,sex_t,age_aggregate_y15_24,edu_isced11_5,2020,5.197
swe,sex_t,age_aggregate_y15_24,edu_isced11_5,2021,2.967
swe,sex_t,age_aggregate_y15_24,edu_isced11_5,2022,2.054
swe,sex_t,age_aggregate_y15_24,edu_isced11_5,2023,5.058
swe,sex_t,age_aggregate_y15_24,edu_isced11_6,2014,4.131
swe,sex_t,age_aggregate_y15_24,edu_isced11_6,2015,3.772
swe,sex_t,age_aggregate_y15_24,edu_isced11_6,2016,3.059
swe,sex_t,age_aggregate_y15_24,edu_isced11_6,2017,2.976
swe,sex_t,age_aggregate_y15_24,edu_isced11_6,2018,1.632
swe,sex_t,age_aggregate_y15_24,edu_isced11_6,2019,2.737
swe,sex_t,age_aggregate_y15_24,edu_isced11_6,2020,3.041
swe,sex_t,age_aggregate_y15_24,edu_isced11_6,2021,3.23
swe,sex_t,age_aggregate_y15_24,edu_isced11_6,2022,2.625
swe,sex_t,age_aggregate_y15_24,edu_isced11_6,2023,2.941
swe,sex_t,age_aggregate_y15_24,edu_isced11_7,2014,0.554
swe,sex_t,age_aggregate_y15_24,edu_isced11_7,2015,0.512
swe,sex_t,age_aggregate_y15_24,edu_isced11_7,2016,0.464
swe,sex_t,age_aggregate_y15_24,edu_isced11_7,2017,0.397
swe,sex_t,age_aggregate_y15_24,edu_isced11_7,2019,0.612
swe,sex_t,age_aggregate_y15_24,edu_isced11_7,2020,1.292
swe,sex_t,age_aggregate_y15_24,edu_isced11_9,2006,1.893
swe,sex_t,age_aggregate_y15_24,edu_isced11_9,2007,3.467
swe,sex_t,age_aggregate_y15_24,edu_isced11_9,2008,1.726
swe,sex_t,age_aggregate_y15_24,edu_isced11_9,2009,1.984
swe,sex_t,age_aggregate_y15_24,edu_isced11_9,2010,1.16
swe,sex_t,age_aggregate_y15_24,edu_isced11_9,2011,1.256
swe,sex_t,age_aggregate_y15_24,edu_isced11_9,2012,1.1
swe,sex_t,age_aggregate_y15_24,edu_isced11_9,2013,0.44
swe,sex_t,age_aggregate_y15_24,edu_isced11_9,2014,0.565
swe,sex_t,age_aggregate_y15_24,edu_isced11_9,2016,0.657
swe,sex_t,age_aggregate_y15_24,edu_isced11_9,2017,0.59
swe,sex_t,age_aggregate_y15_24,edu_isced11_9,2018,0.828
swe,sex_t,age_aggregate_y15_24,edu_isced11_9,2019,1.585
swe,sex_t,age_aggregate_y15_24,edu_isced11_9,2020,1.88
swe,sex_t,age_aggregate_y15_24,edu_isced11_9,2021,6.036
swe,sex_t,age_aggregate_y15_24,edu_isced11_9,2022,3.636
swe,sex_t,age_aggregate_y15_24,edu_isced11_9,2023,4.519
swe,sex_t,age_aggregate_y15_24,edu_isced11_total,2006,125.71
swe,sex_t,age_aggregate_y15_24,edu_isced11_total,2007,118.33
swe,sex_t,age_aggregate_y15_24,edu_isced11_total,2008,128.78
swe,sex_t,age_aggregate_y15_24,edu_isced11_total,2009,157.228
swe,sex_t,age_aggregate_y15_24,edu_isced11_total,2010,159.305
swe,sex_t,age_aggregate_y15_24,edu_isced11_total,2011,150.714
swe,sex_t,age_aggregate_y15_24,edu_isced11_total,2012,154.027
swe,sex_t,age_aggregate_y15_24,edu_isced11_total,2013,157.177
swe,sex_t,age_aggregate_y15_24,edu_isced11_total,2014,153.267
swe,sex_t,age_aggregate_y15_24,edu_isced11_total,2015,133.923
swe,sex_t,age_aggregate_y15_24,edu_isced11_total,2016,121.625
swe,sex_t,age_aggregate_y15_24,edu_isced11_total,2017,114.182
swe,sex_t,age_aggregate_y15_24,edu_isced11_total,2018,109.261
swe,sex_t,age_aggregate_y15_24,edu_isced11_total,2019,128.245
swe,sex_t,age_aggregate_y15_24,edu_isced11_total,2020,144.242
swe,sex_t,age_aggregate_y15_24,edu_isced11_total,2021,154.407
swe,sex_t,age_aggregate_y15_24,edu_isced11_total,2022,144.522
swe,sex_t,age_aggregate_y15_24,edu_isced11_total,2023,150.831
swe,sex_t,age_aggregate_y25_54,edu_aggregate_adv,1995,39.48
swe,sex_t,age_aggregate_y25_54,edu_aggregate_adv,1996,41.34
swe,sex_t,age_aggregate_y25_54,edu_aggregate_adv,1997,39.555
swe,sex_t,age_aggregate_y25_54,edu_aggregate_adv,1998,46.577
swe,sex_t,age_aggregate_y25_54,edu_aggregate_adv,1999,40.433
swe,sex_t,age_aggregate_y25_54,edu_aggregate_adv,2000,29.212
swe,sex_t,age_aggregate_y25_54,edu_aggregate_adv,2001,20.553
swe,sex_t,age_aggregate_y25_54,edu_aggregate_adv,2002,24.974
swe,sex_t,age_aggregate_y25_54,edu_aggregate_adv,2003,35.398
swe,sex_t,age_aggregate_y25_54,edu_aggregate_adv,2004,39.526
swe,sex_t,age_aggregate_y25_54,edu_aggregate_adv,2005,52.187
swe,sex_t,age_aggregate_y25_54,edu_aggregate_adv,2006,45.979
swe,sex_t,age_aggregate_y25_54,edu_aggregate_adv,2007,39.034
swe,sex_t,age_aggregate_y25_54,edu_aggregate_adv,2008,37.636
swe,sex_t,age_aggregate_y25_54,edu_aggregate_adv,2009,52.932
swe,sex_t,age_aggregate_y25_54,edu_aggregate_adv,2010,56.028
swe,sex_t,age_aggregate_y25_54,edu_aggregate_adv,2011,52.426
swe,sex_t,age_aggregate_y25_54,edu_aggregate_adv,2012,54.364
swe,sex_t,age_aggregate_y25_54,edu_aggregate_adv,2013,56.3
swe,sex_t,age_aggregate_y25_54,edu_aggregate_adv,2014,60.727
swe,sex_t,age_aggregate_y25_54,edu_aggregate_adv,2015,64.03
swe,sex_t,age_aggregate_y25_54,edu_aggregate_adv,2016,62.776
swe,sex_t,age_aggregate_y25_54,edu_aggregate_adv,2017,66.534
swe,sex_t,age_aggregate_y25_54,edu_aggregate_adv,2018,62.745
swe,sex_t,age_aggregate_y25_54,edu_aggregate_adv,2019,65.111
swe,sex_t,age_aggregate_y25_54,edu_aggregate_adv,2020,86.768
swe,sex_t,age_aggregate_y25_54,edu_aggregate_adv,2021,84.208
swe,sex_t,age_aggregate_y25_54,edu_aggregate_adv,2022,63.846
swe,sex_t,age_aggregate_y25_54,edu_aggregate_adv,2023,75.988
swe,sex_t,age_aggregate_y25_54,edu_aggregate_bas,1995,74.852
swe,sex_t,age_aggregate_y25_54,edu_aggregate_bas,1996,65.451
swe,sex_t,age_aggregate_y25_54,edu_aggregate_bas,1997,82.191
swe,sex_t,age_aggregate_y25_54,edu_aggregate_bas,1998,74.141
swe,sex_t,age_aggregate_y25_54,edu_aggregate_bas,1999,60.481
swe,sex_t,age_aggregate_y25_54,edu_aggregate_bas,2000,44.484
swe,sex_t,age_aggregate_y25_54,edu_aggregate_bas,2001,23.457
swe,sex_t,age_aggregate_y25_54,edu_aggregate_bas,2002,22.176
swe,sex_t,age_aggregate_y25_54,edu_aggregate_bas,2003,23.264
swe,sex_t,age_aggregate_y25_54,edu_aggregate_bas,2004,24.703
swe,sex_t,age_aggregate_y25_54,edu_aggregate_bas,2005,37.54
swe,sex_t,age_aggregate_y25_54,edu_aggregate_bas,2006,44.075
swe,sex_t,age_aggregate_y25_54,edu_aggregate_bas,2007,39.08
swe,sex_t,age_aggregate_y25_54,edu_aggregate_bas,2008,39.888
swe,sex_t,age_aggregate_y25_54,edu_aggregate_bas,2009,55.334
swe,sex_t,age_aggregate_y25_54,edu_aggregate_bas,2010,58.794
swe,sex_t,age_aggregate_y25_54,edu_aggregate_bas,2011,59.364
swe,sex_t,age_aggregate_y25_54,edu_aggregate_bas,2012,62.081
swe,sex_t,age_aggregate_y25_54,edu_aggregate_bas,2013,65.5
swe,sex_t,age_aggregate_y25_54,edu_aggregate_bas,2014,68.52
swe,sex_t,age_aggregate_y25_54,edu_aggregate_bas,2015,66.508
swe,sex_t,age_aggregate_y25_54,edu_aggregate_bas,2016,65.952
swe,sex_t,age_aggregate_y25_54,edu_aggregate_bas,2017,67.544
swe,sex_t,age_aggregate_y25_54,edu_aggregate_bas,2018,74.053
swe,sex_t,age_aggregate_y25_54,edu_aggregate_bas,2019,75.318
swe,sex_t,age_aggregate_y25_54,edu_aggregate_bas,2020,90.603
swe,sex_t,age_aggregate_y25_54,edu_aggregate_bas,2021,97.438
swe,sex_t,age_aggregate_y25_54,edu_aggregate_bas,2022,82.936
swe,sex_t,age_aggregate_y25_54,edu_aggregate_bas,2023,78.759
swe,sex_t,age_aggregate_y25_54,edu_aggregate_int,1995,138.343
swe,sex_t,age_aggregate_y25_54,edu_aggregate_int,1996,160.047
swe,sex_t,age_aggregate_y25_54,edu_aggregate_int,1997,171.372
swe,sex_t,age_aggregate_y25_54,edu_aggregate_int,1998,147.643
swe,sex_t,age_aggregate_y25_54,edu_aggregate_int,1999,115.695
swe,sex_t,age_aggregate_y25_54,edu_aggregate_int,2000,82.459
swe,sex_t,age_aggregate_y25_54,edu_aggregate_int,2001,73.288
swe,sex_t,age_aggregate_y25_54,edu_aggregate_int,2002,76.805
swe,sex_t,age_aggregate_y25_54,edu_aggregate_int,2003,81.966
swe,sex_t,age_aggregate_y25_54,edu_aggregate_int,2004,102.812
swe,sex_t,age_aggregate_y25_54,edu_aggregate_int,2005,110.431
swe,sex_t,age_aggregate_y25_54,edu_aggregate_int,2006,77.682
swe,sex_t,age_aggregate_y25_54,edu_aggregate_int,2007,63.504
swe,sex_t,age_aggregate_y25_54,edu_aggregate_int,2008,62.281
swe,sex_t,age_aggregate_y25_54,edu_aggregate_int,2009,92.546
swe,sex_t,age_aggregate_y25_54,edu_aggregate_int,2010,95.381
swe,sex_t,age_aggregate_y25_54,edu_aggregate_int,2011,77.284
swe,sex_t,age_aggregate_y25_54,edu_aggregate_int,2012,80.806
swe,sex_t,age_aggregate_y25_54,edu_aggregate_int,2013,82.453
swe,sex_t,age_aggregate_y25_54,edu_aggregate_int,2014,75.968
swe,sex_t,age_aggregate_y25_54,edu_aggregate_int,2015,69.99
swe,sex_t,age_aggregate_y25_54,edu_aggregate_int,2016,65.387
swe,sex_t,age_aggregate_y25_54,edu_aggregate_int,2017,59.634
swe,sex_t,age_aggregate_y25_54,edu_aggregate_int,2018,51.602
swe,sex_t,age_aggregate_y25_54,edu_aggregate_int,2019,56.112
swe,sex_t,age_aggregate_y25_54,edu_aggregate_int,2020,73.411
swe,sex_t,age_aggregate_y25_54,edu_aggregate_int,2021,78.127
swe,sex_t,age_aggregate_y25_54,edu_aggregate_int,2022,64.656
swe,sex_t,age_aggregate_y25_54,edu_aggregate_int,2023,66.643
swe,sex_t,age_aggregate_y25_54,edu_aggregate_total,1995,252.981
swe,sex_t,age_aggregate_y25_54,edu_aggregate_total,1996,269.438
swe,sex_t,age_aggregate_y25_54,edu_aggregate_total,1997,298.061
swe,sex_t,age_aggregate_y25_54,edu_aggregate_total,1998,271.289
swe,sex_t,age_aggregate_y25_54,edu_aggregate_total,1999,216.868
swe,sex_t,age_aggregate_y25_54,edu_aggregate_total,2000,157.897
swe,sex_t,age_aggregate_y25_54,edu_aggregate_total,2001,118.539
swe,sex_t,age_aggregate_y25_54,edu_aggregate_total,2002,125.03
swe,sex_t,age_aggregate_y25_54,edu_aggregate_total,2003,141.817
swe,sex_t,age_aggregate_y25_54,edu_aggregate_total,2004,168.242
swe,sex_t,age_aggregate_y25_54,edu_aggregate_total,2005,201.275
swe,sex_t,age_aggregate_y25_54,edu_aggregate_total,2006,170.649
swe,sex_t,age_aggregate_y25_54,edu_aggregate_total,2007,143.059
swe,sex_t,age_aggregate_y25_54,edu_aggregate_total,2008,141.135
swe,sex_t,age_aggregate_y25_54,edu_aggregate_total,2009,203.013
swe,sex_t,age_aggregate_y25_54,edu_aggregate_total,2010,212.675
swe,sex_t,age_aggregate_y25_54,edu_aggregate_total,2011,191.489
swe,sex_t,age_aggregate_y25_54,edu_aggregate_total,2012,199.083
swe,sex_t,age_aggregate_y25_54,edu_aggregate_total,2013,206.34
swe,sex_t,age_aggregate_y25_54,edu_aggregate_total,2014,205.577
swe,sex_t,age_aggregate_y25_54,edu_aggregate_total,2015,202.041
swe,sex_t,age_aggregate_y25_54,edu_aggregate_total,2016,194.839
swe,sex_t,age_aggregate_y25_54,edu_aggregate_total,2017,194.902
swe,sex_t,age_aggregate_y25_54,edu_aggregate_total,2018,189.988
swe,sex_t,age_aggregate_y25_54,edu_aggregate_total,2019,198.728
swe,sex_t,age_aggregate_y25_54,edu_aggregate_total,2020,251.871
swe,sex_t,age_aggregate_y25_54,edu_aggregate_total,2021,261.532
swe,sex_t,age_aggregate_y25_54,edu_aggregate_total,2022,213.018
swe,sex_t,age_aggregate_y25_54,edu_aggregate_total,2023,224.014
swe,sex_t,age_aggregate_y25_54,edu_aggregate_x,1996,2.6
swe,sex_t,age_aggregate_y25_54,edu_aggregate_x,1997,4.944
swe,sex_t,age_aggregate_y25_54,edu_aggregate_x,1998,2.928
swe,sex_t,age_aggregate_y25_54,edu_aggregate_x,2000,1.742
swe,sex_t,age_aggregate_y25_54,edu_aggregate_x,2001,1.241
swe,sex_t,age_aggregate_y25_54,edu_aggregate_x,2002,1.075
swe,sex_t,age_aggregate_y25_54,edu_aggregate_x,2003,1.19
swe,sex_t,age_aggregate_y25_54,edu_aggregate_x,2004,1.201
swe,sex_t,age_aggregate_y25_54,edu_aggregate_x,2005,1.117
swe,sex_t,age_aggregate_y25_54,edu_aggregate_x,2006,2.913
swe,sex_t,age_aggregate_y25_54,edu_aggregate_x,2007,1.441
swe,sex_t,age_aggregate_y25_54,edu_aggregate_x,2008,1.33
swe,sex_t,age_aggregate_y25_54,edu_aggregate_x,2009,2.2
swe,sex_t,age_aggregate_y25_54,edu_aggregate_x,2010,2.473
swe,sex_t,age_aggregate_y25_54,edu_aggregate_x,2011,2.415
swe,sex_t,age_aggregate_y25_54,edu_aggregate_x,2012,1.832
swe,sex_t,age_aggregate_y25_54,edu_aggregate_x,2013,2.087
swe,sex_t,age_aggregate_y25_54,edu_aggregate_x,2014,0.361
swe,sex_t,age_aggregate_y25_54,edu_aggregate_x,2015,1.513
swe,sex_t,age_aggregate_y25_54,edu_aggregate_x,2016,0.725
swe,sex_t,age_aggregate_y25_54,edu_aggregate_x,2017,1.191
swe,sex_t,age_aggregate_y25_54,edu_aggregate_x,2018,1.588
swe,sex_t,age_aggregate_y25_54,edu_aggregate_x,2019,2.187
swe,sex_t,age_aggregate_y25_54,edu_aggregate_x,2020,1.089
swe,sex_t,age_aggregate_y25_54,edu_aggregate_x,2021,1.759
swe,sex_t,age_aggregate_y25_54,edu_aggregate_x,2022,1.58
swe,sex_t,age_aggregate_y25_54,edu_aggregate_x,2023,2.625
swe,sex_t,age_aggregate_y25_54,edu_isced11_1,2006,9.857
swe,sex_t,age_aggregate_y25_54,edu_isced11_1,2007,8.264
swe,sex_t,age_aggregate_y25_54,edu_isced11_1,2008,10.647
swe,sex_t,age_aggregate_y25_54,edu_isced11_1,2009,13.286
swe,sex_t,age_aggregate_y25_54,edu_isced11_1,2010,14.806
swe,sex_t,age_aggregate_y25_54,edu_isced11_1,2011,16.897
swe,sex_t,age_aggregate_y25_54,edu_isced11_1,2012,15.552
swe,sex_t,age_aggregate_y25_54,edu_isced11_1,2013,17.229
swe,sex_t,age_aggregate_y25_54,edu_isced11_1,2014,20.508
swe,sex_t,age_aggregate_y25_54,edu_isced11_1,2015,23.347
swe,sex_t,age_aggregate_y25_54,edu_isced11_1,2016,26.108
swe,sex_t,age_aggregate_y25_54,edu_isced11_1,2017,24.623
swe,sex_t,age_aggregate_y25_54,edu_isced11_1,2018,30.498
swe,sex_t,age_aggregate_y25_54,edu_isced11_1,2019,26.528
swe,sex_t,age_aggregate_y25_54,edu_isced11_1,2020,31.842
swe,sex_t,age_aggregate_y25_54,edu_isced11_1,2021,39.427
swe,sex_t,age_aggregate_y25_54,edu_isced11_1,2022,36.036
swe,sex_t,age_aggregate_y25_54,edu_isced11_1,2023,30.786
swe,sex_t,age_aggregate_y25_54,edu_isced11_2,2006,34.218
swe,sex_t,age_aggregate_y25_54,edu_isced11_2,2007,30.816
swe,sex_t,age_aggregate_y25_54,edu_isced11_2,2008,29.241
swe,sex_t,age_aggregate_y25_54,edu_isced11_2,2009,42.049
swe,sex_t,age_aggregate_y25_54,edu_isced11_2,2010,43.988
swe,sex_t,age_aggregate_y25_54,edu_isced11_2,2011,42.467
swe,sex_t,age_aggregate_y25_54,edu_isced11_2,2012,46.529
swe,sex_t,age_aggregate_y25_54,edu_isced11_2,2013,48.271
swe,sex_t,age_aggregate_y25_54,edu_isced11_2,2014,48.012
swe,sex_t,age_aggregate_y25_54,edu_isced11_2,2015,43.161
swe,sex_t,age_aggregate_y25_54,edu_isced11_2,2016,39.843
swe,sex_t,age_aggregate_y25_54,edu_isced11_2,2017,42.92
swe,sex_t,age_aggregate_y25_54,edu_isced11_2,2018,43.555
swe,sex_t,age_aggregate_y25_54,edu_isced11_2,2019,48.79
swe,sex_t,age_aggregate_y25_54,edu_isced11_2,2020,58.761
swe,sex_t,age_aggregate_y25_54,edu_isced11_2,2021,58.011
swe,sex_t,age_aggregate_y25_54,edu_isced11_2,2022,46.9
swe,sex_t,age_aggregate_y25_54,edu_isced11_2,2023,47.973
swe,sex_t,age_aggregate_y25_54,edu_isced11_3,2006,66.762
swe,sex_t,age_aggregate_y25_54,edu_isced11_3,2007,52.302
swe,sex_t,age_aggregate_y25_54,edu_isced11_3,2008,51.638
swe,sex_t,age_aggregate_y25_54,edu_isced11_3,2009,80.11
swe,sex_t,age_aggregate_y25_54,edu_isced11_3,2010,81.073
swe,sex_t,age_aggregate_y25_54,edu_isced11_3,2011,63.751
swe,sex_t,age_aggregate_y25_54,edu_isced11_3,2012,64.276
swe,sex_t,age_aggregate_y25_54,edu_isced11_3,2013,66.915
swe,sex_t,age_aggregate_y25_54,edu_isced11_3,2014,60.879
swe,sex_t,age_aggregate_y25_54,edu_isced11_3,2015,57.596
swe,sex_t,age_aggregate_y25_54,edu_isced11_3,2016,51.457
swe,sex_t,age_aggregate_y25_54,edu_isced11_3,2017,45.94
swe,sex_t,age_aggregate_y25_54,edu_isced11_3,2018,40.279
swe,sex_t,age_aggregate_y25_54,edu_isced11_3,2019,42.519
swe,sex_t,age_aggregate_y25_54,edu_isced11_3,2020,57.443
swe,sex_t,age_aggregate_y25_54,edu_isced11_3,2021,59.04
swe,sex_t,age_aggregate_y25_54,edu_isced11_3,2022,51.151
swe,sex_t,age_aggregate_y25_54,edu_isced11_3,2023,47.065
swe,sex_t,age_aggregate_y25_54,edu_isced11_4,2006,10.92
swe,sex_t,age_aggregate_y25_54,edu_isced11_4,2007,11.202
swe,sex_t,age_aggregate_y25_54,edu_isced11_4,2008,10.643
swe,sex_t,age_aggregate_y25_54,edu_isced11_4,2009,12.436
swe,sex_t,age_aggregate_y25_54,edu_isced11_4,2010,14.307
swe,sex_t,age_aggregate_y25_54,edu_isced11_4,2011,13.534
swe,sex_t,age_aggregate_y25_54,edu_isced11_4,2012,16.53
swe,sex_t,age_aggregate_y25_54,edu_isced11_4,2013,15.538
swe,sex_t,age_aggregate_y25_54,edu_isced11_4,2014,15.089
swe,sex_t,age_aggregate_y25_54,edu_isced11_4,2015,12.394
swe,sex_t,age_aggregate_y25_54,edu_isced11_4,2016,13.93
swe,sex_t,age_aggregate_y25_54,edu_isced11_4,2017,13.694
swe,sex_t,age_aggregate_y25_54,edu_isced11_4,2018,11.323
swe,sex_t,age_aggregate_y25_54,edu_isced11_4,2019,13.593
swe,sex_t,age_aggregate_y25_54,edu_isced11_4,2020,15.968
swe,sex_t,age_aggregate_y25_54,edu_isced11_4,2021,19.087
swe,sex_t,age_aggregate_y25_54,edu_isced11_4,2022,13.505
swe,sex_t,age_aggregate_y25_54,edu_isced11_4,2023,19.578
swe,sex_t,age_aggregate_y25_54,edu_isced11_5,2006,45.979
swe,sex_t,age_aggregate_y25_54,edu_isced11_5,2007,39.034
swe,sex_t,age_aggregate_y25_54,edu_isced11_5,2008,37.636
swe,sex_t,age_aggregate_y25_54,edu_isced11_5,2009,52.932
swe,sex_t,age_aggregate_y25_54,edu_isced11_5,2010,56.028
swe,sex_t,age_aggregate_y25_54,edu_isced11_5,2011,52.426
swe,sex_t,age_aggregate_y25_54,edu_isced11_5,2012,54.364
swe,sex_t,age_aggregate_y25_54,edu_isced11_5,2013,56.3
swe,sex_t,age_aggregate_y25_54,edu_isced11_5,2014,20.715
swe,sex_t,age_aggregate_y25_54,edu_isced11_5,2015,22.515
swe,sex_t,age_aggregate_y25_54,edu_isced11_5,2016,21.471
swe,sex_t,age_aggregate_y25_54,edu_isced11_5,2017,21.564
swe,sex_t,age_aggregate_y25_54,edu_isced11_5,2018,19.581
swe,sex_t,age_aggregate_y25_54,edu_isced11_5,2019,23.895
swe,sex_t,age_aggregate_y25_54,edu_isced11_5,2020,30.38
swe,sex_t,age_aggregate_y25_54,edu_isced11_5,2021,30.488
swe,sex_t,age_aggregate_y25_54,edu_isced11_5,2022,18.771
swe,sex_t,age_aggregate_y25_54,edu_isced11_5,2023,21.261
swe,sex_t,age_aggregate_y25_54,edu_isced11_6,2014,23.455
swe,sex_t,age_aggregate_y25_54,edu_isced11_6,2015,24.326
swe,sex_t,age_aggregate_y25_54,edu_isced11_6,2016,22.106
swe,sex_t,age_aggregate_y25_54,edu_isced11_6,2017,24.217
swe,sex_t,age_aggregate_y25_54,edu_isced11_6,2018,24.425
swe,sex_t,age_aggregate_y25_54,edu_isced11_6,2019,24.321
swe,sex_t,age_aggregate_y25_54,edu_isced11_6,2020,35.317
swe,sex_t,age_aggregate_y25_54,edu_isced11_6,2021,34.439
swe,sex_t,age_aggregate_y25_54,edu_isced11_6,2022,28.727
swe,sex_t,age_aggregate_y25_54,edu_isced11_6,2023,32.672
swe,sex_t,age_aggregate_y25_54,edu_isced11_7,2014,15.224
swe,sex_t,age_aggregate_y25_54,edu_isced11_7,2015,15.474
swe,sex_t,age_aggregate_y25_54,edu_isced11_7,2016,17.619
swe,sex_t,age_aggregate_y25_54,edu_isced11_7,2017,18.218
swe,sex_t,age_aggregate_y25_54,edu_isced11_7,2018,16.612
swe,sex_t,age_aggregate_y25_54,edu_isced11_7,2019,13.815
swe,sex_t,age_aggregate_y25_54,edu_isced11_7,2020,17.008
swe,sex_t,age_aggregate_y25_54,edu_isced11_7,2021,17.907
swe,sex_t,age_aggregate_y25_54,edu_isced11_7,2022,15.052
swe,sex_t,age_aggregate_y25_54,edu_isced11_7,2023,19.591
swe,sex_t,age_aggregate_y25_54,edu_isced11_8,2014,1.334
swe,sex_t,age_aggregate_y25_54,edu_isced11_8,2015,1.715
swe,sex_t,age_aggregate_y25_54,edu_isced11_8,2016,1.581
swe,sex_t,age_aggregate_y25_54,edu_isced11_8,2017,2.535
swe,sex_t,age_aggregate_y25_54,edu_isced11_8,2018,2.126
swe,sex_t,age_aggregate_y25_54,edu_isced11_8,2019,3.08
swe,sex_t,age_aggregate_y25_54,edu_isced11_8,2020,4.063
swe,sex_t,age_aggregate_y25_54,edu_isced11_8,2021,1.374
swe,sex_t,age_aggregate_y25_54,edu_isced11_8,2022,1.296
swe,sex_t,age_aggregate_y25_54,edu_isced11_8,2023,2.463
swe,sex_t,age_aggregate_y25_54,edu_isced11_9,2006,2.913
swe,sex_t,age_aggregate_y25_54,edu_isced11_9,2007,1.441
swe,sex_t,age_aggregate_y25_54,edu_isced11_9,2008,1.33
swe,sex_t,age_aggregate_y25_54,edu_isced11_9,2009,2.2
swe,sex_t,age_aggregate_y25_54,edu_isced11_9,2010,2.473
swe,sex_t,age_aggregate_y25_54,edu_isced11_9,2011,2.415
swe,sex_t,age_aggregate_y25_54,edu_isced11_9,2012,1.832
swe,sex_t,age_aggregate_y25_54,edu_isced11_9,2013,2.087
swe,sex_t,age_aggregate_y25_54,edu_isced11_9,2014,0.361
swe,sex_t,age_aggregate_y25_54,edu_isced11_9,2015,1.513
swe,sex_t,age_aggregate_y25_54,edu_isced11_9,2016,0.725
swe,sex_t,age_aggregate_y25_54,edu_isced11_9,2017,1.191
swe,sex_t,age_aggregate_y25_54,edu_isced11_9,2018,1.588
swe,sex_t,age_aggregate_y25_54,edu_isced11_9,2019,2.187
swe,sex_t,age_aggregate_y25_54,edu_isced11_9,2020,1.089
swe,sex_t,age_aggregate_y25_54,edu_isced11_9,2021,1.759
swe,sex_t,age_aggregate_y25_54,edu_isced11_9,2022,1.58
swe,sex_t,age_aggregate_y25_54,edu_isced11_9,2023,2.625
swe,sex_t,age_aggregate_y25_54,edu_isced11_total,2006,170.649
swe,sex_t,age_aggregate_y25_54,edu_isced11_total,2007,143.059
swe,sex_t,age_aggregate_y25_54,edu_isced11_total,2008,141.135
swe,sex_t,age_aggregate_y25_54,edu_isced11_total,2009,203.013
swe,sex_t,age_aggregate_y25_54,edu_isced11_total,2010,212.675
swe,sex_t,age_aggregate_y25_54,edu_isced11_total,2011,191.489
swe,sex_t,age_aggregate_y25_54,edu_isced11_total,2012,199.083
swe,sex_t,age_aggregate_y25_54,edu_isced11_total,2013,206.34
swe,sex_t,age_aggregate_y25_54,edu_isced11_total,2014,205.577
swe,sex_t,age_aggregate_y25_54,edu_isced11_total,2015,202.041
swe,sex_t,age_aggregate_y25_54,edu_isced11_total,2016,194.839
swe,sex_t,age_aggregate_y25_54,edu_isced11_total,2017,194.902
swe,sex_t,age_aggregate_y25_54,edu_isced11_total,2018,189.988
swe,sex_t,age_aggregate_y25_54,edu_isced11_total,2019,198.728
swe,sex_t,age_aggregate_y25_54,edu_isced11_total,2020,251.871
swe,sex_t,age_aggregate_y25_54,edu_isced11_total,2021,261.532
swe,sex_t,age_aggregate_y25_54,edu_isced11_total,2022,213.018
swe,sex_t,age_aggregate_y25_54,edu_isced11_total,2023,224.014
swe,sex_t,age_aggregate_y55_64,edu_aggregate_adv,1995,4.08
swe,sex_t,age_aggregate_y55_64,edu_aggregate_adv,1996,5.171
swe,sex_t,age_aggregate_y55_64,edu_aggregate_adv,1997,5.93
swe,sex_t,age_aggregate_y55_64,edu_aggregate_adv,1998,4.825
swe,sex_t,age_aggregate_y55_64,edu_aggregate_adv,1999,6.775
swe,sex_t,age_aggregate_y55_64,edu_aggregate_adv,2000,7.759
swe,sex_t,age_aggregate_y55_64,edu_aggregate_adv,2001,3.182
swe,sex_t,age_aggregate_y55_64,edu_aggregate_adv,2002,3.92
swe,sex_t,age_aggregate_y55_64,edu_aggregate_adv,2003,4.513
swe,sex_t,age_aggregate_y55_64,edu_aggregate_adv,2004,6.068
swe,sex_t,age_aggregate_y55_64,edu_aggregate_adv,2005,5.978
swe,sex_t,age_aggregate_y55_64,edu_aggregate_adv,2006,7.329
swe,sex_t,age_aggregate_y55_64,edu_aggregate_adv,2007,6.17
swe,sex_t,age_aggregate_y55_64,edu_aggregate_adv,2008,7.645
swe,sex_t,age_aggregate_y55_64,edu_aggregate_adv,2009,8.257
swe,sex_t,age_aggregate_y55_64,edu_aggregate_adv,2010,9.477
swe,sex_t,age_aggregate_y55_64,edu_aggregate_adv,2011,8.745
swe,sex_t,age_aggregate_y55_64,edu_aggregate_adv,2012,8.721
swe,sex_t,age_aggregate_y55_64,edu_aggregate_adv,2013,8.725
swe,sex_t,age_aggregate_y55_64,edu_aggregate_adv,2014,10.595
swe,sex_t,age_aggregate_y55_64,edu_aggregate_adv,2015,9.498
swe,sex_t,age_aggregate_y55_64,edu_aggregate_adv,2016,10.836
swe,sex_t,age_aggregate_y55_64,edu_aggregate_adv,2017,11.099
swe,sex_t,age_aggregate_y55_64,edu_aggregate_adv,2018,11.29
swe,sex_t,age_aggregate_y55_64,edu_aggregate_adv,2019,10.582
swe,sex_t,age_aggregate_y55_64,edu_aggregate_adv,2020,13.385
swe,sex_t,age_aggregate_y55_64,edu_aggregate_adv,2021,13.975
swe,sex_t,age_aggregate_y55_64,edu_aggregate_adv,2022,12.953
swe,sex_t,age_aggregate_y55_64,edu_aggregate_adv,2023,14.471
swe,sex_t,age_aggregate_y55_64,edu_aggregate_bas,1995,24.012
swe,sex_t,age_aggregate_y55_64,edu_aggregate_bas,1996,27.632
swe,sex_t,age_aggregate_y55_64,edu_aggregate_bas,1997,30.009
swe,sex_t,age_aggregate_y55_64,edu_aggregate_bas,1998,17.226
swe,sex_t,age_aggregate_y55_64,edu_aggregate_bas,1999,17.841
swe,sex_t,age_aggregate_y55_64,edu_aggregate_bas,2000,16.495
swe,sex_t,age_aggregate_y55_64,edu_aggregate_bas,2001,12.384
swe,sex_t,age_aggregate_y55_64,edu_aggregate_bas,2002,11.429
swe,sex_t,age_aggregate_y55_64,edu_aggregate_bas,2003,10.207
swe,sex_t,age_aggregate_y55_64,edu_aggregate_bas,2004,10.26
swe,sex_t,age_aggregate_y55_64,edu_aggregate_bas,2005,10.648
swe,sex_t,age_aggregate_y55_64,edu_aggregate_bas,2006,11.294
swe,sex_t,age_aggregate_y55_64,edu_aggregate_bas,2007,10.547
swe,sex_t,age_aggregate_y55_64,edu_aggregate_bas,2008,9.21
swe,sex_t,age_aggregate_y55_64,edu_aggregate_bas,2009,15.956
swe,sex_t,age_aggregate_y55_64,edu_aggregate_bas,2010,18.442
swe,sex_t,age_aggregate_y55_64,edu_aggregate_bas,2011,16.289
swe,sex_t,age_aggregate_y55_64,edu_aggregate_bas,2012,16.401
swe,sex_t,age_aggregate_y55_64,edu_aggregate_bas,2013,15.296
swe,sex_t,age_aggregate_y55_64,edu_aggregate_bas,2014,14.168
swe,sex_t,age_aggregate_y55_64,edu_aggregate_bas,2015,14.472
swe,sex_t,age_aggregate_y55_64,edu_aggregate_bas,2016,14.317
swe,sex_t,age_aggregate_y55_64,edu_aggregate_bas,2017,15.578
swe,sex_t,age_aggregate_y55_64,edu_aggregate_bas,2018,11.831
swe,sex_t,age_aggregate_y55_64,edu_aggregate_bas,2019,12.673
swe,sex_t,age_aggregate_y55_64,edu_aggregate_bas,2020,20.136
swe,sex_t,age_aggregate_y55_64,edu_aggregate_bas,2021,22.902
swe,sex_t,age_aggregate_y55_64,edu_aggregate_bas,2022,15.931
swe,sex_t,age_aggregate_y55_64,edu_aggregate_bas,2023,16.312
swe,sex_t,age_aggregate_y55_64,edu_aggregate_int,1995,16.017
swe,sex_t,age_aggregate_y55_64,edu_aggregate_int,1996,16.665
swe,sex_t,age_aggregate_y55_64,edu_aggregate_int,1997,22.672
swe,sex_t,age_aggregate_y55_64,edu_aggregate_int,1998,18.898
swe,sex_t,age_aggregate_y55_64,edu_aggregate_int,1999,20.625
swe,sex_t,age_aggregate_y55_64,edu_aggregate_int,2000,15.972
swe,sex_t,age_aggregate_y55_64,edu_aggregate_int,2001,16.911
swe,sex_t,age_aggregate_y55_64,edu_aggregate_int,2002,18.289
swe,sex_t,age_aggregate_y55_64,edu_aggregate_int,2003,21.618
swe,sex_t,age_aggregate_y55_64,edu_aggregate_int,2004,26.204
swe,sex_t,age_aggregate_y55_64,edu_aggregate_int,2005,21.991
swe,sex_t,age_aggregate_y55_64,edu_aggregate_int,2006,19.519
swe,sex_t,age_aggregate_y55_64,edu_aggregate_int,2007,17.897
swe,sex_t,age_aggregate_y55_64,edu_aggregate_int,2008,16.177
swe,sex_t,age_aggregate_y55_64,edu_aggregate_int,2009,22.378
swe,sex_t,age_aggregate_y55_64,edu_aggregate_int,2010,23.364
swe,sex_t,age_aggregate_y55_64,edu_aggregate_int,2011,21.315
swe,sex_t,age_aggregate_y55_64,edu_aggregate_int,2012,21.036
swe,sex_t,age_aggregate_y55_64,edu_aggregate_int,2013,21.032
swe,sex_t,age_aggregate_y55_64,edu_aggregate_int,2014,23.727
swe,sex_t,age_aggregate_y55_64,edu_aggregate_int,2015,23.964
swe,sex_t,age_aggregate_y55_64,edu_aggregate_int,2016,22.754
swe,sex_t,age_aggregate_y55_64,edu_aggregate_int,2017,20.396
swe,sex_t,age_aggregate_y55_64,edu_aggregate_int,2018,18.656
swe,sex_t,age_aggregate_y55_64,edu_aggregate_int,2019,21.307
swe,sex_t,age_aggregate_y55_64,edu_aggregate_int,2020,23.819
swe,sex_t,age_aggregate_y55_64,edu_aggregate_int,2021,31.781
swe,sex_t,age_aggregate_y55_64,edu_aggregate_int,2022,25.925
swe,sex_t,age_aggregate_y55_64,edu_aggregate_int,2023,24.203
swe,sex_t,age_aggregate_y55_64,edu_aggregate_total,1995,44.109
swe,sex_t,age_aggregate_y55_64,edu_aggregate_total,1996,50.175
swe,sex_t,age_aggregate_y55_64,edu_aggregate_total,1997,58.936
swe,sex_t,age_aggregate_y55_64,edu_aggregate_total,1998,40.948
swe,sex_t,age_aggregate_y55_64,edu_aggregate_total,1999,45.812
swe,sex_t,age_aggregate_y55_64,edu_aggregate_total,2000,40.226
swe,sex_t,age_aggregate_y55_64,edu_aggregate_total,2001,32.477
swe,sex_t,age_aggregate_y55_64,edu_aggregate_total,2002,33.829
swe,sex_t,age_aggregate_y55_64,edu_aggregate_total,2003,36.564
swe,sex_t,age_aggregate_y55_64,edu_aggregate_total,2004,42.532
swe,sex_t,age_aggregate_y55_64,edu_aggregate_total,2005,38.617
swe,sex_t,age_aggregate_y55_64,edu_aggregate_total,2006,38.671
swe,sex_t,age_aggregate_y55_64,edu_aggregate_total,2007,35.184
swe,sex_t,age_aggregate_y55_64,edu_aggregate_total,2008,33.393
swe,sex_t,age_aggregate_y55_64,edu_aggregate_total,2009,47.02
swe,sex_t,age_aggregate_y55_64,edu_aggregate_total,2010,51.638
swe,sex_t,age_aggregate_y55_64,edu_aggregate_total,2011,46.739
swe,sex_t,age_aggregate_y55_64,edu_aggregate_total,2012,46.541
swe,sex_t,age_aggregate_y55_64,edu_aggregate_total,2013,45.361
swe,sex_t,age_aggregate_y55_64,edu_aggregate_total,2014,48.49
swe,sex_t,age_aggregate_y55_64,edu_aggregate_total,2015,47.934
swe,sex_t,age_aggregate_y55_64,edu_aggregate_total,2016,48.133
swe,sex_t,age_aggregate_y55_64,edu_aggregate_total,2017,47.124
swe,sex_t,age_aggregate_y55_64,edu_aggregate_total,2018,41.961
swe,sex_t,age_aggregate_y55_64,edu_aggregate_total,2019,44.723
swe,sex_t,age_aggregate_y55_64,edu_aggregate_total,2020,57.735
swe,sex_t,age_aggregate_y55_64,edu_aggregate_total,2021,68.914
swe,sex_t,age_aggregate_y55_64,edu_aggregate_total,2022,54.982
swe,sex_t,age_aggregate_y55_64,edu_aggregate_total,2023,55.076
swe,sex_t,age_aggregate_y55_64,edu_aggregate_x,2006,0.529
swe,sex_t,age_aggregate_y55_64,edu_aggregate_x,2007,0.57
swe,sex_t,age_aggregate_y55_64,edu_aggregate_x,2008,0.361
swe,sex_t,age_aggregate_y55_64,edu_aggregate_x,2009,0.429
swe,sex_t,age_aggregate_y55_64,edu_aggregate_x,2010,0.355
swe,sex_t,age_aggregate_y55_64,edu_aggregate_x,2011,0.39
swe,sex_t,age_aggregate_y55_64,edu_aggregate_x,2012,0.382
swe,sex_t,age_aggregate_y55_64,edu_aggregate_x,2013,0.308
swe,sex_t,age_aggregate_y55_64,edu_aggregate_x,2016,0.227
swe,sex_t,age_aggregate_y55_64,edu_aggregate_x,2020,0.395
swe,sex_t,age_aggregate_y55_64,edu_isced11_1,2006,5.289
swe,sex_t,age_aggregate_y55_64,edu_isced11_1,2007,5.073
swe,sex_t,age_aggregate_y55_64,edu_isced11_1,2008,3.847
swe,sex_t,age_aggregate_y55_64,edu_isced11_1,2009,7.508
swe,sex_t,age_aggregate_y55_64,edu_isced11_1,2010,6.548
swe,sex_t,age_aggregate_y55_64,edu_isced11_1,2011,4.786
swe,sex_t,age_aggregate_y55_64,edu_isced11_1,2012,4.548
swe,sex_t,age_aggregate_y55_64,edu_isced11_1,2013,4.175
swe,sex_t,age_aggregate_y55_64,edu_isced11_1,2014,3.526
swe,sex_t,age_aggregate_y55_64,edu_isced11_1,2015,3.685
swe,sex_t,age_aggregate_y55_64,edu_isced11_1,2016,3.114
swe,sex_t,age_aggregate_y55_64,edu_isced11_1,2017,3.985
swe,sex_t,age_aggregate_y55_64,edu_isced11_1,2018,2.837
swe,sex_t,age_aggregate_y55_64,edu_isced11_1,2019,3.251
swe,sex_t,age_aggregate_y55_64,edu_isced11_1,2020,5.721
swe,sex_t,age_aggregate_y55_64,edu_isced11_1,2021,8.274
swe,sex_t,age_aggregate_y55_64,edu_isced11_1,2022,6.744
swe,sex_t,age_aggregate_y55_64,edu_isced11_1,2023,6.596
swe,sex_t,age_aggregate_y55_64,edu_isced11_2,2006,6.005
swe,sex_t,age_aggregate_y55_64,edu_isced11_2,2007,5.474
swe,sex_t,age_aggregate_y55_64,edu_isced11_2,2008,5.363
swe,sex_t,age_aggregate_y55_64,edu_isced11_2,2009,8.448
swe,sex_t,age_aggregate_y55_64,edu_isced11_2,2010,11.894
swe,sex_t,age_aggregate_y55_64,edu_isced11_2,2011,11.503
swe,sex_t,age_aggregate_y55_64,edu_isced11_2,2012,11.853
swe,sex_t,age_aggregate_y55_64,edu_isced11_2,2013,11.122
swe,sex_t,age_aggregate_y55_64,edu_isced11_2,2014,10.641
swe,sex_t,age_aggregate_y55_64,edu_isced11_2,2015,10.787
swe,sex_t,age_aggregate_y55_64,edu_isced11_2,2016,11.202
swe,sex_t,age_aggregate_y55_64,edu_isced11_2,2017,11.592
swe,sex_t,age_aggregate_y55_64,edu_isced11_2,2018,8.995
swe,sex_t,age_aggregate_y55_64,edu_isced11_2,2019,9.422
swe,sex_t,age_aggregate_y55_64,edu_isced11_2,2020,14.415
swe,sex_t,age_aggregate_y55_64,edu_isced11_2,2021,14.628
swe,sex_t,age_aggregate_y55_64,edu_isced11_2,2022,9.187
swe,sex_t,age_aggregate_y55_64,edu_isced11_2,2023,9.717
swe,sex_t,age_aggregate_y55_64,edu_isced11_3,2006,16.943
swe,sex_t,age_aggregate_y55_64,edu_isced11_3,2007,16.303
swe,sex_t,age_aggregate_y55_64,edu_isced11_3,2008,14.266
swe,sex_t,age_aggregate_y55_64,edu_isced11_3,2009,19.951
swe,sex_t,age_aggregate_y55_64,edu_isced11_3,2010,20.747
swe,sex_t,age_aggregate_y55_64,edu_isced11_3,2011,18.323
swe,sex_t,age_aggregate_y55_64,edu_isced11_3,2012,18.127
swe,sex_t,age_aggregate_y55_64,edu_isced11_3,2013,18.195
swe,sex_t,age_aggregate_y55_64,edu_isced11_3,2014,19.897
swe,sex_t,age_aggregate_y55_64,edu_isced11_3,2015,20.001
swe,sex_t,age_aggregate_y55_64,edu_isced11_3,2016,19.523
swe,sex_t,age_aggregate_y55_64,edu_isced11_3,2017,17.601
swe,sex_t,age_aggregate_y55_64,edu_isced11_3,2018,14.944
swe,sex_t,age_aggregate_y55_64,edu_isced11_3,2019,17.178
swe,sex_t,age_aggregate_y55_64,edu_isced11_3,2020,19.035
swe,sex_t,age_aggregate_y55_64,edu_isced11_3,2021,26.73
swe,sex_t,age_aggregate_y55_64,edu_isced11_3,2022,21.801
swe,sex_t,age_aggregate_y55_64,edu_isced11_3,2023,19.39
swe,sex_t,age_aggregate_y55_64,edu_isced11_4,2006,2.576
swe,sex_t,age_aggregate_y55_64,edu_isced11_4,2007,1.594
swe,sex_t,age_aggregate_y55_64,edu_isced11_4,2008,1.911
swe,sex_t,age_aggregate_y55_64,edu_isced11_4,2009,2.426
swe,sex_t,age_aggregate_y55_64,edu_isced11_4,2010,2.617
swe,sex_t,age_aggregate_y55_64,edu_isced11_4,2011,2.992
swe,sex_t,age_aggregate_y55_64,edu_isced11_4,2012,2.908
swe,sex_t,age_aggregate_y55_64,edu_isced11_4,2013,2.837
swe,sex_t,age_aggregate_y55_64,edu_isced11_4,2014,3.83
swe,sex_t,age_aggregate_y55_64,edu_isced11_4,2015,3.963
swe,sex_t,age_aggregate_y55_64,edu_isced11_4,2016,3.231
swe,sex_t,age_aggregate_y55_64,edu_isced11_4,2017,2.795
swe,sex_t,age_aggregate_y55_64,edu_isced11_4,2018,3.712
swe,sex_t,age_aggregate_y55_64,edu_isced11_4,2019,4.129
swe,sex_t,age_aggregate_y55_64,edu_isced11_4,2020,4.784
swe,sex_t,age_aggregate_y55_64,edu_isced11_4,2021,5.052
swe,sex_t,age_aggregate_y55_64,edu_isced11_4,2022,4.124
swe,sex_t,age_aggregate_y55_64,edu_isced11_4,2023,4.813
swe,sex_t,age_aggregate_y55_64,edu_isced11_5,2006,7.329
swe,sex_t,age_aggregate_y55_64,edu_isced11_5,2007,6.17
swe,sex_t,age_aggregate_y55_64,edu_isced11_5,2008,7.645
swe,sex_t,age_aggregate_y55_64,edu_isced11_5,2009,8.257
swe,sex_t,age_aggregate_y55_64,edu_isced11_5,2010,9.477
swe,sex_t,age_aggregate_y55_64,edu_isced11_5,2011,8.745
swe,sex_t,age_aggregate_y55_64,edu_isced11_5,2012,8.721
swe,sex_t,age_aggregate_y55_64,edu_isced11_5,2013,8.725
swe,sex_t,age_aggregate_y55_64,edu_isced11_5,2014,3.379
swe,sex_t,age_aggregate_y55_64,edu_isced11_5,2015,3.352
swe,sex_t,age_aggregate_y55_64,edu_isced11_5,2016,3.694
swe,sex_t,age_aggregate_y55_64,edu_isced11_5,2017,3.947
swe,sex_t,age_aggregate_y55_64,edu_isced11_5,2018,3.952
swe,sex_t,age_aggregate_y55_64,edu_isced11_5,2019,3.136
swe,sex_t,age_aggregate_y55_64,edu_isced11_5,2020,4.116
swe,sex_t,age_aggregate_y55_64,edu_isced11_5,2021,4.926
swe,sex_t,age_aggregate_y55_64,edu_isced11_5,2022,3.693
swe,sex_t,age_aggregate_y55_64,edu_isced11_5,2023,5.981
swe,sex_t,age_aggregate_y55_64,edu_isced11_6,2014,3.511
swe,sex_t,age_aggregate_y55_64,edu_isced11_6,2015,3.074
swe,sex_t,age_aggregate_y55_64,edu_isced11_6,2016,4.04
swe,sex_t,age_aggregate_y55_64,edu_isced11_6,2017,4.147
swe,sex_t,age_aggregate_y55_64,edu_isced11_6,2018,2.91
swe,sex_t,age_aggregate_y55_64,edu_isced11_6,2019,3.393
swe,sex_t,age_aggregate_y55_64,edu_isced11_6,2020,4.855
swe,sex_t,age_aggregate_y55_64,edu_isced11_6,2021,4.875
swe,sex_t,age_aggregate_y55_64,edu_isced11_6,2022,5.32
swe,sex_t,age_aggregate_y55_64,edu_isced11_6,2023,4.509
swe,sex_t,age_aggregate_y55_64,edu_isced11_7,2014,3.374
swe,sex_t,age_aggregate_y55_64,edu_isced11_7,2015,2.639
swe,sex_t,age_aggregate_y55_64,edu_isced11_7,2016,2.612
swe,sex_t,age_aggregate_y55_64,edu_isced11_7,2017,2.595
swe,sex_t,age_aggregate_y55_64,edu_isced11_7,2018,3.61
swe,sex_t,age_aggregate_y55_64,edu_isced11_7,2019,3.377
swe,sex_t,age_aggregate_y55_64,edu_isced11_7,2020,3.506
swe,sex_t,age_aggregate_y55_64,edu_isced11_7,2021,3.619
swe,sex_t,age_aggregate_y55_64,edu_isced11_7,2022,3.514
swe,sex_t,age_aggregate_y55_64,edu_isced11_7,2023,3.689
swe,sex_t,age_aggregate_y55_64,edu_isced11_8,2014,0.331
swe,sex_t,age_aggregate_y55_64,edu_isced11_8,2015,0.432
swe,sex_t,age_aggregate_y55_64,edu_isced11_8,2016,0.489
swe,sex_t,age_aggregate_y55_64,edu_isced11_8,2017,0.41
swe,sex_t,age_aggregate_y55_64,edu_isced11_8,2018,0.818
swe,sex_t,age_aggregate_y55_64,edu_isced11_8,2019,0.676
swe,sex_t,age_aggregate_y55_64,edu_isced11_8,2020,0.908
swe,sex_t,age_aggregate_y55_64,edu_isced11_8,2021,0.554
swe,sex_t,age_aggregate_y55_64,edu_isced11_8,2022,0.425
swe,sex_t,age_aggregate_y55_64,edu_isced11_8,2023,0.293
swe,sex_t,age_aggregate_y55_64,edu_isced11_9,2006,0.529
swe,sex_t,age_aggregate_y55_64,edu_isced11_9,2007,0.57
swe,sex_t,age_aggregate_y55_64,edu_isced11_9,2008,0.361
swe,sex_t,age_aggregate_y55_64,edu_isced11_9,2009,0.429
swe,sex_t,age_aggregate_y55_64,edu_isced11_9,2010,0.355
swe,sex_t,age_aggregate_y55_64,edu_isced11_9,2011,0.39
swe,sex_t,age_aggregate_y55_64,edu_isced11_9,2012,0.382
swe,sex_t,age_aggregate_y55_64,edu_isced11_9,2013,0.308
swe,sex_t,age_aggregate_y55_64,edu_isced11_9,2016,0.227
swe,sex_t,age_aggregate_y55_64,edu_isced11_9,2020,0.395
swe,sex_t,age_aggregate_y55_64,edu_isced11_total,2006,38.671
swe,sex_t,age_aggregate_y55_64,edu_isced11_total,2007,35.184
swe,sex_t,age_aggregate_y55_64,edu_isced11_total,2008,33.393
swe,sex_t,age_aggregate_y55_64,edu_isced11_total,2009,47.02
swe,sex_t,age_aggregate_y55_64,edu_isced11_total,2010,51.638
swe,sex_t,age_aggregate_y55_64,edu_isced11_total,2011,46.739
swe,sex_t,age_aggregate_y55_64,edu_isced11_total,2012,46.541
swe,sex_t,age_aggregate_y55_64,edu_isced11_total,2013,45.361
swe,sex_t,age_aggregate_y55_64,edu_isced11_total,2014,48.49
swe,sex_t,age_aggregate_y55_64,edu_isced11_total,2015,47.934
swe,sex_t,age_aggregate_y55_64,edu_isced11_total,2016,48.133
swe,sex_t,age_aggregate_y55_64,edu_isced11_total,2017,47.124
swe,sex_t,age_aggregate_y55_64,edu_isced11_total,2018,41.961
swe,sex_t,age_aggregate_y55_64,edu_isced11_total,2019,44.723
swe,sex_t,age_aggregate_y55_64,edu_isced11_total,2020,57.735
swe,sex_t,age_aggregate_y55_64,edu_isced11_total,2021,68.914
swe,sex_t,age_aggregate_y55_64,edu_isced11_total,2022,54.982
swe,sex_t,age_aggregate_y55_64,edu_isced11_total,2023,55.076
swe,sex_t,age_aggregate_yge65,edu_aggregate_adv,2006,0.83
swe,sex_t,age_aggregate_yge65,edu_aggregate_adv,2007,0.873
swe,sex_t,age_aggregate_yge65,edu_aggregate_adv,2008,0.504
swe,sex_t,age_aggregate_yge65,edu_aggregate_adv,2009,0.986
swe,sex_t,age_aggregate_yge65,edu_aggregate_adv,2010,0.809
swe,sex_t,age_aggregate_yge65,edu_aggregate_adv,2011,0.852
swe,sex_t,age_aggregate_yge65,edu_aggregate_adv,2012,1.023
swe,sex_t,age_aggregate_yge65,edu_aggregate_adv,2013,1.192
swe,sex_t,age_aggregate_yge65,edu_aggregate_adv,2014,1.824
swe,sex_t,age_aggregate_yge65,edu_aggregate_adv,2015,1.837
swe,sex_t,age_aggregate_yge65,edu_aggregate_adv,2016,2.123
swe,sex_t,age_aggregate_yge65,edu_aggregate_adv,2017,2.156
swe,sex_t,age_aggregate_yge65,edu_aggregate_adv,2018,2.42
swe,sex_t,age_aggregate_yge65,edu_aggregate_adv,2019,2.081
swe,sex_t,age_aggregate_yge65,edu_aggregate_adv,2020,1.742
swe,sex_t,age_aggregate_yge65,edu_aggregate_adv,2021,2.493
swe,sex_t,age_aggregate_yge65,edu_aggregate_adv,2022,4.953
swe,sex_t,age_aggregate_yge65,edu_aggregate_adv,2023,4.877
swe,sex_t,age_aggregate_yge65,edu_aggregate_bas,2006,0.649
swe,sex_t,age_aggregate_yge65,edu_aggregate_bas,2007,0.184
swe,sex_t,age_aggregate_yge65,edu_aggregate_bas,2009,0.398
swe,sex_t,age_aggregate_yge65,edu_aggregate_bas,2010,0.484
swe,sex_t,age_aggregate_yge65,edu_aggregate_bas,2011,0.58
swe,sex_t,age_aggregate_yge65,edu_aggregate_bas,2012,1.269
swe,sex_t,age_aggregate_yge65,edu_aggregate_bas,2013,0.835
swe,sex_t,age_aggregate_yge65,edu_aggregate_bas,2014,1.163
swe,sex_t,age_aggregate_yge65,edu_aggregate_bas,2015,1.151
swe,sex_t,age_aggregate_yge65,edu_aggregate_bas,2016,0.864
swe,sex_t,age_aggregate_yge65,edu_aggregate_bas,2017,1.012
swe,sex_t,age_aggregate_yge65,edu_aggregate_bas,2018,0.948
swe,sex_t,age_aggregate_yge65,edu_aggregate_bas,2019,0.828
swe,sex_t,age_aggregate_yge65,edu_aggregate_bas,2020,0.612
swe,sex_t,age_aggregate_yge65,edu_aggregate_bas,2021,1.364
swe,sex_t,age_aggregate_yge65,edu_aggregate_bas,2022,0.844
swe,sex_t,age_aggregate_yge65,edu_aggregate_bas,2023,1.179
swe,sex_t,age_aggregate_yge65,edu_aggregate_int,2006,0.264
swe,sex_t,age_aggregate_yge65,edu_aggregate_int,2007,0.482
swe,sex_t,age_aggregate_yge65,edu_aggregate_int,2008,1.374
swe,sex_t,age_aggregate_yge65,edu_aggregate_int,2009,1.296
swe,sex_t,age_aggregate_yge65,edu_aggregate_int,2010,1.137
swe,sex_t,age_aggregate_yge65,edu_aggregate_int,2011,0.992
swe,sex_t,age_aggregate_yge65,edu_aggregate_int,2012,1.399
swe,sex_t,age_aggregate_yge65,edu_aggregate_int,2013,0.92
swe,sex_t,age_aggregate_yge65,edu_aggregate_int,2014,2.03
swe,sex_t,age_aggregate_yge65,edu_aggregate_int,2015,1.329
swe,sex_t,age_aggregate_yge65,edu_aggregate_int,2016,1.409
swe,sex_t,age_aggregate_yge65,edu_aggregate_int,2017,2.293
swe,sex_t,age_aggregate_yge65,edu_aggregate_int,2018,1.913
swe,sex_t,age_aggregate_yge65,edu_aggregate_int,2019,1.726
swe,sex_t,age_aggregate_yge65,edu_aggregate_int,2020,1.631
swe,sex_t,age_aggregate_yge65,edu_aggregate_int,2021,4.059
swe,sex_t,age_aggregate_yge65,edu_aggregate_int,2022,2.827
swe,sex_t,age_aggregate_yge65,edu_aggregate_int,2023,3.586
swe,sex_t,age_aggregate_yge65,edu_aggregate_total,2004,1.172
swe,sex_t,age_aggregate_yge65,edu_aggregate_total,2005,1.186
swe,sex_t,age_aggregate_yge65,edu_aggregate_total,2006,1.743
swe,sex_t,age_aggregate_yge65,edu_aggregate_total,2007,1.54
swe,sex_t,age_aggregate_yge65,edu_aggregate_total,2008,2.092
swe,sex_t,age_aggregate_yge65,edu_aggregate_total,2009,2.711
swe,sex_t,age_aggregate_yge65,edu_aggregate_total,2010,2.549
swe,sex_t,age_aggregate_yge65,edu_aggregate_total,2011,2.626
swe,sex_t,age_aggregate_yge65,edu_aggregate_total,2012,3.976
swe,sex_t,age_aggregate_yge65,edu_aggregate_total,2013,3.108
swe,sex_t,age_aggregate_yge65,edu_aggregate_total,2014,5.017
swe,sex_t,age_aggregate_yge65,edu_aggregate_total,2015,4.413
swe,sex_t,age_aggregate_yge65,edu_aggregate_total,2016,4.396
swe,sex_t,age_aggregate_yge65,edu_aggregate_total,2017,5.461
swe,sex_t,age_aggregate_yge65,edu_aggregate_total,2018,5.281
swe,sex_t,age_aggregate_yge65,edu_aggregate_total,2019,4.635
swe,sex_t,age_aggregate_yge65,edu_aggregate_total,2020,3.986
swe,sex_t,age_aggregate_yge65,edu_aggregate_total,2021,7.917
swe,sex_t,age_aggregate_yge65,edu_aggregate_total,2022,8.624
swe,sex_t,age_aggregate_yge65,edu_aggregate_total,2023,9.643
swe,sex_t,age_aggregate_yge65,edu_aggregate_x,2012,0.285
swe,sex_t,age_aggregate_yge65,edu_isced11_1,2010,0.22
swe,sex_t,age_aggregate_yge65,edu_isced11_1,2011,0.324
swe,sex_t,age_aggregate_yge65,edu_isced11_1,2012,0.266
swe,sex_t,age_aggregate_yge65,edu_isced11_1,2013,0.466
swe,sex_t,age_aggregate_yge65,edu_isced11_1,2014,0.411
swe,sex_t,age_aggregate_yge65,edu_isced11_1,2015,0.442
swe,sex_t,age_aggregate_yge65,edu_isced11_1,2016,0.407
swe,sex_t,age_aggregate_yge65,edu_isced11_2,2010,0.264
swe,sex_t,age_aggregate_yge65,edu_isced11_2,2011,0.256
swe,sex_t,age_aggregate_yge65,edu_isced11_2,2012,1.003
swe,sex_t,age_aggregate_yge65,edu_isced11_2,2013,0.369
swe,sex_t,age_aggregate_yge65,edu_isced11_2,2014,0.752
swe,sex_t,age_aggregate_yge65,edu_isced11_2,2015,0.709
swe,sex_t,age_aggregate_yge65,edu_isced11_2,2016,0.457
swe,sex_t,age_aggregate_yge65,edu_isced11_2,2017,0.857
swe,sex_t,age_aggregate_yge65,edu_isced11_2,2018,0.522
swe,sex_t,age_aggregate_yge65,edu_isced11_2,2019,0.429
swe,sex_t,age_aggregate_yge65,edu_isced11_2,2021,1.257
swe,sex_t,age_aggregate_yge65,edu_isced11_2,2023,1.179
swe,sex_t,age_aggregate_yge65,edu_isced11_3,2006,0.264
swe,sex_t,age_aggregate_yge65,edu_isced11_3,2007,0.482
swe,sex_t,age_aggregate_yge65,edu_isced11_3,2008,1.374
swe,sex_t,age_aggregate_yge65,edu_isced11_3,2009,1.03
swe,sex_t,age_aggregate_yge65,edu_isced11_3,2010,0.94
swe,sex_t,age_aggregate_yge65,edu_isced11_3,2011,0.91
swe,sex_t,age_aggregate_yge65,edu_isced11_3,2012,1.306
swe,sex_t,age_aggregate_yge65,edu_isced11_3,2013,0.847
swe,sex_t,age_aggregate_yge65,edu_isced11_3,2014,1.779
swe,sex_t,age_aggregate_yge65,edu_isced11_3,2015,1.144
swe,sex_t,age_aggregate_yge65,edu_isced11_3,2016,1.327
swe,sex_t,age_aggregate_yge65,edu_isced11_3,2017,2.221
swe,sex_t,age_aggregate_yge65,edu_isced11_3,2018,1.799
swe,sex_t,age_aggregate_yge65,edu_isced11_3,2019,1.569
swe,sex_t,age_aggregate_yge65,edu_isced11_3,2020,1.506
swe,sex_t,age_aggregate_yge65,edu_isced11_3,2021,3.875
swe,sex_t,age_aggregate_yge65,edu_isced11_3,2022,2.827
swe,sex_t,age_aggregate_yge65,edu_isced11_3,2023,3.365
swe,sex_t,age_aggregate_yge65,edu_isced11_4,2009,0.266
swe,sex_t,age_aggregate_yge65,edu_isced11_4,2010,0.197
swe,sex_t,age_aggregate_yge65,edu_isced11_4,2014,0.251
swe,sex_t,age_aggregate_yge65,edu_isced11_4,2015,0.185
swe,sex_t,age_aggregate_yge65,edu_isced11_5,2006,0.83
swe,sex_t,age_aggregate_yge65,edu_isced11_5,2007,0.873
swe,sex_t,age_aggregate_yge65,edu_isced11_5,2008,0.504
swe,sex_t,age_aggregate_yge65,edu_isced11_5,2009,0.986
swe,sex_t,age_aggregate_yge65,edu_isced11_5,2010,0.809
swe,sex_t,age_aggregate_yge65,edu_isced11_5,2011,0.852
swe,sex_t,age_aggregate_yge65,edu_isced11_5,2012,1.023
swe,sex_t,age_aggregate_yge65,edu_isced11_5,2013,1.192
swe,sex_t,age_aggregate_yge65,edu_isced11_5,2014,0.377
swe,sex_t,age_aggregate_yge65,edu_isced11_5,2015,0.394
swe,sex_t,age_aggregate_yge65,edu_isced11_5,2017,0.418
swe,sex_t,age_aggregate_yge65,edu_isced11_5,2018,0.414
swe,sex_t,age_aggregate_yge65,edu_isced11_5,2019,0.483
swe,sex_t,age_aggregate_yge65,edu_isced11_5,2020,0.481
swe,sex_t,age_aggregate_yge65,edu_isced11_5,2021,0.603
swe,sex_t,age_aggregate_yge65,edu_isced11_5,2022,2.231
swe,sex_t,age_aggregate_yge65,edu_isced11_5,2023,1.71
swe,sex_t,age_aggregate_yge65,edu_isced11_6,2014,0.492
swe,sex_t,age_aggregate_yge65,edu_isced11_6,2015,0.513
swe,sex_t,age_aggregate_yge65,edu_isced11_6,2016,1.155
swe,sex_t,age_aggregate_yge65,edu_isced11_6,2017,1.232
swe,sex_t,age_aggregate_yge65,edu_isced11_6,2018,0.819
swe,sex_t,age_aggregate_yge65,edu_isced11_6,2019,0.946
swe,sex_t,age_aggregate_yge65,edu_isced11_6,2020,0.941
swe,sex_t,age_aggregate_yge65,edu_isced11_6,2021,0.834
swe,sex_t,age_aggregate_yge65,edu_isced11_6,2022,1.01
swe,sex_t,age_aggregate_yge65,edu_isced11_6,2023,1.239
swe,sex_t,age_aggregate_yge65,edu_isced11_7,2014,0.718
swe,sex_t,age_aggregate_yge65,edu_isced11_7,2015,0.809
swe,sex_t,age_aggregate_yge65,edu_isced11_7,2016,0.672
swe,sex_t,age_aggregate_yge65,edu_isced11_7,2017,0.349
swe,sex_t,age_aggregate_yge65,edu_isced11_7,2018,0.94
swe,sex_t,age_aggregate_yge65,edu_isced11_7,2019,0.651
swe,sex_t,age_aggregate_yge65,edu_isced11_7,2021,0.872
swe,sex_t,age_aggregate_yge65,edu_isced11_7,2022,1.595
swe,sex_t,age_aggregate_yge65,edu_isced11_7,2023,1.715
swe,sex_t,age_aggregate_yge65,edu_isced11_8,2014,0.237
swe,sex_t,age_aggregate_yge65,edu_isced11_9,2012,0.285
swe,sex_t,age_aggregate_yge65,edu_isced11_total,2006,1.743
swe,sex_t,age_aggregate_yge65,edu_isced11_total,2007,1.54
swe,sex_t,age_aggregate_yge65,edu_isced11_total,2008,2.092
swe,sex_t,age_aggregate_yge65,edu_isced11_total,2009,2.711
swe,sex_t,age_aggregate_yge65,edu_isced11_total,2010,2.549
swe,sex_t,age_aggregate_yge65,edu_isced11_total,2011,2.626
swe,sex_t,age_aggregate_yge65,edu_isced11_total,2012,3.976
swe,sex_t,age_aggregate_yge65,edu_isced11_total,2013,3.108
swe,sex_t,age_aggregate_yge65,edu_isced11_total,2014,5.017
swe,sex_t,age_aggregate_yge65,edu_isced11_total,2015,4.413
swe,sex_t,age_aggregate_yge65,edu_isced11_total,2016,4.396
swe,sex_t,age_aggregate_yge65,edu_isced11_total,2017,5.461
swe,sex_t,age_aggregate_yge65,edu_isced11_total,2018,5.281
swe,sex_t,age_aggregate_yge65,edu_isced11_total,2019,4.635
swe,sex_t,age_aggregate_yge65,edu_isced11_total,2020,3.986
swe,sex_t,age_aggregate_yge65,edu_isced11_total,2021,7.917
swe,sex_t,age_aggregate_yge65,edu_isced11_total,2022,8.624
swe,sex_t,age_aggregate_yge65,edu_isced11_total,2023,9.643
swe,sex_t,age_ythadult_y15_24,edu_aggregate_adv,1995,2.797
swe,sex_t,age_ythadult_y15_24,edu_aggregate_adv,1996,4.098
swe,sex_t,age_ythadult_y15_24,edu_aggregate_adv,1997,5.034
swe,sex_t,age_ythadult_y15_24,edu_aggregate_adv,2001,1.114
swe,sex_t,age_ythadult_y15_24,edu_aggregate_adv,2002,1.947
swe,sex_t,age_ythadult_y15_24,edu_aggregate_adv,2003,1.684
swe,sex_t,age_ythadult_y15_24,edu_aggregate_adv,2004,3.777
swe,sex_t,age_ythadult_y15_24,edu_aggregate_adv,2005,5.63
swe,sex_t,age_ythadult_y15_24,edu_aggregate_adv,2006,5.049
swe,sex_t,age_ythadult_y15_24,edu_aggregate_adv,2007,5.046
swe,sex_t,age_ythadult_y15_24,edu_aggregate_adv,2008,5.433
swe,sex_t,age_ythadult_y15_24,edu_aggregate_adv,2009,5.876
swe,sex_t,age_ythadult_y15_24,edu_aggregate_adv,2010,7.149
swe,sex_t,age_ythadult_y15_24,edu_aggregate_adv,2011,6.23
swe,sex_t,age_ythadult_y15_24,edu_aggregate_adv,2012,8.81
swe,sex_t,age_ythadult_y15_24,edu_aggregate_adv,2013,10.752
swe,sex_t,age_ythadult_y15_24,edu_aggregate_adv,2014,10.257
swe,sex_t,age_ythadult_y15_24,edu_aggregate_adv,2015,9.158
swe,sex_t,age_ythadult_y15_24,edu_aggregate_adv,2016,8.172
swe,sex_t,age_ythadult_y15_24,edu_aggregate_adv,2017,7.3
swe,sex_t,age_ythadult_y15_24,edu_aggregate_adv,2018,6.217
swe,sex_t,age_ythadult_y15_24,edu_aggregate_adv,2019,7.946
swe,sex_t,age_ythadult_y15_24,edu_aggregate_adv,2020,9.53
swe,sex_t,age_ythadult_y15_24,edu_aggregate_adv,2021,6.197
swe,sex_t,age_ythadult_y15_24,edu_aggregate_adv,2022,4.931
swe,sex_t,age_ythadult_y15_24,edu_aggregate_adv,2023,8.102
swe,sex_t,age_ythadult_y15_24,edu_aggregate_bas,1995,23.984
swe,sex_t,age_ythadult_y15_24,edu_aggregate_bas,1996,28.402
swe,sex_t,age_ythadult_y15_24,edu_aggregate_bas,1997,32.275
swe,sex_t,age_ythadult_y15_24,edu_aggregate_bas,1998,23.891
swe,sex_t,age_ythadult_y15_24,edu_aggregate_bas,1999,26.777
swe,sex_t,age_ythadult_y15_24,edu_aggregate_bas,2000,13.514
swe,sex_t,age_ythadult_y15_24,edu_aggregate_bas,2001,30.565
swe,sex_t,age_ythadult_y15_24,edu_aggregate_bas,2002,30.381
swe,sex_t,age_ythadult_y15_24,edu_aggregate_bas,2003,35.353
swe,sex_t,age_ythadult_y15_24,edu_aggregate_bas,2004,40.853
swe,sex_t,age_ythadult_y15_24,edu_aggregate_bas,2005,57.66
swe,sex_t,age_ythadult_y15_24,edu_aggregate_bas,2006,62.514
swe,sex_t,age_ythadult_y15_24,edu_aggregate_bas,2007,61.328
swe,sex_t,age_ythadult_y15_24,edu_aggregate_bas,2008,69.447
swe,sex_t,age_ythadult_y15_24,edu_aggregate_bas,2009,68.766
swe,sex_t,age_ythadult_y15_24,edu_aggregate_bas,2010,71.847
swe,sex_t,age_ythadult_y15_24,edu_aggregate_bas,2011,68.073
swe,sex_t,age_ythadult_y15_24,edu_aggregate_bas,2012,71.056
swe,sex_t,age_ythadult_y15_24,edu_aggregate_bas,2013,73.664
swe,sex_t,age_ythadult_y15_24,edu_aggregate_bas,2014,72.668
swe,sex_t,age_ythadult_y15_24,edu_aggregate_bas,2015,68.851
swe,sex_t,age_ythadult_y15_24,edu_aggregate_bas,2016,65.997
swe,sex_t,age_ythadult_y15_24,edu_aggregate_bas,2017,64.789
swe,sex_t,age_ythadult_y15_24,edu_aggregate_bas,2018,64.155
swe,sex_t,age_ythadult_y15_24,edu_aggregate_bas,2019,79.002
swe,sex_t,age_ythadult_y15_24,edu_aggregate_bas,2020,82.534
swe,sex_t,age_ythadult_y15_24,edu_aggregate_bas,2021,100.103
swe,sex_t,age_ythadult_y15_24,edu_aggregate_bas,2022,99.675
swe,sex_t,age_ythadult_y15_24,edu_aggregate_bas,2023,96.479
swe,sex_t,age_ythadult_y15_24,edu_aggregate_int,1995,71.756
swe,sex_t,age_ythadult_y15_24,edu_aggregate_int,1996,65.782
swe,sex_t,age_ythadult_y15_24,edu_aggregate_int,1997,55.413
swe,sex_t,age_ythadult_y15_24,edu_aggregate_int,1998,44.422
swe,sex_t,age_ythadult_y15_24,edu_aggregate_int,1999,39.538
swe,sex_t,age_ythadult_y15_24,edu_aggregate_int,2000,22.882
swe,sex_t,age_ythadult_y15_24,edu_aggregate_int,2001,21.147
swe,sex_t,age_ythadult_y15_24,edu_aggregate_int,2002,25.434
swe,sex_t,age_ythadult_y15_24,edu_aggregate_int,2003,30.701
swe,sex_t,age_ythadult_y15_24,edu_aggregate_int,2004,41.3
swe,sex_t,age_ythadult_y15_24,edu_aggregate_int,2005,50.085
swe,sex_t,age_ythadult_y15_24,edu_aggregate_int,2006,56.254
swe,sex_t,age_ythadult_y15_24,edu_aggregate_int,2007,48.489
swe,sex_t,age_ythadult_y15_24,edu_aggregate_int,2008,52.174
swe,sex_t,age_ythadult_y15_24,edu_aggregate_int,2009,80.601
swe,sex_t,age_ythadult_y15_24,edu_aggregate_int,2010,79.149
swe,sex_t,age_ythadult_y15_24,edu_aggregate_int,2011,75.153
swe,sex_t,age_ythadult_y15_24,edu_aggregate_int,2012,73.061
swe,sex_t,age_ythadult_y15_24,edu_aggregate_int,2013,72.32
swe,sex_t,age_ythadult_y15_24,edu_aggregate_int,2014,69.777
swe,sex_t,age_ythadult_y15_24,edu_aggregate_int,2015,55.762
swe,sex_t,age_ythadult_y15_24,edu_aggregate_int,2016,46.8
swe,sex_t,age_ythadult_y15_24,edu_aggregate_int,2017,41.504
swe,sex_t,age_ythadult_y15_24,edu_aggregate_int,2018,38.061
swe,sex_t,age_ythadult_y15_24,edu_aggregate_int,2019,39.711
swe,sex_t,age_ythadult_y15_24,edu_aggregate_int,2020,50.299
swe,sex_t,age_ythadult_y15_24,edu_aggregate_int,2021,42.072
swe,sex_t,age_ythadult_y15_24,edu_aggregate_int,2022,36.28
swe,sex_t,age_ythadult_y15_24,edu_aggregate_int,2023,41.731
swe,sex_t,age_ythadult_y15_24,edu_aggregate_total,1995,98.537
swe,sex_t,age_ythadult_y15_24,edu_aggregate_total,1996,100.384
swe,sex_t,age_ythadult_y15_24,edu_aggregate_total,1997,95.612
swe,sex_t,age_ythadult_y15_24,edu_aggregate_total,1998,74.411
swe,sex_t,age_ythadult_y15_24,edu_aggregate_total,1999,70.328
swe,sex_t,age_ythadult_y15_24,edu_aggregate_total,2000,39.433
swe,sex_t,age_ythadult_y15_24,edu_aggregate_total,2001,62.809
swe,sex_t,age_ythadult_y15_24,edu_aggregate_total,2002,67.875
swe,sex_t,age_ythadult_y15_24,edu_aggregate_total,2003,76.616
swe,sex_t,age_ythadult_y15_24,edu_aggregate_total,2004,97.272
swe,sex_t,age_ythadult_y15_24,edu_aggregate_total,2005,127.171
swe,sex_t,age_ythadult_y15_24,edu_aggregate_total,2006,125.71
swe,sex_t,age_ythadult_y15_24,edu_aggregate_total,2007,118.33
swe,sex_t,age_ythadult_y15_24,edu_aggregate_total,2008,128.78
swe,sex_t,age_ythadult_y15_24,edu_aggregate_total,2009,157.228
swe,sex_t,age_ythadult_y15_24,edu_aggregate_total,2010,159.305
swe,sex_t,age_ythadult_y15_24,edu_aggregate_total,2011,150.714
swe,sex_t,age_ythadult_y15_24,edu_aggregate_total,2012,154.027
swe,sex_t,age_ythadult_y15_24,edu_aggregate_total,2013,157.177
swe,sex_t,age_ythadult_y15_24,edu_aggregate_total,2014,153.267
swe,sex_t,age_ythadult_y15_24,edu_aggregate_total,2015,133.923
swe,sex_t,age_ythadult_y15_24,edu_aggregate_total,2016,121.625
swe,sex_t,age_ythadult_y15_24,edu_aggregate_total,2017,114.182
swe,sex_t,age_ythadult_y15_24,edu_aggregate_total,2018,109.261
swe,sex_t,age_ythadult_y15_24,edu_aggregate_total,2019,128.245
swe,sex_t,age_ythadult_y15_24,edu_aggregate_total,2020,144.242
swe,sex_t,age_ythadult_y15_24,edu_aggregate_total,2021,154.407
swe,sex_t,age_ythadult_y15_24,edu_aggregate_total,2022,144.522
swe,sex_t,age_ythadult_y15_24,edu_aggregate_total,2023,150.831
swe,sex_t,age_ythadult_y15_24,edu_aggregate_x,1996,2.102
swe,sex_t,age_ythadult_y15_24,edu_aggregate_x,1997,2.891
swe,sex_t,age_ythadult_y15_24,edu_aggregate_x,1998,4.648
swe,sex_t,age_ythadult_y15_24,edu_aggregate_x,1999,2.622
swe,sex_t,age_ythadult_y15_24,edu_aggregate_x,2000,1.95
swe,sex_t,age_ythadult_y15_24,edu_aggregate_x,2001,9.983
swe,sex_t,age_ythadult_y15_24,edu_aggregate_x,2002,10.114
swe,sex_t,age_ythadult_y15_24,edu_aggregate_x,2003,8.879
swe,sex_t,age_ythadult_y15_24,edu_aggregate_x,2004,11.341
swe,sex_t,age_ythadult_y15_24,edu_aggregate_x,2005,13.796
swe,sex_t,age_ythadult_y15_24,edu_aggregate_x,2006,1.893
swe,sex_t,age_ythadult_y15_24,edu_aggregate_x,2007,3.467
swe,sex_t,age_ythadult_y15_24,edu_aggregate_x,2008,1.726
swe,sex_t,age_ythadult_y15_24,edu_aggregate_x,2009,1.984
swe,sex_t,age_ythadult_y15_24,edu_aggregate_x,2010,1.16
swe,sex_t,age_ythadult_y15_24,edu_aggregate_x,2011,1.256
swe,sex_t,age_ythadult_y15_24,edu_aggregate_x,2012,1.1
swe,sex_t,age_ythadult_y15_24,edu_aggregate_x,2013,0.44
swe,sex_t,age_ythadult_y15_24,edu_aggregate_x,2014,0.565
swe,sex_t,age_ythadult_y15_24,edu_aggregate_x,2016,0.657
swe,sex_t,age_ythadult_y15_24,edu_aggregate_x,2017,0.59
swe,sex_t,age_ythadult_y15_24,edu_aggregate_x,2018,0.828
swe,sex_t,age_ythadult_y15_24,edu_aggregate_x,2019,1.585
swe,sex_t,age_ythadult_y15_24,edu_aggregate_x,2020,1.88
swe,sex_t,age_ythadult_y15_24,edu_aggregate_x,2021,6.036
swe,sex_t,age_ythadult_y15_24,edu_aggregate_x,2022,3.636
swe,sex_t,age_ythadult_y15_24,edu_aggregate_x,2023,4.519
swe,sex_t,age_ythadult_y15_24,edu_isced11_1,2006,6.064
swe,sex_t,age_ythadult_y15_24,edu_isced11_1,2007,5.156
swe,sex_t,age_ythadult_y15_24,edu_isced11_1,2008,11.815
swe,sex_t,age_ythadult_y15_24,edu_isced11_1,2009,5.321
swe,sex_t,age_ythadult_y15_24,edu_isced11_1,2010,6.985
swe,sex_t,age_ythadult_y15_24,edu_isced11_1,2011,6.872
swe,sex_t,age_ythadult_y15_24,edu_isced11_1,2012,9.186
swe,sex_t,age_ythadult_y15_24,edu_isced11_1,2013,9.848
swe,sex_t,age_ythadult_y15_24,edu_isced11_1,2014,12.304
swe,sex_t,age_ythadult_y15_24,edu_isced11_1,2015,12.396
swe,sex_t,age_ythadult_y15_24,edu_isced11_1,2016,12.816
swe,sex_t,age_ythadult_y15_24,edu_isced11_1,2017,12.934
swe,sex_t,age_ythadult_y15_24,edu_isced11_1,2018,12.46
swe,sex_t,age_ythadult_y15_24,edu_isced11_1,2019,15.592
swe,sex_t,age_ythadult_y15_24,edu_isced11_1,2020,16.947
swe,sex_t,age_ythadult_y15_24,edu_isced11_1,2021,20.596
swe,sex_t,age_ythadult_y15_24,edu_isced11_1,2022,22.634
swe,sex_t,age_ythadult_y15_24,edu_isced11_1,2023,17.894
swe,sex_t,age_ythadult_y15_24,edu_isced11_2,2006,56.451
swe,sex_t,age_ythadult_y15_24,edu_isced11_2,2007,56.172
swe,sex_t,age_ythadult_y15_24,edu_isced11_2,2008,57.632
swe,sex_t,age_ythadult_y15_24,edu_isced11_2,2009,63.445
swe,sex_t,age_ythadult_y15_24,edu_isced11_2,2010,64.862
swe,sex_t,age_ythadult_y15_24,edu_isced11_2,2011,61.201
swe,sex_t,age_ythadult_y15_24,edu_isced11_2,2012,61.87
swe,sex_t,age_ythadult_y15_24,edu_isced11_2,2013,63.816
swe,sex_t,age_ythadult_y15_24,edu_isced11_2,2014,60.364
swe,sex_t,age_ythadult_y15_24,edu_isced11_2,2015,56.455
swe,sex_t,age_ythadult_y15_24,edu_isced11_2,2016,53.181
swe,sex_t,age_ythadult_y15_24,edu_isced11_2,2017,51.854
swe,sex_t,age_ythadult_y15_24,edu_isced11_2,2018,51.695
swe,sex_t,age_ythadult_y15_24,edu_isced11_2,2019,63.411
swe,sex_t,age_ythadult_y15_24,edu_isced11_2,2020,65.586
swe,sex_t,age_ythadult_y15_24,edu_isced11_2,2021,79.507
swe,sex_t,age_ythadult_y15_24,edu_isced11_2,2022,77.041
swe,sex_t,age_ythadult_y15_24,edu_isced11_2,2023,78.586
swe,sex_t,age_ythadult_y15_24,edu_isced11_3,2006,50.903
swe,sex_t,age_ythadult_y15_24,edu_isced11_3,2007,42.574
swe,sex_t,age_ythadult_y15_24,edu_isced11_3,2008,45.74
swe,sex_t,age_ythadult_y15_24,edu_isced11_3,2009,72.106
swe,sex_t,age_ythadult_y15_24,edu_isced11_3,2010,70.349
swe,sex_t,age_ythadult_y15_24,edu_isced11_3,2011,66.272
swe,sex_t,age_ythadult_y15_24,edu_isced11_3,2012,62.702
swe,sex_t,age_ythadult_y15_24,edu_isced11_3,2013,61.534
swe,sex_t,age_ythadult_y15_24,edu_isced11_3,2014,58.782
swe,sex_t,age_ythadult_y15_24,edu_isced11_3,2015,45.54
swe,sex_t,age_ythadult_y15_24,edu_isced11_3,2016,37.56
swe,sex_t,age_ythadult_y15_24,edu_isced11_3,2017,34.374
swe,sex_t,age_ythadult_y15_24,edu_isced11_3,2018,29.712
swe,sex_t,age_ythadult_y15_24,edu_isced11_3,2019,29.728
swe,sex_t,age_ythadult_y15_24,edu_isced11_3,2020,38.842
swe,sex_t,age_ythadult_y15_24,edu_isced11_3,2021,32.772
swe,sex_t,age_ythadult_y15_24,edu_isced11_3,2022,26.99
swe,sex_t,age_ythadult_y15_24,edu_isced11_3,2023,30.404
swe,sex_t,age_ythadult_y15_24,edu_isced11_4,2006,5.351
swe,sex_t,age_ythadult_y15_24,edu_isced11_4,2007,5.914
swe,sex_t,age_ythadult_y15_24,edu_isced11_4,2008,6.434
swe,sex_t,age_ythadult_y15_24,edu_isced11_4,2009,8.495
swe,sex_t,age_ythadult_y15_24,edu_isced11_4,2010,8.8
swe,sex_t,age_ythadult_y15_24,edu_isced11_4,2011,8.881
swe,sex_t,age_ythadult_y15_24,edu_isced11_4,2012,10.359
swe,sex_t,age_ythadult_y15_24,edu_isced11_4,2013,10.786
swe,sex_t,age_ythadult_y15_24,edu_isced11_4,2014,10.995
swe,sex_t,age_ythadult_y15_24,edu_isced11_4,2015,10.222
swe,sex_t,age_ythadult_y15_24,edu_isced11_4,2016,9.239
swe,sex_t,age_ythadult_y15_24,edu_isced11_4,2017,7.131
swe,sex_t,age_ythadult_y15_24,edu_isced11_4,2018,8.35
swe,sex_t,age_ythadult_y15_24,edu_isced11_4,2019,9.983
swe,sex_t,age_ythadult_y15_24,edu_isced11_4,2020,11.457
swe,sex_t,age_ythadult_y15_24,edu_isced11_4,2021,9.3
swe,sex_t,age_ythadult_y15_24,edu_isced11_4,2022,9.29
swe,sex_t,age_ythadult_y15_24,edu_isced11_4,2023,11.327
swe,sex_t,age_ythadult_y15_24,edu_isced11_5,2006,5.049
swe,sex_t,age_ythadult_y15_24,edu_isced11_5,2007,5.046
swe,sex_t,age_ythadult_y15_24,edu_isced11_5,2008,5.433
swe,sex_t,age_ythadult_y15_24,edu_isced11_5,2009,5.876
swe,sex_t,age_ythadult_y15_24,edu_isced11_5,2010,7.149
swe,sex_t,age_ythadult_y15_24,edu_isced11_5,2011,6.23
swe,sex_t,age_ythadult_y15_24,edu_isced11_5,2012,8.81
swe,sex_t,age_ythadult_y15_24,edu_isced11_5,2013,10.752
swe,sex_t,age_ythadult_y15_24,edu_isced11_5,2014,5.572
swe,sex_t,age_ythadult_y15_24,edu_isced11_5,2015,4.875
swe,sex_t,age_ythadult_y15_24,edu_isced11_5,2016,4.649
swe,sex_t,age_ythadult_y15_24,edu_isced11_5,2017,3.926
swe,sex_t,age_ythadult_y15_24,edu_isced11_5,2018,4.302
swe,sex_t,age_ythadult_y15_24,edu_isced11_5,2019,4.597
swe,sex_t,age_ythadult_y15_24,edu_isced11_5,2020,5.197
swe,sex_t,age_ythadult_y15_24,edu_isced11_5,2021,2.967
swe,sex_t,age_ythadult_y15_24,edu_isced11_5,2022,2.054
swe,sex_t,age_ythadult_y15_24,edu_isced11_5,2023,5.058
swe,sex_t,age_ythadult_y15_24,edu_isced11_6,2014,4.131
swe,sex_t,age_ythadult_y15_24,edu_isced11_6,2015,3.772
swe,sex_t,age_ythadult_y15_24,edu_isced11_6,2016,3.059
swe,sex_t,age_ythadult_y15_24,edu_isced11_6,2017,2.976
swe,sex_t,age_ythadult_y15_24,edu_isced11_6,2018,1.632
swe,sex_t,age_ythadult_y15_24,edu_isced11_6,2019,2.737
swe,sex_t,age_ythadult_y15_24,edu_isced11_6,2020,3.041
swe,sex_t,age_ythadult_y15_24,edu_isced11_6,2021,3.23
swe,sex_t,age_ythadult_y15_24,edu_isced11_6,2022,2.625
swe,sex_t,age_ythadult_y15_24,edu_isced11_6,2023,2.941
swe,sex_t,age_ythadult_y15_24,edu_isced11_7,2014,0.554
swe,sex_t,age_ythadult_y15_24,edu_isced11_7,2015,0.512
swe,sex_t,age_ythadult_y15_24,edu_isced11_7,2016,0.464
swe,sex_t,age_ythadult_y15_24,edu_isced11_7,2017,0.397
swe,sex_t,age_ythadult_y15_24,edu_isced11_7,2019,0.612
swe,sex_t,age_ythadult_y15_24,edu_isced11_7,2020,1.292
swe,sex_t,age_ythadult_y15_24,edu_isced11_9,2006,1.893
swe,sex_t,age_ythadult_y15_24,edu_isced11_9,2007,3.467
swe,sex_t,age_ythadult_y15_24,edu_isced11_9,2008,1.726
swe,sex_t,age_ythadult_y15_24,edu_isced11_9,2009,1.984
swe,sex_t,age_ythadult_y15_24,edu_isced11_9,2010,1.16
swe,sex_t,age_ythadult_y15_24,edu_isced11_9,2011,1.256
swe,sex_t,age_ythadult_y15_24,edu_isced11_9,2012,1.1
swe,sex_t,age_ythadult_y15_24,edu_isced11_9,2013,0.44
swe,sex_t,age_ythadult_y15_24,edu_isced11_9,2014,0.565
swe,sex_t,age_ythadult_y15_24,edu_isced11_9,2016,0.657
swe,sex_t,age_ythadult_y15_24,edu_isced11_9,2017,0.59
swe,sex_t,age_ythadult_y15_24,edu_isced11_9,2018,0.828
swe,sex_t,age_ythadult_y15_24,edu_isced11_9,2019,1.585
swe,sex_t,age_ythadult_y15_24,edu_isced11_9,2020,1.88
swe,sex_t,age_ythadult_y15_24,edu_isced11_9,2021,6.036
swe,sex_t,age_ythadult_y15_24,edu_isced11_9,2022,3.636
swe,sex_t,age_ythadult_y15_24,edu_isced11_9,2023,4.519
swe,sex_t,age_ythadult_y15_24,edu_isced11_total,2006,125.71
swe,sex_t,age_ythadult_y15_24,edu_isced11_total,2007,118.33
swe,sex_t,age_ythadult_y15_24,edu_isced11_total,2008,128.78
swe,sex_t,age_ythadult_y15_24,edu_isced11_total,2009,157.228
swe,sex_t,age_ythadult_y15_24,edu_isced11_total,2010,159.305
swe,sex_t,age_ythadult_y15_24,edu_isced11_total,2011,150.714
swe,sex_t,age_ythadult_y15_24,edu_isced11_total,2012,154.027
swe,sex_t,age_ythadult_y15_24,edu_isced11_total,2013,157.177
swe,sex_t,age_ythadult_y15_24,edu_isced11_total,2014,153.267
swe,sex_t,age_ythadult_y15_24,edu_isced11_total,2015,133.923
swe,sex_t,age_ythadult_y15_24,edu_isced11_total,2016,121.625
swe,sex_t,age_ythadult_y15_24,edu_isced11_total,2017,114.182
swe,sex_t,age_ythadult_y15_24,edu_isced11_total,2018,109.261
swe,sex_t,age_ythadult_y15_24,edu_isced11_total,2019,128.245
swe,sex_t,age_ythadult_y15_24,edu_isced11_total,2020,144.242
swe,sex_t,age_ythadult_y15_24,edu_isced11_total,2021,154.407
swe,sex_t,age_ythadult_y15_24,edu_isced11_total,2022,144.522
swe,sex_t,age_ythadult_y15_24,edu_isced11_total,2023,150.831
swe,sex_t,age_ythadult_y15_64,edu_aggregate_adv,1995,46.358
swe,sex_t,age_ythadult_y15_64,edu_aggregate_adv,1996,50.608
swe,sex_t,age_ythadult_y15_64,edu_aggregate_adv,1997,50.519
swe,sex_t,age_ythadult_y15_64,edu_aggregate_adv,1998,52.851
swe,sex_t,age_ythadult_y15_64,edu_aggregate_adv,1999,48.599
swe,sex_t,age_ythadult_y15_64,edu_aggregate_adv,2000,38.057
swe,sex_t,age_ythadult_y15_64,edu_aggregate_adv,2001,24.85
swe,sex_t,age_ythadult_y15_64,edu_aggregate_adv,2002,30.84
swe,sex_t,age_ythadult_y15_64,edu_aggregate_adv,2003,41.595
swe,sex_t,age_ythadult_y15_64,edu_aggregate_adv,2004,49.372
swe,sex_t,age_ythadult_y15_64,edu_aggregate_adv,2005,63.794
swe,sex_t,age_ythadult_y15_64,edu_aggregate_adv,2006,58.357
swe,sex_t,age_ythadult_y15_64,edu_aggregate_adv,2007,50.251
swe,sex_t,age_ythadult_y15_64,edu_aggregate_adv,2008,50.714
swe,sex_t,age_ythadult_y15_64,edu_aggregate_adv,2009,67.066
swe,sex_t,age_ythadult_y15_64,edu_aggregate_adv,2010,72.654
swe,sex_t,age_ythadult_y15_64,edu_aggregate_adv,2011,67.401
swe,sex_t,age_ythadult_y15_64,edu_aggregate_adv,2012,71.896
swe,sex_t,age_ythadult_y15_64,edu_aggregate_adv,2013,75.777
swe,sex_t,age_ythadult_y15_64,edu_aggregate_adv,2014,81.579
swe,sex_t,age_ythadult_y15_64,edu_aggregate_adv,2015,82.687
swe,sex_t,age_ythadult_y15_64,edu_aggregate_adv,2016,81.783
swe,sex_t,age_ythadult_y15_64,edu_aggregate_adv,2017,84.933
swe,sex_t,age_ythadult_y15_64,edu_aggregate_adv,2018,80.253
swe,sex_t,age_ythadult_y15_64,edu_aggregate_adv,2019,83.639
swe,sex_t,age_ythadult_y15_64,edu_aggregate_adv,2020,109.683
swe,sex_t,age_ythadult_y15_64,edu_aggregate_adv,2021,104.379
swe,sex_t,age_ythadult_y15_64,edu_aggregate_adv,2022,81.73
swe,sex_t,age_ythadult_y15_64,edu_aggregate_adv,2023,98.561
swe,sex_t,age_ythadult_y15_64,edu_aggregate_bas,1995,122.848
swe,sex_t,age_ythadult_y15_64,edu_aggregate_bas,1996,121.485
swe,sex_t,age_ythadult_y15_64,edu_aggregate_bas,1997,144.474
swe,sex_t,age_ythadult_y15_64,edu_aggregate_bas,1998,115.258
swe,sex_t,age_ythadult_y15_64,edu_aggregate_bas,1999,105.099
swe,sex_t,age_ythadult_y15_64,edu_aggregate_bas,2000,74.494
swe,sex_t,age_ythadult_y15_64,edu_aggregate_bas,2001,66.406
swe,sex_t,age_ythadult_y15_64,edu_aggregate_bas,2002,63.985
swe,sex_t,age_ythadult_y15_64,edu_aggregate_bas,2003,68.823
swe,sex_t,age_ythadult_y15_64,edu_aggregate_bas,2004,75.816
swe,sex_t,age_ythadult_y15_64,edu_aggregate_bas,2005,105.848
swe,sex_t,age_ythadult_y15_64,edu_aggregate_bas,2006,117.883
swe,sex_t,age_ythadult_y15_64,edu_aggregate_bas,2007,110.955
swe,sex_t,age_ythadult_y15_64,edu_aggregate_bas,2008,118.545
swe,sex_t,age_ythadult_y15_64,edu_aggregate_bas,2009,140.056
swe,sex_t,age_ythadult_y15_64,edu_aggregate_bas,2010,149.083
swe,sex_t,age_ythadult_y15_64,edu_aggregate_bas,2011,143.726
swe,sex_t,age_ythadult_y15_64,edu_aggregate_bas,2012,149.538
swe,sex_t,age_ythadult_y15_64,edu_aggregate_bas,2013,154.46
swe,sex_t,age_ythadult_y15_64,edu_aggregate_bas,2014,155.356
swe,sex_t,age_ythadult_y15_64,edu_aggregate_bas,2015,149.831
swe,sex_t,age_ythadult_y15_64,edu_aggregate_bas,2016,146.265
swe,sex_t,age_ythadult_y15_64,edu_aggregate_bas,2017,147.91
swe,sex_t,age_ythadult_y15_64,edu_aggregate_bas,2018,150.039
swe,sex_t,age_ythadult_y15_64,edu_aggregate_bas,2019,166.994
swe,sex_t,age_ythadult_y15_64,edu_aggregate_bas,2020,193.273
swe,sex_t,age_ythadult_y15_64,edu_aggregate_bas,2021,220.443
swe,sex_t,age_ythadult_y15_64,edu_aggregate_bas,2022,198.541
swe,sex_t,age_ythadult_y15_64,edu_aggregate_bas,2023,191.55
swe,sex_t,age_ythadult_y15_64,edu_aggregate_int,1995,226.116
swe,sex_t,age_ythadult_y15_64,edu_aggregate_int,1996,242.495
swe,sex_t,age_ythadult_y15_64,edu_aggregate_int,1997,249.457
swe,sex_t,age_ythadult_y15_64,edu_aggregate_int,1998,210.964
swe,sex_t,age_ythadult_y15_64,edu_aggregate_int,1999,175.858
swe,sex_t,age_ythadult_y15_64,edu_aggregate_int,2000,121.313
swe,sex_t,age_ythadult_y15_64,edu_aggregate_int,2001,111.346
swe,sex_t,age_ythadult_y15_64,edu_aggregate_int,2002,120.528
swe,sex_t,age_ythadult_y15_64,edu_aggregate_int,2003,134.285
swe,sex_t,age_ythadult_y15_64,edu_aggregate_int,2004,170.316
swe,sex_t,age_ythadult_y15_64,edu_aggregate_int,2005,182.507
swe,sex_t,age_ythadult_y15_64,edu_aggregate_int,2006,153.456
swe,sex_t,age_ythadult_y15_64,edu_aggregate_int,2007,129.889
swe,sex_t,age_ythadult_y15_64,edu_aggregate_int,2008,130.632
swe,sex_t,age_ythadult_y15_64,edu_aggregate_int,2009,195.525
swe,sex_t,age_ythadult_y15_64,edu_aggregate_int,2010,197.894
swe,sex_t,age_ythadult_y15_64,edu_aggregate_int,2011,173.753
swe,sex_t,age_ythadult_y15_64,edu_aggregate_int,2012,174.903
swe,sex_t,age_ythadult_y15_64,edu_aggregate_int,2013,175.805
swe,sex_t,age_ythadult_y15_64,edu_aggregate_int,2014,169.472
swe,sex_t,age_ythadult_y15_64,edu_aggregate_int,2015,149.716
swe,sex_t,age_ythadult_y15_64,edu_aggregate_int,2016,134.941
swe,sex_t,age_ythadult_y15_64,edu_aggregate_int,2017,121.534
swe,sex_t,age_ythadult_y15_64,edu_aggregate_int,2018,108.319
swe,sex_t,age_ythadult_y15_64,edu_aggregate_int,2019,117.13
swe,sex_t,age_ythadult_y15_64,edu_aggregate_int,2020,147.529
swe,sex_t,age_ythadult_y15_64,edu_aggregate_int,2021,151.98
swe,sex_t,age_ythadult_y15_64,edu_aggregate_int,2022,126.862
swe,sex_t,age_ythadult_y15_64,edu_aggregate_int,2023,132.577
swe,sex_t,age_ythadult_y15_64,edu_aggregate_total,1995,395.628
swe,sex_t,age_ythadult_y15_64,edu_aggregate_total,1996,419.997
swe,sex_t,age_ythadult_y15_64,edu_aggregate_total,1997,452.609
swe,sex_t,age_ythadult_y15_64,edu_aggregate_total,1998,386.648
swe,sex_t,age_ythadult_y15_64,edu_aggregate_total,1999,333.009
swe,sex_t,age_ythadult_y15_64,edu_aggregate_total,2000,237.556
swe,sex_t,age_ythadult_y15_64,edu_aggregate_total,2001,213.825
swe,sex_t,age_ythadult_y15_64,edu_aggregate_total,2002,226.734
swe,sex_t,age_ythadult_y15_64,edu_aggregate_total,2003,254.998
swe,sex_t,age_ythadult_y15_64,edu_aggregate_total,2004,308.046
swe,sex_t,age_ythadult_y15_64,edu_aggregate_total,2005,367.063
swe,sex_t,age_ythadult_y15_64,edu_aggregate_total,2006,335.03
swe,sex_t,age_ythadult_y15_64,edu_aggregate_total,2007,296.573
swe,sex_t,age_ythadult_y15_64,edu_aggregate_total,2008,303.309
swe,sex_t,age_ythadult_y15_64,edu_aggregate_total,2009,407.261
swe,sex_t,age_ythadult_y15_64,edu_aggregate_total,2010,423.618
swe,sex_t,age_ythadult_y15_64,edu_aggregate_total,2011,388.942
swe,sex_t,age_ythadult_y15_64,edu_aggregate_total,2012,399.651
swe,sex_t,age_ythadult_y15_64,edu_aggregate_total,2013,408.877
swe,sex_t,age_ythadult_y15_64,edu_aggregate_total,2014,407.334
swe,sex_t,age_ythadult_y15_64,edu_aggregate_total,2015,383.898
swe,sex_t,age_ythadult_y15_64,edu_aggregate_total,2016,364.598
swe,sex_t,age_ythadult_y15_64,edu_aggregate_total,2017,356.208
swe,sex_t,age_ythadult_y15_64,edu_aggregate_total,2018,341.209
swe,sex_t,age_ythadult_y15_64,edu_aggregate_total,2019,371.695
swe,sex_t,age_ythadult_y15_64,edu_aggregate_total,2020,453.848
swe,sex_t,age_ythadult_y15_64,edu_aggregate_total,2021,484.853
swe,sex_t,age_ythadult_y15_64,edu_aggregate_total,2022,412.522
swe,sex_t,age_ythadult_y15_64,edu_aggregate_total,2023,429.921
swe,sex_t,age_ythadult_y15_64,edu_aggregate_x,1996,5.409
swe,sex_t,age_ythadult_y15_64,edu_aggregate_x,1997,8.159
swe,sex_t,age_ythadult_y15_64,edu_aggregate_x,1999,3.454
swe,sex_t,age_ythadult_y15_64,edu_aggregate_x,2002,11.38
swe,sex_t,age_ythadult_y15_64,edu_aggregate_x,2003,10.295
swe,sex_t,age_ythadult_y15_64,edu_aggregate_x,2006,5.335
swe,sex_t,age_ythadult_y15_64,edu_aggregate_x,2007,5.478
swe,sex_t,age_ythadult_y15_64,edu_aggregate_x,2008,3.418
swe,sex_t,age_ythadult_y15_64,edu_aggregate_x,2009,4.614
swe,sex_t,age_ythadult_y15_64,edu_aggregate_x,2010,3.987
swe,sex_t,age_ythadult_y15_64,edu_aggregate_x,2011,4.061
swe,sex_t,age_ythadult_y15_64,edu_aggregate_x,2012,3.314
swe,sex_t,age_ythadult_y15_64,edu_aggregate_x,2013,2.835
swe,sex_t,age_ythadult_y15_64,edu_aggregate_x,2016,1.608
swe,sex_t,age_ythadult_y15_64,edu_aggregate_x,2017,1.831
swe,sex_t,age_ythadult_y15_64,edu_aggregate_x,2018,2.599
swe,sex_t,age_ythadult_y15_64,edu_aggregate_x,2019,3.932
swe,sex_t,age_ythadult_y15_64,edu_aggregate_x,2020,3.364
swe,sex_t,age_ythadult_y15_64,edu_aggregate_x,2021,8.05
swe,sex_t,age_ythadult_y15_64,edu_aggregate_x,2022,5.389
swe,sex_t,age_ythadult_y15_64,edu_aggregate_x,2023,7.233
swe,sex_t,age_ythadult_y15_64,edu_isced11_1,2006,21.209
swe,sex_t,age_ythadult_y15_64,edu_isced11_1,2007,18.493
swe,sex_t,age_ythadult_y15_64,edu_isced11_1,2008,26.309
swe,sex_t,age_ythadult_y15_64,edu_isced11_1,2009,26.114
swe,sex_t,age_ythadult_y15_64,edu_isced11_1,2010,28.339
swe,sex_t,age_ythadult_y15_64,edu_isced11_1,2011,28.555
swe,sex_t,age_ythadult_y15_64,edu_isced11_1,2012,29.286
swe,sex_t,age_ythadult_y15_64,edu_isced11_1,2013,31.252
swe,sex_t,age_ythadult_y15_64,edu_isced11_1,2014,36.339
swe,sex_t,age_ythadult_y15_64,edu_isced11_1,2015,39.428
swe,sex_t,age_ythadult_y15_64,edu_isced11_1,2016,42.039
swe,sex_t,age_ythadult_y15_64,edu_isced11_1,2017,41.542
swe,sex_t,age_ythadult_y15_64,edu_isced11_1,2018,45.795
swe,sex_t,age_ythadult_y15_64,edu_isced11_1,2019,45.371
swe,sex_t,age_ythadult_y15_64,edu_isced11_1,2020,54.51
swe,sex_t,age_ythadult_y15_64,edu_isced11_1,2021,68.297
swe,sex_t,age_ythadult_y15_64,edu_isced11_1,2022,65.414
swe,sex_t,age_ythadult_y15_64,edu_isced11_1,2023,55.275
swe,sex_t,age_ythadult_y15_64,edu_isced11_2,2006,96.673
swe,sex_t,age_ythadult_y15_64,edu_isced11_2,2007,92.462
swe,sex_t,age_ythadult_y15_64,edu_isced11_2,2008,92.236
swe,sex_t,age_ythadult_y15_64,edu_isced11_2,2009,113.942
swe,sex_t,age_ythadult_y15_64,edu_isced11_2,2010,120.744
swe,sex_t,age_ythadult_y15_64,edu_isced11_2,2011,115.171
swe,sex_t,age_ythadult_y15_64,edu_isced11_2,2012,120.252
swe,sex_t,age_ythadult_y15_64,edu_isced11_2,2013,123.208
swe,sex_t,age_ythadult_y15_64,edu_isced11_2,2014,119.017
swe,sex_t,age_ythadult_y15_64,edu_isced11_2,2015,110.402
swe,sex_t,age_ythadult_y15_64,edu_isced11_2,2016,104.227
swe,sex_t,age_ythadult_y15_64,edu_isced11_2,2017,106.368
swe,sex_t,age_ythadult_y15_64,edu_isced11_2,2018,104.245
swe,sex_t,age_ythadult_y15_64,edu_isced11_2,2019,121.623
swe,sex_t,age_ythadult_y15_64,edu_isced11_2,2020,138.763
swe,sex_t,age_ythadult_y15_64,edu_isced11_2,2021,152.146
swe,sex_t,age_ythadult_y15_64,edu_isced11_2,2022,133.128
swe,sex_t,age_ythadult_y15_64,edu_isced11_2,2023,136.275
swe,sex_t,age_ythadult_y15_64,edu_isced11_3,2006,134.608
swe,sex_t,age_ythadult_y15_64,edu_isced11_3,2007,111.179
swe,sex_t,age_ythadult_y15_64,edu_isced11_3,2008,111.644
swe,sex_t,age_ythadult_y15_64,edu_isced11_3,2009,172.167
swe,sex_t,age_ythadult_y15_64,edu_isced11_3,2010,172.17
swe,sex_t,age_ythadult_y15_64,edu_isced11_3,2011,148.346
swe,sex_t,age_ythadult_y15_64,edu_isced11_3,2012,145.105
swe,sex_t,age_ythadult_y15_64,edu_isced11_3,2013,146.644
swe,sex_t,age_ythadult_y15_64,edu_isced11_3,2014,139.558
swe,sex_t,age_ythadult_y15_64,edu_isced11_3,2015,123.136
swe,sex_t,age_ythadult_y15_64,edu_isced11_3,2016,108.54
swe,sex_t,age_ythadult_y15_64,edu_isced11_3,2017,97.915
swe,sex_t,age_ythadult_y15_64,edu_isced11_3,2018,84.935
swe,sex_t,age_ythadult_y15_64,edu_isced11_3,2019,89.425
swe,sex_t,age_ythadult_y15_64,edu_isced11_3,2020,115.32
swe,sex_t,age_ythadult_y15_64,edu_isced11_3,2021,118.541
swe,sex_t,age_ythadult_y15_64,edu_isced11_3,2022,99.943
swe,sex_t,age_ythadult_y15_64,edu_isced11_3,2023,96.859
swe,sex_t,age_ythadult_y15_64,edu_isced11_4,2006,18.847
swe,sex_t,age_ythadult_y15_64,edu_isced11_4,2007,18.71
swe,sex_t,age_ythadult_y15_64,edu_isced11_4,2008,18.988
swe,sex_t,age_ythadult_y15_64,edu_isced11_4,2009,23.357
swe,sex_t,age_ythadult_y15_64,edu_isced11_4,2010,25.724
swe,sex_t,age_ythadult_y15_64,edu_isced11_4,2011,25.407
swe,sex_t,age_ythadult_y15_64,edu_isced11_4,2012,29.798
swe,sex_t,age_ythadult_y15_64,edu_isced11_4,2013,29.161
swe,sex_t,age_ythadult_y15_64,edu_isced11_4,2014,29.914
swe,sex_t,age_ythadult_y15_64,edu_isced11_4,2015,26.58
swe,sex_t,age_ythadult_y15_64,edu_isced11_4,2016,26.4
swe,sex_t,age_ythadult_y15_64,edu_isced11_4,2017,23.62
swe,sex_t,age_ythadult_y15_64,edu_isced11_4,2018,23.384
swe,sex_t,age_ythadult_y15_64,edu_isced11_4,2019,27.705
swe,sex_t,age_ythadult_y15_64,edu_isced11_4,2020,32.209
swe,sex_t,age_ythadult_y15_64,edu_isced11_4,2021,33.438
swe,sex_t,age_ythadult_y15_64,edu_isced11_4,2022,26.919
swe,sex_t,age_ythadult_y15_64,edu_isced11_4,2023,35.718
swe,sex_t,age_ythadult_y15_64,edu_isced11_5,2006,58.357
swe,sex_t,age_ythadult_y15_64,edu_isced11_5,2007,50.251
swe,sex_t,age_ythadult_y15_64,edu_isced11_5,2008,50.714
swe,sex_t,age_ythadult_y15_64,edu_isced11_5,2009,67.066
swe,sex_t,age_ythadult_y15_64,edu_isced11_5,2010,72.654
swe,sex_t,age_ythadult_y15_64,edu_isced11_5,2011,67.401
swe,sex_t,age_ythadult_y15_64,edu_isced11_5,2012,71.896
swe,sex_t,age_ythadult_y15_64,edu_isced11_5,2013,75.777
swe,sex_t,age_ythadult_y15_64,edu_isced11_5,2014,29.666
swe,sex_t,age_ythadult_y15_64,edu_isced11_5,2015,30.742
swe,sex_t,age_ythadult_y15_64,edu_isced11_5,2016,29.814
swe,sex_t,age_ythadult_y15_64,edu_isced11_5,2017,29.437
swe,sex_t,age_ythadult_y15_64,edu_isced11_5,2018,27.835
swe,sex_t,age_ythadult_y15_64,edu_isced11_5,2019,31.628
swe,sex_t,age_ythadult_y15_64,edu_isced11_5,2020,39.693
swe,sex_t,age_ythadult_y15_64,edu_isced11_5,2021,38.381
swe,sex_t,age_ythadult_y15_64,edu_isced11_5,2022,24.518
swe,sex_t,age_ythadult_y15_64,edu_isced11_5,2023,32.3
swe,sex_t,age_ythadult_y15_64,edu_isced11_6,2014,31.097
swe,sex_t,age_ythadult_y15_64,edu_isced11_6,2015,31.172
swe,sex_t,age_ythadult_y15_64,edu_isced11_6,2016,29.205
swe,sex_t,age_ythadult_y15_64,edu_isced11_6,2017,31.34
swe,sex_t,age_ythadult_y15_64,edu_isced11_6,2018,28.967
swe,sex_t,age_ythadult_y15_64,edu_isced11_6,2019,30.451
swe,sex_t,age_ythadult_y15_64,edu_isced11_6,2020,43.213
swe,sex_t,age_ythadult_y15_64,edu_isced11_6,2021,42.544
swe,sex_t,age_ythadult_y15_64,edu_isced11_6,2022,36.672
swe,sex_t,age_ythadult_y15_64,edu_isced11_6,2023,40.122
swe,sex_t,age_ythadult_y15_64,edu_isced11_7,2014,19.152
swe,sex_t,age_ythadult_y15_64,edu_isced11_7,2015,18.626
swe,sex_t,age_ythadult_y15_64,edu_isced11_7,2016,20.695
swe,sex_t,age_ythadult_y15_64,edu_isced11_7,2017,21.21
swe,sex_t,age_ythadult_y15_64,edu_isced11_7,2018,20.506
swe,sex_t,age_ythadult_y15_64,edu_isced11_7,2019,17.804
swe,sex_t,age_ythadult_y15_64,edu_isced11_7,2020,21.806
swe,sex_t,age_ythadult_y15_64,edu_isced11_7,2022,18.819
swe,sex_t,age_ythadult_y15_64,edu_isced11_7,2023,23.383
swe,sex_t,age_ythadult_y15_64,edu_isced11_9,2006,5.335
swe,sex_t,age_ythadult_y15_64,edu_isced11_9,2007,5.478
swe,sex_t,age_ythadult_y15_64,edu_isced11_9,2008,3.418
swe,sex_t,age_ythadult_y15_64,edu_isced11_9,2009,4.614
swe,sex_t,age_ythadult_y15_64,edu_isced11_9,2010,3.987
swe,sex_t,age_ythadult_y15_64,edu_isced11_9,2011,4.061
swe,sex_t,age_ythadult_y15_64,edu_isced11_9,2012,3.314
swe,sex_t,age_ythadult_y15_64,edu_isced11_9,2013,2.835
swe,sex_t,age_ythadult_y15_64,edu_isced11_9,2016,1.608
swe,sex_t,age_ythadult_y15_64,edu_isced11_9,2017,1.831
swe,sex_t,age_ythadult_y15_64,edu_isced11_9,2018,2.599
swe,sex_t,age_ythadult_y15_64,edu_isced11_9,2019,3.932
swe,sex_t,age_ythadult_y15_64,edu_isced11_9,2020,3.364
swe,sex_t,age_ythadult_y15_64,edu_isced11_9,2021,8.05
swe,sex_t,age_ythadult_y15_64,edu_isced11_9,2022,5.389
swe,sex_t,age_ythadult_y15_64,edu_isced11_9,2023,7.233
swe,sex_t,age_ythadult_y15_64,edu_isced11_total,2006,335.03
swe,sex_t,age_ythadult_y15_64,edu_isced11_total,2007,296.573
swe,sex_t,age_ythadult_y15_64,edu_isced11_total,2008,303.309
swe,sex_t,age_ythadult_y15_64,edu_isced11_total,2009,407.261
swe,sex_t,age_ythadult_y15_64,edu_isced11_total,2010,423.618
swe,sex_t,age_ythadult_y15_64,edu_isced11_total,2011,388.942
swe,sex_t,age_ythadult_y15_64,edu_isced11_total,2012,399.651
swe,sex_t,age_ythadult_y15_64,edu_isced11_total,2013,408.877
swe,sex_t,age_ythadult_y15_64,edu_isced11_total,2014,407.334
swe,sex_t,age_ythadult_y15_64,edu_isced11_total,2015,383.898
swe,sex_t,age_ythadult_y15_64,edu_isced11_total,2016,364.598
swe,sex_t,age_ythadult_y15_64,edu_isced11_total,2017,356.208
swe,sex_t,age_ythadult_y15_64,edu_isced11_total,2018,341.209
swe,sex_t,age_ythadult_y15_64,edu_isced11_total,2019,371.695
swe,sex_t,age_ythadult_y15_64,edu_isced11_total,2020,453.848
swe,sex_t,age_ythadult_y15_64,edu_isced11_total,2021,484.853
swe,sex_t,age_ythadult_y15_64,edu_isced11_total,2022,412.522
swe,sex_t,age_ythadult_y15_64,edu_isced11_total,2023,429.921
swe,sex_t,age_ythadult_yge15,edu_aggregate_adv,1987,11
swe,sex_t,age_ythadult_yge15,edu_aggregate_adv,1988,10
swe,sex_t,age_ythadult_yge15,edu_aggregate_adv,1989,10
swe,sex_t,age_ythadult_yge15,edu_aggregate_adv,1990,10
swe,sex_t,age_ythadult_yge15,edu_aggregate_adv,1991,16
swe,sex_t,age_ythadult_yge15,edu_aggregate_adv,1992,32
swe,sex_t,age_ythadult_yge15,edu_aggregate_adv,1993,46
swe,sex_t,age_ythadult_yge15,edu_aggregate_adv,1994,44
swe,sex_t,age_ythadult_yge15,edu_aggregate_adv,1995,46.358
swe,sex_t,age_ythadult_yge15,edu_aggregate_adv,1996,50.608
swe,sex_t,age_ythadult_yge15,edu_aggregate_adv,1997,50.519
swe,sex_t,age_ythadult_yge15,edu_aggregate_adv,1998,53.636
swe,sex_t,age_ythadult_yge15,edu_aggregate_adv,1999,48.599
swe,sex_t,age_ythadult_yge15,edu_aggregate_adv,2000,38.057
swe,sex_t,age_ythadult_yge15,edu_aggregate_adv,2001,25.663
swe,sex_t,age_ythadult_yge15,edu_aggregate_adv,2002,30.84
swe,sex_t,age_ythadult_yge15,edu_aggregate_adv,2003,42.229
swe,sex_t,age_ythadult_yge15,edu_aggregate_adv,2004,49.598
swe,sex_t,age_ythadult_yge15,edu_aggregate_adv,2005,63.975
swe,sex_t,age_ythadult_yge15,edu_aggregate_adv,2006,59.187
swe,sex_t,age_ythadult_yge15,edu_aggregate_adv,2007,51.124
swe,sex_t,age_ythadult_yge15,edu_aggregate_adv,2008,51.219
swe,sex_t,age_ythadult_yge15,edu_aggregate_adv,2009,68.052
swe,sex_t,age_ythadult_yge15,edu_aggregate_adv,2010,73.463
swe,sex_t,age_ythadult_yge15,edu_aggregate_adv,2011,68.253
swe,sex_t,age_ythadult_yge15,edu_aggregate_adv,2012,72.918
swe,sex_t,age_ythadult_yge15,edu_aggregate_adv,2013,76.968
swe,sex_t,age_ythadult_yge15,edu_aggregate_adv,2014,83.403
swe,sex_t,age_ythadult_yge15,edu_aggregate_adv,2015,84.524
swe,sex_t,age_ythadult_yge15,edu_aggregate_adv,2016,83.907
swe,sex_t,age_ythadult_yge15,edu_aggregate_adv,2017,87.088
swe,sex_t,age_ythadult_yge15,edu_aggregate_adv,2018,82.672
swe,sex_t,age_ythadult_yge15,edu_aggregate_adv,2019,85.72
swe,sex_t,age_ythadult_yge15,edu_aggregate_adv,2020,111.425
swe,sex_t,age_ythadult_yge15,edu_aggregate_adv,2021,106.873
swe,sex_t,age_ythadult_yge15,edu_aggregate_adv,2022,86.683
swe,sex_t,age_ythadult_yge15,edu_aggregate_adv,2023,103.438
swe,sex_t,age_ythadult_yge15,edu_aggregate_bas,1987,38
swe,sex_t,age_ythadult_yge15,edu_aggregate_bas,1988,31
swe,sex_t,age_ythadult_yge15,edu_aggregate_bas,1989,26
swe,sex_t,age_ythadult_yge15,edu_aggregate_bas,1990,31
swe,sex_t,age_ythadult_yge15,edu_aggregate_bas,1991,48
swe,sex_t,age_ythadult_yge15,edu_aggregate_bas,1992,75
swe,sex_t,age_ythadult_yge15,edu_aggregate_bas,1993,111
swe,sex_t,age_ythadult_yge15,edu_aggregate_bas,1994,108
swe,sex_t,age_ythadult_yge15,edu_aggregate_bas,1995,122.848
swe,sex_t,age_ythadult_yge15,edu_aggregate_bas,1996,121.485
swe,sex_t,age_ythadult_yge15,edu_aggregate_bas,1997,144.474
swe,sex_t,age_ythadult_yge15,edu_aggregate_bas,1998,115.258
swe,sex_t,age_ythadult_yge15,edu_aggregate_bas,1999,105.868
swe,sex_t,age_ythadult_yge15,edu_aggregate_bas,2000,74.494
swe,sex_t,age_ythadult_yge15,edu_aggregate_bas,2001,67.221
swe,sex_t,age_ythadult_yge15,edu_aggregate_bas,2002,63.985
swe,sex_t,age_ythadult_yge15,edu_aggregate_bas,2003,68.823
swe,sex_t,age_ythadult_yge15,edu_aggregate_bas,2004,76.269
swe,sex_t,age_ythadult_yge15,edu_aggregate_bas,2005,106.599
swe,sex_t,age_ythadult_yge15,edu_aggregate_bas,2006,118.532
swe,sex_t,age_ythadult_yge15,edu_aggregate_bas,2007,111.139
swe,sex_t,age_ythadult_yge15,edu_aggregate_bas,2008,118.699
swe,sex_t,age_ythadult_yge15,edu_aggregate_bas,2009,140.454
swe,sex_t,age_ythadult_yge15,edu_aggregate_bas,2010,149.568
swe,sex_t,age_ythadult_yge15,edu_aggregate_bas,2011,144.307
swe,sex_t,age_ythadult_yge15,edu_aggregate_bas,2012,150.807
swe,sex_t,age_ythadult_yge15,edu_aggregate_bas,2013,155.295
swe,sex_t,age_ythadult_yge15,edu_aggregate_bas,2014,156.518
swe,sex_t,age_ythadult_yge15,edu_aggregate_bas,2015,150.982
swe,sex_t,age_ythadult_yge15,edu_aggregate_bas,2016,147.13
swe,sex_t,age_ythadult_yge15,edu_aggregate_bas,2017,148.922
swe,sex_t,age_ythadult_yge15,edu_aggregate_bas,2018,150.988
swe,sex_t,age_ythadult_yge15,edu_aggregate_bas,2019,167.822
swe,sex_t,age_ythadult_yge15,edu_aggregate_bas,2020,193.885
swe,sex_t,age_ythadult_yge15,edu_aggregate_bas,2021,221.807
swe,sex_t,age_ythadult_yge15,edu_aggregate_bas,2022,199.385
swe,sex_t,age_ythadult_yge15,edu_aggregate_bas,2023,192.73
swe,sex_t,age_ythadult_yge15,edu_aggregate_int,1987,45
swe,sex_t,age_ythadult_yge15,edu_aggregate_int,1988,36
swe,sex_t,age_ythadult_yge15,edu_aggregate_int,1989,32
swe,sex_t,age_ythadult_yge15,edu_aggregate_int,1990,35
swe,sex_t,age_ythadult_yge15,edu_aggregate_int,1991,70
swe,sex_t,age_ythadult_yge15,edu_aggregate_int,1992,126
swe,sex_t,age_ythadult_yge15,edu_aggregate_int,1993,198
swe,sex_t,age_ythadult_yge15,edu_aggregate_int,1994,189
swe,sex_t,age_ythadult_yge15,edu_aggregate_int,1995,226.116
swe,sex_t,age_ythadult_yge15,edu_aggregate_int,1996,242.495
swe,sex_t,age_ythadult_yge15,edu_aggregate_int,1997,249.457
swe,sex_t,age_ythadult_yge15,edu_aggregate_int,1998,210.964
swe,sex_t,age_ythadult_yge15,edu_aggregate_int,1999,175.858
swe,sex_t,age_ythadult_yge15,edu_aggregate_int,2000,122.282
swe,sex_t,age_ythadult_yge15,edu_aggregate_int,2001,111.346
swe,sex_t,age_ythadult_yge15,edu_aggregate_int,2002,120.949
swe,sex_t,age_ythadult_yge15,edu_aggregate_int,2003,134.6
swe,sex_t,age_ythadult_yge15,edu_aggregate_int,2004,170.549
swe,sex_t,age_ythadult_yge15,edu_aggregate_int,2005,182.762
swe,sex_t,age_ythadult_yge15,edu_aggregate_int,2006,153.72
swe,sex_t,age_ythadult_yge15,edu_aggregate_int,2007,130.371
swe,sex_t,age_ythadult_yge15,edu_aggregate_int,2008,132.006
swe,sex_t,age_ythadult_yge15,edu_aggregate_int,2009,196.821
swe,sex_t,age_ythadult_yge15,edu_aggregate_int,2010,199.031
swe,sex_t,age_ythadult_yge15,edu_aggregate_int,2011,174.745
swe,sex_t,age_ythadult_yge15,edu_aggregate_int,2012,176.302
swe,sex_t,age_ythadult_yge15,edu_aggregate_int,2013,176.725
swe,sex_t,age_ythadult_yge15,edu_aggregate_int,2014,171.502
swe,sex_t,age_ythadult_yge15,edu_aggregate_int,2015,151.046
swe,sex_t,age_ythadult_yge15,edu_aggregate_int,2016,136.349
swe,sex_t,age_ythadult_yge15,edu_aggregate_int,2017,123.827
swe,sex_t,age_ythadult_yge15,edu_aggregate_int,2018,110.232
swe,sex_t,age_ythadult_yge15,edu_aggregate_int,2019,118.856
swe,sex_t,age_ythadult_yge15,edu_aggregate_int,2020,149.16
swe,sex_t,age_ythadult_yge15,edu_aggregate_int,2021,156.039
swe,sex_t,age_ythadult_yge15,edu_aggregate_int,2022,129.689
swe,sex_t,age_ythadult_yge15,edu_aggregate_int,2023,136.164
swe,sex_t,age_ythadult_yge15,edu_aggregate_total,1987,94
swe,sex_t,age_ythadult_yge15,edu_aggregate_total,1988,77
swe,sex_t,age_ythadult_yge15,edu_aggregate_total,1989,66
swe,sex_t,age_ythadult_yge15,edu_aggregate_total,1990,75
swe,sex_t,age_ythadult_yge15,edu_aggregate_total,1991,134
swe,sex_t,age_ythadult_yge15,edu_aggregate_total,1992,233
swe,sex_t,age_ythadult_yge15,edu_aggregate_total,1993,356
swe,sex_t,age_ythadult_yge15,edu_aggregate_total,1994,340
swe,sex_t,age_ythadult_yge15,edu_aggregate_total,1995,395.628
swe,sex_t,age_ythadult_yge15,edu_aggregate_total,1996,420.902
swe,sex_t,age_ythadult_yge15,edu_aggregate_total,1997,452.609
swe,sex_t,age_ythadult_yge15,edu_aggregate_total,1998,387.434
swe,sex_t,age_ythadult_yge15,edu_aggregate_total,1999,333.778
swe,sex_t,age_ythadult_yge15,edu_aggregate_total,2000,238.525
swe,sex_t,age_ythadult_yge15,edu_aggregate_total,2001,215.454
swe,sex_t,age_ythadult_yge15,edu_aggregate_total,2002,227.154
swe,sex_t,age_ythadult_yge15,edu_aggregate_total,2003,255.946
swe,sex_t,age_ythadult_yge15,edu_aggregate_total,2004,309.218
swe,sex_t,age_ythadult_yge15,edu_aggregate_total,2005,368.249
swe,sex_t,age_ythadult_yge15,edu_aggregate_total,2006,336.773
swe,sex_t,age_ythadult_yge15,edu_aggregate_total,2007,298.112
swe,sex_t,age_ythadult_yge15,edu_aggregate_total,2008,305.401
swe,sex_t,age_ythadult_yge15,edu_aggregate_total,2009,409.972
swe,sex_t,age_ythadult_yge15,edu_aggregate_total,2010,426.167
swe,sex_t,age_ythadult_yge15,edu_aggregate_total,2011,391.568
swe,sex_t,age_ythadult_yge15,edu_aggregate_total,2012,403.627
swe,sex_t,age_ythadult_yge15,edu_aggregate_total,2013,411.986
swe,sex_t,age_ythadult_yge15,edu_aggregate_total,2014,412.35
swe,sex_t,age_ythadult_yge15,edu_aggregate_total,2015,388.311
swe,sex_t,age_ythadult_yge15,edu_aggregate_total,2016,368.994
swe,sex_t,age_ythadult_yge15,edu_aggregate_total,2017,361.669
swe,sex_t,age_ythadult_yge15,edu_aggregate_total,2018,346.49
swe,sex_t,age_ythadult_yge15,edu_aggregate_total,2019,376.33
swe,sex_t,age_ythadult_yge15,edu_aggregate_total,2020,457.834
swe,sex_t,age_ythadult_yge15,edu_aggregate_total,2021,492.769
swe,sex_t,age_ythadult_yge15,edu_aggregate_total,2022,421.146
swe,sex_t,age_ythadult_yge15,edu_aggregate_total,2023,439.564
swe,sex_t,age_ythadult_yge15,edu_aggregate_x,1996,6.313
swe,sex_t,age_ythadult_yge15,edu_aggregate_x,1997,8.159
swe,sex_t,age_ythadult_yge15,edu_aggregate_x,1998,7.576
swe,sex_t,age_ythadult_yge15,edu_aggregate_x,1999,3.454
swe,sex_t,age_ythadult_yge15,edu_aggregate_x,2000,3.692
swe,sex_t,age_ythadult_yge15,edu_aggregate_x,2001,11.224
swe,sex_t,age_ythadult_yge15,edu_aggregate_x,2002,11.38
swe,sex_t,age_ythadult_yge15,edu_aggregate_x,2003,10.295
swe,sex_t,age_ythadult_yge15,edu_aggregate_x,2004,12.802
swe,sex_t,age_ythadult_yge15,edu_aggregate_x,2005,14.913
swe,sex_t,age_ythadult_yge15,edu_aggregate_x,2006,5.335
swe,sex_t,age_ythadult_yge15,edu_aggregate_x,2007,5.478
swe,sex_t,age_ythadult_yge15,edu_aggregate_x,2008,3.477
swe,sex_t,age_ythadult_yge15,edu_aggregate_x,2009,4.645
swe,sex_t,age_ythadult_yge15,edu_aggregate_x,2010,4.105
swe,sex_t,age_ythadult_yge15,edu_aggregate_x,2011,4.263
swe,sex_t,age_ythadult_yge15,edu_aggregate_x,2012,3.6
swe,sex_t,age_ythadult_yge15,edu_aggregate_x,2013,2.997
swe,sex_t,age_ythadult_yge15,edu_aggregate_x,2014,0.926
swe,sex_t,age_ythadult_yge15,edu_aggregate_x,2015,1.76
swe,sex_t,age_ythadult_yge15,edu_aggregate_x,2016,1.608
swe,sex_t,age_ythadult_yge15,edu_aggregate_x,2017,1.831
swe,sex_t,age_ythadult_yge15,edu_aggregate_x,2018,2.599
swe,sex_t,age_ythadult_yge15,edu_aggregate_x,2019,3.932
swe,sex_t,age_ythadult_yge15,edu_aggregate_x,2020,3.364
swe,sex_t,age_ythadult_yge15,edu_aggregate_x,2021,8.05
swe,sex_t,age_ythadult_yge15,edu_aggregate_x,2022,5.389
swe,sex_t,age_ythadult_yge15,edu_aggregate_x,2023,7.233
swe,sex_t,age_ythadult_yge15,edu_isced11_1,2006,21.305
swe,sex_t,age_ythadult_yge15,edu_isced11_1,2007,18.645
swe,sex_t,age_ythadult_yge15,edu_isced11_1,2008,26.44
swe,sex_t,age_ythadult_yge15,edu_isced11_1,2009,26.427
swe,sex_t,age_ythadult_yge15,edu_isced11_1,2010,28.559
swe,sex_t,age_ythadult_yge15,edu_isced11_1,2011,28.879
swe,sex_t,age_ythadult_yge15,edu_isced11_1,2012,29.552
swe,sex_t,age_ythadult_yge15,edu_isced11_1,2013,31.718
swe,sex_t,age_ythadult_yge15,edu_isced11_1,2014,36.749
swe,sex_t,age_ythadult_yge15,edu_isced11_1,2015,39.871
swe,sex_t,age_ythadult_yge15,edu_isced11_1,2016,42.446
swe,sex_t,age_ythadult_yge15,edu_isced11_1,2017,41.697
swe,sex_t,age_ythadult_yge15,edu_isced11_1,2018,46.221
swe,sex_t,age_ythadult_yge15,edu_isced11_1,2019,45.77
swe,sex_t,age_ythadult_yge15,edu_isced11_1,2020,54.712
swe,sex_t,age_ythadult_yge15,edu_isced11_1,2021,68.404
swe,sex_t,age_ythadult_yge15,edu_isced11_1,2022,65.838
swe,sex_t,age_ythadult_yge15,edu_isced11_1,2023,55.275
swe,sex_t,age_ythadult_yge15,edu_isced11_2,2006,97.227
swe,sex_t,age_ythadult_yge15,edu_isced11_2,2007,92.494
swe,sex_t,age_ythadult_yge15,edu_isced11_2,2008,92.259
swe,sex_t,age_ythadult_yge15,edu_isced11_2,2009,114.026
swe,sex_t,age_ythadult_yge15,edu_isced11_2,2010,121.008
swe,sex_t,age_ythadult_yge15,edu_isced11_2,2011,115.428
swe,sex_t,age_ythadult_yge15,edu_isced11_2,2012,121.255
swe,sex_t,age_ythadult_yge15,edu_isced11_2,2013,123.578
swe,sex_t,age_ythadult_yge15,edu_isced11_2,2014,119.769
swe,sex_t,age_ythadult_yge15,edu_isced11_2,2015,111.111
swe,sex_t,age_ythadult_yge15,edu_isced11_2,2016,104.683
swe,sex_t,age_ythadult_yge15,edu_isced11_2,2017,107.225
swe,sex_t,age_ythadult_yge15,edu_isced11_2,2018,104.766
swe,sex_t,age_ythadult_yge15,edu_isced11_2,2019,122.052
swe,sex_t,age_ythadult_yge15,edu_isced11_2,2020,139.173
swe,sex_t,age_ythadult_yge15,edu_isced11_2,2021,153.403
swe,sex_t,age_ythadult_yge15,edu_isced11_2,2022,133.547
swe,sex_t,age_ythadult_yge15,edu_isced11_2,2023,137.455
swe,sex_t,age_ythadult_yge15,edu_isced11_3,2006,134.872
swe,sex_t,age_ythadult_yge15,edu_isced11_3,2007,111.661
swe,sex_t,age_ythadult_yge15,edu_isced11_3,2008,113.018
swe,sex_t,age_ythadult_yge15,edu_isced11_3,2009,173.198
swe,sex_t,age_ythadult_yge15,edu_isced11_3,2010,173.109
swe,sex_t,age_ythadult_yge15,edu_isced11_3,2011,149.255
swe,sex_t,age_ythadult_yge15,edu_isced11_3,2012,146.411
swe,sex_t,age_ythadult_yge15,edu_isced11_3,2013,147.49
swe,sex_t,age_ythadult_yge15,edu_isced11_3,2014,141.337
swe,sex_t,age_ythadult_yge15,edu_isced11_3,2015,124.281
swe,sex_t,age_ythadult_yge15,edu_isced11_3,2016,109.868
swe,sex_t,age_ythadult_yge15,edu_isced11_3,2017,100.136
swe,sex_t,age_ythadult_yge15,edu_isced11_3,2018,86.734
swe,sex_t,age_ythadult_yge15,edu_isced11_3,2019,90.994
swe,sex_t,age_ythadult_yge15,edu_isced11_3,2020,116.826
swe,sex_t,age_ythadult_yge15,edu_isced11_3,2021,122.417
swe,sex_t,age_ythadult_yge15,edu_isced11_3,2022,102.77
swe,sex_t,age_ythadult_yge15,edu_isced11_3,2023,100.224
swe,sex_t,age_ythadult_yge15,edu_isced11_4,2006,18.847
swe,sex_t,age_ythadult_yge15,edu_isced11_4,2007,18.71
swe,sex_t,age_ythadult_yge15,edu_isced11_4,2008,18.988
swe,sex_t,age_ythadult_yge15,edu_isced11_4,2009,23.624
swe,sex_t,age_ythadult_yge15,edu_isced11_4,2010,25.922
swe,sex_t,age_ythadult_yge15,edu_isced11_4,2011,25.49
swe,sex_t,age_ythadult_yge15,edu_isced11_4,2012,29.89
swe,sex_t,age_ythadult_yge15,edu_isced11_4,2013,29.234
swe,sex_t,age_ythadult_yge15,edu_isced11_4,2014,30.165
swe,sex_t,age_ythadult_yge15,edu_isced11_4,2015,26.765
swe,sex_t,age_ythadult_yge15,edu_isced11_4,2016,26.482
swe,sex_t,age_ythadult_yge15,edu_isced11_4,2017,23.692
swe,sex_t,age_ythadult_yge15,edu_isced11_4,2018,23.497
swe,sex_t,age_ythadult_yge15,edu_isced11_4,2019,27.862
swe,sex_t,age_ythadult_yge15,edu_isced11_4,2020,32.334
swe,sex_t,age_ythadult_yge15,edu_isced11_4,2021,33.623
swe,sex_t,age_ythadult_yge15,edu_isced11_4,2022,26.919
swe,sex_t,age_ythadult_yge15,edu_isced11_4,2023,35.94
swe,sex_t,age_ythadult_yge15,edu_isced11_5,2006,59.187
swe,sex_t,age_ythadult_yge15,edu_isced11_5,2007,51.124
swe,sex_t,age_ythadult_yge15,edu_isced11_5,2008,51.219
swe,sex_t,age_ythadult_yge15,edu_isced11_5,2009,68.052
swe,sex_t,age_ythadult_yge15,edu_isced11_5,2010,73.463
swe,sex_t,age_ythadult_yge15,edu_isced11_5,2011,68.253
swe,sex_t,age_ythadult_yge15,edu_isced11_5,2012,72.918
swe,sex_t,age_ythadult_yge15,edu_isced11_5,2013,76.968
swe,sex_t,age_ythadult_yge15,edu_isced11_5,2014,30.043
swe,sex_t,age_ythadult_yge15,edu_isced11_5,2015,31.136
swe,sex_t,age_ythadult_yge15,edu_isced11_5,2016,30.023
swe,sex_t,age_ythadult_yge15,edu_isced11_5,2017,29.856
swe,sex_t,age_ythadult_yge15,edu_isced11_5,2018,28.249
swe,sex_t,age_ythadult_yge15,edu_isced11_5,2019,32.111
swe,sex_t,age_ythadult_yge15,edu_isced11_5,2020,40.174
swe,sex_t,age_ythadult_yge15,edu_isced11_5,2021,38.984
swe,sex_t,age_ythadult_yge15,edu_isced11_5,2022,26.749
swe,sex_t,age_ythadult_yge15,edu_isced11_5,2023,34.01
swe,sex_t,age_ythadult_yge15,edu_isced11_6,2014,31.589
swe,sex_t,age_ythadult_yge15,edu_isced11_6,2015,31.685
swe,sex_t,age_ythadult_yge15,edu_isced11_6,2016,30.36
swe,sex_t,age_ythadult_yge15,edu_isced11_6,2017,32.572
swe,sex_t,age_ythadult_yge15,edu_isced11_6,2018,29.786
swe,sex_t,age_ythadult_yge15,edu_isced11_6,2019,31.397
swe,sex_t,age_ythadult_yge15,edu_isced11_6,2020,44.154
swe,sex_t,age_ythadult_yge15,edu_isced11_6,2021,43.378
swe,sex_t,age_ythadult_yge15,edu_isced11_6,2022,37.682
swe,sex_t,age_ythadult_yge15,edu_isced11_6,2023,41.361
swe,sex_t,age_ythadult_yge15,edu_isced11_7,2014,19.869
swe,sex_t,age_ythadult_yge15,edu_isced11_7,2015,19.435
swe,sex_t,age_ythadult_yge15,edu_isced11_7,2016,21.367
swe,sex_t,age_ythadult_yge15,edu_isced11_7,2017,21.559
swe,sex_t,age_ythadult_yge15,edu_isced11_7,2018,21.446
swe,sex_t,age_ythadult_yge15,edu_isced11_7,2019,18.455
swe,sex_t,age_ythadult_yge15,edu_isced11_7,2020,22.126
swe,sex_t,age_ythadult_yge15,edu_isced11_7,2021,22.398
swe,sex_t,age_ythadult_yge15,edu_isced11_7,2022,20.414
swe,sex_t,age_ythadult_yge15,edu_isced11_7,2023,25.099
swe,sex_t,age_ythadult_yge15,edu_isced11_8,2014,1.902
swe,sex_t,age_ythadult_yge15,edu_isced11_8,2015,2.268
swe,sex_t,age_ythadult_yge15,edu_isced11_8,2016,2.157
swe,sex_t,age_ythadult_yge15,edu_isced11_8,2017,3.102
swe,sex_t,age_ythadult_yge15,edu_isced11_8,2018,3.191
swe,sex_t,age_ythadult_yge15,edu_isced11_8,2019,3.756
swe,sex_t,age_ythadult_yge15,edu_isced11_8,2020,4.971
swe,sex_t,age_ythadult_yge15,edu_isced11_8,2021,2.113
swe,sex_t,age_ythadult_yge15,edu_isced11_8,2022,1.838
swe,sex_t,age_ythadult_yge15,edu_isced11_8,2023,2.968
swe,sex_t,age_ythadult_yge15,edu_isced11_9,2006,5.335
swe,sex_t,age_ythadult_yge15,edu_isced11_9,2007,5.478
swe,sex_t,age_ythadult_yge15,edu_isced11_9,2008,3.477
swe,sex_t,age_ythadult_yge15,edu_isced11_9,2009,4.645
swe,sex_t,age_ythadult_yge15,edu_isced11_9,2010,4.105
swe,sex_t,age_ythadult_yge15,edu_isced11_9,2011,4.263
swe,sex_t,age_ythadult_yge15,edu_isced11_9,2012,3.6
swe,sex_t,age_ythadult_yge15,edu_isced11_9,2013,2.997
swe,sex_t,age_ythadult_yge15,edu_isced11_9,2014,0.926
swe,sex_t,age_ythadult_yge15,edu_isced11_9,2015,1.76
swe,sex_t,age_ythadult_yge15,edu_isced11_9,2016,1.608
swe,sex_t,age_ythadult_yge15,edu_isced11_9,2017,1.831
swe,sex_t,age_ythadult_yge15,edu_isced11_9,2018,2.599
swe,sex_t,age_ythadult_yge15,edu_isced11_9,2019,3.932
swe,sex_t,age_ythadult_yge15,edu_isced11_9,2020,3.364
swe,sex_t,age_ythadult_yge15,edu_isced11_9,2021,8.05
swe,sex_t,age_ythadult_yge15,edu_isced11_9,2022,5.389
swe,sex_t,age_ythadult_yge15,edu_isced11_9,2023,7.233
swe,sex_t,age_ythadult_yge15,edu_isced11_total,2006,336.773
swe,sex_t,age_ythadult_yge15,edu_isced11_total,2007,298.112
swe,sex_t,age_ythadult_yge15,edu_isced11_total,2008,305.401
swe,sex_t,age_ythadult_yge15,edu_isced11_total,2009,409.972
swe,sex_t,age_ythadult_yge15,edu_isced11_total,2010,426.167
swe,sex_t,age_ythadult_yge15,edu_isced11_total,2011,391.568
swe,sex_t,age_ythadult_yge15,edu_isced11_total,2012,403.627
swe,sex_t,age_ythadult_yge15,edu_isced11_total,2013,411.986
swe,sex_t,age_ythadult_yge15,edu_isced11_total,2014,412.35
swe,sex_t,age_ythadult_yge15,edu_isced11_total,2015,388.311
swe,sex_t,age_ythadult_yge15,edu_isced11_total,2016,368.994
swe,sex_t,age_ythadult_yge15,edu_isced11_total,2017,361.669
swe,sex_t,age_ythadult_yge15,edu_isced11_total,2018,346.49
swe,sex_t,age_ythadult_yge15,edu_isced11_total,2019,376.33
swe,sex_t,age_ythadult_yge15,edu_isced11_total,2020,457.834
swe,sex_t,age_ythadult_yge15,edu_isced11_total,2021,492.769
swe,sex_t,age_ythadult_yge15,edu_isced11_total,2022,421.146
swe,sex_t,age_ythadult_yge15,edu_isced11_total,2023,439.564
swe,sex_t,age_ythadult_yge25,edu_aggregate_adv,1995,43.56
swe,sex_t,age_ythadult_yge25,edu_aggregate_adv,1996,46.51
swe,sex_t,age_ythadult_yge25,edu_aggregate_adv,1997,45.485
swe,sex_t,age_ythadult_yge25,edu_aggregate_adv,1998,52.187
swe,sex_t,age_ythadult_yge25,edu_aggregate_adv,1999,47.208
swe,sex_t,age_ythadult_yge25,edu_aggregate_adv,2000,36.971
swe,sex_t,age_ythadult_yge25,edu_aggregate_adv,2001,24.549
swe,sex_t,age_ythadult_yge25,edu_aggregate_adv,2002,28.894
swe,sex_t,age_ythadult_yge25,edu_aggregate_adv,2003,40.545
swe,sex_t,age_ythadult_yge25,edu_aggregate_adv,2004,45.821
swe,sex_t,age_ythadult_yge25,edu_aggregate_adv,2005,58.346
swe,sex_t,age_ythadult_yge25,edu_aggregate_adv,2006,54.138
swe,sex_t,age_ythadult_yge25,edu_aggregate_adv,2007,46.078
swe,sex_t,age_ythadult_yge25,edu_aggregate_adv,2008,45.786
swe,sex_t,age_ythadult_yge25,edu_aggregate_adv,2009,62.176
swe,sex_t,age_ythadult_yge25,edu_aggregate_adv,2010,66.314
swe,sex_t,age_ythadult_yge25,edu_aggregate_adv,2011,62.023
swe,sex_t,age_ythadult_yge25,edu_aggregate_adv,2012,64.108
swe,sex_t,age_ythadult_yge25,edu_aggregate_adv,2013,66.216
swe,sex_t,age_ythadult_yge25,edu_aggregate_adv,2014,73.146
swe,sex_t,age_ythadult_yge25,edu_aggregate_adv,2015,75.365
swe,sex_t,age_ythadult_yge25,edu_aggregate_adv,2016,75.735
swe,sex_t,age_ythadult_yge25,edu_aggregate_adv,2017,79.789
swe,sex_t,age_ythadult_yge25,edu_aggregate_adv,2018,76.455
swe,sex_t,age_ythadult_yge25,edu_aggregate_adv,2019,77.774
swe,sex_t,age_ythadult_yge25,edu_aggregate_adv,2020,101.896
swe,sex_t,age_ythadult_yge25,edu_aggregate_adv,2021,100.676
swe,sex_t,age_ythadult_yge25,edu_aggregate_adv,2022,81.752
swe,sex_t,age_ythadult_yge25,edu_aggregate_adv,2023,95.336
swe,sex_t,age_ythadult_yge25,edu_aggregate_bas,1995,98.864
swe,sex_t,age_ythadult_yge25,edu_aggregate_bas,1996,93.083
swe,sex_t,age_ythadult_yge25,edu_aggregate_bas,1997,112.2
swe,sex_t,age_ythadult_yge25,edu_aggregate_bas,1998,91.367
swe,sex_t,age_ythadult_yge25,edu_aggregate_bas,1999,79.091
swe,sex_t,age_ythadult_yge25,edu_aggregate_bas,2000,60.979
swe,sex_t,age_ythadult_yge25,edu_aggregate_bas,2001,36.657
swe,sex_t,age_ythadult_yge25,edu_aggregate_bas,2002,33.605
swe,sex_t,age_ythadult_yge25,edu_aggregate_bas,2003,33.471
swe,sex_t,age_ythadult_yge25,edu_aggregate_bas,2004,35.416
swe,sex_t,age_ythadult_yge25,edu_aggregate_bas,2005,48.939
swe,sex_t,age_ythadult_yge25,edu_aggregate_bas,2006,56.017
swe,sex_t,age_ythadult_yge25,edu_aggregate_bas,2007,49.811
swe,sex_t,age_ythadult_yge25,edu_aggregate_bas,2008,49.252
swe,sex_t,age_ythadult_yge25,edu_aggregate_bas,2009,71.688
swe,sex_t,age_ythadult_yge25,edu_aggregate_bas,2010,77.721
swe,sex_t,age_ythadult_yge25,edu_aggregate_bas,2011,76.233
swe,sex_t,age_ythadult_yge25,edu_aggregate_bas,2012,79.751
swe,sex_t,age_ythadult_yge25,edu_aggregate_bas,2013,81.631
swe,sex_t,age_ythadult_yge25,edu_aggregate_bas,2014,83.85
swe,sex_t,age_ythadult_yge25,edu_aggregate_bas,2015,82.131
swe,sex_t,age_ythadult_yge25,edu_aggregate_bas,2016,81.133
swe,sex_t,age_ythadult_yge25,edu_aggregate_bas,2017,84.134
swe,sex_t,age_ythadult_yge25,edu_aggregate_bas,2018,86.833
swe,sex_t,age_ythadult_yge25,edu_aggregate_bas,2019,88.819
swe,sex_t,age_ythadult_yge25,edu_aggregate_bas,2020,111.351
swe,sex_t,age_ythadult_yge25,edu_aggregate_bas,2021,121.704
swe,sex_t,age_ythadult_yge25,edu_aggregate_bas,2022,99.71
swe,sex_t,age_ythadult_yge25,edu_aggregate_bas,2023,96.25
swe,sex_t,age_ythadult_yge25,edu_aggregate_int,1995,154.36
swe,sex_t,age_ythadult_yge25,edu_aggregate_int,1996,176.712
swe,sex_t,age_ythadult_yge25,edu_aggregate_int,1997,194.044
swe,sex_t,age_ythadult_yge25,edu_aggregate_int,1998,166.541
swe,sex_t,age_ythadult_yge25,edu_aggregate_int,1999,136.32
swe,sex_t,age_ythadult_yge25,edu_aggregate_int,2000,99.399
swe,sex_t,age_ythadult_yge25,edu_aggregate_int,2001,90.199
swe,sex_t,age_ythadult_yge25,edu_aggregate_int,2002,95.514
swe,sex_t,age_ythadult_yge25,edu_aggregate_int,2003,103.898
swe,sex_t,age_ythadult_yge25,edu_aggregate_int,2004,129.249
swe,sex_t,age_ythadult_yge25,edu_aggregate_int,2005,132.676
swe,sex_t,age_ythadult_yge25,edu_aggregate_int,2006,97.466
swe,sex_t,age_ythadult_yge25,edu_aggregate_int,2007,81.882
swe,sex_t,age_ythadult_yge25,edu_aggregate_int,2008,79.832
swe,sex_t,age_ythadult_yge25,edu_aggregate_int,2009,116.221
swe,sex_t,age_ythadult_yge25,edu_aggregate_int,2010,119.882
swe,sex_t,age_ythadult_yge25,edu_aggregate_int,2011,99.592
swe,sex_t,age_ythadult_yge25,edu_aggregate_int,2012,103.24
swe,sex_t,age_ythadult_yge25,edu_aggregate_int,2013,104.404
swe,sex_t,age_ythadult_yge25,edu_aggregate_int,2014,101.725
swe,sex_t,age_ythadult_yge25,edu_aggregate_int,2015,95.284
swe,sex_t,age_ythadult_yge25,edu_aggregate_int,2016,89.55
swe,sex_t,age_ythadult_yge25,edu_aggregate_int,2017,82.323
swe,sex_t,age_ythadult_yge25,edu_aggregate_int,2018,72.171
swe,sex_t,age_ythadult_yge25,edu_aggregate_int,2019,79.145
swe,sex_t,age_ythadult_yge25,edu_aggregate_int,2020,98.861
swe,sex_t,age_ythadult_yge25,edu_aggregate_int,2021,113.967
swe,sex_t,age_ythadult_yge25,edu_aggregate_int,2022,93.409
swe,sex_t,age_ythadult_yge25,edu_aggregate_int,2023,94.433
swe,sex_t,age_ythadult_yge25,edu_aggregate_total,1995,297.09
swe,sex_t,age_ythadult_yge25,edu_aggregate_total,1996,320.517
swe,sex_t,age_ythadult_yge25,edu_aggregate_total,1997,356.997
swe,sex_t,age_ythadult_yge25,edu_aggregate_total,1998,313.023
swe,sex_t,age_ythadult_yge25,edu_aggregate_total,1999,263.45
swe,sex_t,age_ythadult_yge25,edu_aggregate_total,2000,199.092
swe,sex_t,age_ythadult_yge25,edu_aggregate_total,2001,152.646
swe,sex_t,age_ythadult_yge25,edu_aggregate_total,2002,159.279
swe,sex_t,age_ythadult_yge25,edu_aggregate_total,2003,179.33
swe,sex_t,age_ythadult_yge25,edu_aggregate_total,2004,211.946
swe,sex_t,age_ythadult_yge25,edu_aggregate_total,2005,241.078
swe,sex_t,age_ythadult_yge25,edu_aggregate_total,2006,211.062
swe,sex_t,age_ythadult_yge25,edu_aggregate_total,2007,179.782
swe,sex_t,age_ythadult_yge25,edu_aggregate_total,2008,176.62
swe,sex_t,age_ythadult_yge25,edu_aggregate_total,2009,252.744
swe,sex_t,age_ythadult_yge25,edu_aggregate_total,2010,266.862
swe,sex_t,age_ythadult_yge25,edu_aggregate_total,2011,240.854
swe,sex_t,age_ythadult_yge25,edu_aggregate_total,2012,249.6
swe,sex_t,age_ythadult_yge25,edu_aggregate_total,2013,254.809
swe,sex_t,age_ythadult_yge25,edu_aggregate_total,2014,259.083
swe,sex_t,age_ythadult_yge25,edu_aggregate_total,2015,254.389
swe,sex_t,age_ythadult_yge25,edu_aggregate_total,2016,247.369
swe,sex_t,age_ythadult_yge25,edu_aggregate_total,2017,247.487
swe,sex_t,age_ythadult_yge25,edu_aggregate_total,2018,237.229
swe,sex_t,age_ythadult_yge25,edu_aggregate_total,2019,248.085
swe,sex_t,age_ythadult_yge25,edu_aggregate_total,2020,313.592
swe,sex_t,age_ythadult_yge25,edu_aggregate_total,2021,338.363
swe,sex_t,age_ythadult_yge25,edu_aggregate_total,2022,276.624
swe,sex_t,age_ythadult_yge25,edu_aggregate_total,2023,288.733
swe,sex_t,age_ythadult_yge25,edu_aggregate_x,1996,4.212
swe,sex_t,age_ythadult_yge25,edu_aggregate_x,1997,5.268
swe,sex_t,age_ythadult_yge25,edu_aggregate_x,1998,2.928
swe,sex_t,age_ythadult_yge25,edu_aggregate_x,2000,1.742
swe,sex_t,age_ythadult_yge25,edu_aggregate_x,2001,1.241
swe,sex_t,age_ythadult_yge25,edu_aggregate_x,2002,1.266
swe,sex_t,age_ythadult_yge25,edu_aggregate_x,2003,1.416
swe,sex_t,age_ythadult_yge25,edu_aggregate_x,2004,1.461
swe,sex_t,age_ythadult_yge25,edu_aggregate_x,2005,1.117
swe,sex_t,age_ythadult_yge25,edu_aggregate_x,2006,3.442
swe,sex_t,age_ythadult_yge25,edu_aggregate_x,2007,2.011
swe,sex_t,age_ythadult_yge25,edu_aggregate_x,2008,1.75
swe,sex_t,age_ythadult_yge25,edu_aggregate_x,2009,2.66
swe,sex_t,age_ythadult_yge25,edu_aggregate_x,2010,2.945
swe,sex_t,age_ythadult_yge25,edu_aggregate_x,2011,3.007
swe,sex_t,age_ythadult_yge25,edu_aggregate_x,2012,2.5
swe,sex_t,age_ythadult_yge25,edu_aggregate_x,2013,2.557
swe,sex_t,age_ythadult_yge25,edu_aggregate_x,2014,0.361
swe,sex_t,age_ythadult_yge25,edu_aggregate_x,2015,1.608
swe,sex_t,age_ythadult_yge25,edu_aggregate_x,2016,0.951
swe,sex_t,age_ythadult_yge25,edu_aggregate_x,2017,1.242
swe,sex_t,age_ythadult_yge25,edu_aggregate_x,2018,1.771
swe,sex_t,age_ythadult_yge25,edu_aggregate_x,2019,2.347
swe,sex_t,age_ythadult_yge25,edu_aggregate_x,2020,1.484
swe,sex_t,age_ythadult_yge25,edu_aggregate_x,2021,2.015
swe,sex_t,age_ythadult_yge25,edu_aggregate_x,2022,1.753
swe,sex_t,age_ythadult_yge25,edu_aggregate_x,2023,2.714
swe,sex_t,age_ythadult_yge25,edu_isced11_1,2006,15.241
swe,sex_t,age_ythadult_yge25,edu_isced11_1,2007,13.489
swe,sex_t,age_ythadult_yge25,edu_isced11_1,2008,14.625
swe,sex_t,age_ythadult_yge25,edu_isced11_1,2009,21.106
swe,sex_t,age_ythadult_yge25,edu_isced11_1,2010,21.575
swe,sex_t,age_ythadult_yge25,edu_isced11_1,2011,22.007
swe,sex_t,age_ythadult_yge25,edu_isced11_1,2012,20.366
swe,sex_t,age_ythadult_yge25,edu_isced11_1,2013,21.87
swe,sex_t,age_ythadult_yge25,edu_isced11_1,2014,24.445
swe,sex_t,age_ythadult_yge25,edu_isced11_1,2015,27.474
swe,sex_t,age_ythadult_yge25,edu_isced11_1,2016,29.63
swe,sex_t,age_ythadult_yge25,edu_isced11_1,2017,28.763
swe,sex_t,age_ythadult_yge25,edu_isced11_1,2018,33.761
swe,sex_t,age_ythadult_yge25,edu_isced11_1,2019,30.178
swe,sex_t,age_ythadult_yge25,edu_isced11_1,2020,37.765
swe,sex_t,age_ythadult_yge25,edu_isced11_1,2021,47.808
swe,sex_t,age_ythadult_yge25,edu_isced11_1,2022,43.204
swe,sex_t,age_ythadult_yge25,edu_isced11_1,2023,37.381
swe,sex_t,age_ythadult_yge25,edu_isced11_2,2006,40.776
swe,sex_t,age_ythadult_yge25,edu_isced11_2,2007,36.322
swe,sex_t,age_ythadult_yge25,edu_isced11_2,2008,34.627
swe,sex_t,age_ythadult_yge25,edu_isced11_2,2009,50.581
swe,sex_t,age_ythadult_yge25,edu_isced11_2,2010,56.146
swe,sex_t,age_ythadult_yge25,edu_isced11_2,2011,54.227
swe,sex_t,age_ythadult_yge25,edu_isced11_2,2012,59.385
swe,sex_t,age_ythadult_yge25,edu_isced11_2,2013,59.761
swe,sex_t,age_ythadult_yge25,edu_isced11_2,2014,59.405
swe,sex_t,age_ythadult_yge25,edu_isced11_2,2015,54.657
swe,sex_t,age_ythadult_yge25,edu_isced11_2,2016,51.502
swe,sex_t,age_ythadult_yge25,edu_isced11_2,2017,55.37
swe,sex_t,age_ythadult_yge25,edu_isced11_2,2018,53.071
swe,sex_t,age_ythadult_yge25,edu_isced11_2,2019,58.641
swe,sex_t,age_ythadult_yge25,edu_isced11_2,2020,73.586
swe,sex_t,age_ythadult_yge25,edu_isced11_2,2021,73.896
swe,sex_t,age_ythadult_yge25,edu_isced11_2,2022,56.506
swe,sex_t,age_ythadult_yge25,edu_isced11_2,2023,58.869
swe,sex_t,age_ythadult_yge25,edu_isced11_3,2006,83.969
swe,sex_t,age_ythadult_yge25,edu_isced11_3,2007,69.087
swe,sex_t,age_ythadult_yge25,edu_isced11_3,2008,67.278
swe,sex_t,age_ythadult_yge25,edu_isced11_3,2009,101.092
swe,sex_t,age_ythadult_yge25,edu_isced11_3,2010,102.76
swe,sex_t,age_ythadult_yge25,edu_isced11_3,2011,82.983
swe,sex_t,age_ythadult_yge25,edu_isced11_3,2012,83.71
swe,sex_t,age_ythadult_yge25,edu_isced11_3,2013,85.956
swe,sex_t,age_ythadult_yge25,edu_isced11_3,2014,82.555
swe,sex_t,age_ythadult_yge25,edu_isced11_3,2015,78.741
swe,sex_t,age_ythadult_yge25,edu_isced11_3,2016,72.307
swe,sex_t,age_ythadult_yge25,edu_isced11_3,2017,65.762
swe,sex_t,age_ythadult_yge25,edu_isced11_3,2018,57.023
swe,sex_t,age_ythadult_yge25,edu_isced11_3,2019,61.266
swe,sex_t,age_ythadult_yge25,edu_isced11_3,2020,77.984
swe,sex_t,age_ythadult_yge25,edu_isced11_3,2021,89.645
swe,sex_t,age_ythadult_yge25,edu_isced11_3,2022,75.779
swe,sex_t,age_ythadult_yge25,edu_isced11_3,2023,69.82
swe,sex_t,age_ythadult_yge25,edu_isced11_4,2006,13.496
swe,sex_t,age_ythadult_yge25,edu_isced11_4,2007,12.796
swe,sex_t,age_ythadult_yge25,edu_isced11_4,2008,12.554
swe,sex_t,age_ythadult_yge25,edu_isced11_4,2009,15.129
swe,sex_t,age_ythadult_yge25,edu_isced11_4,2010,17.122
swe,sex_t,age_ythadult_yge25,edu_isced11_4,2011,16.609
swe,sex_t,age_ythadult_yge25,edu_isced11_4,2012,19.531
swe,sex_t,age_ythadult_yge25,edu_isced11_4,2013,18.448
swe,sex_t,age_ythadult_yge25,edu_isced11_4,2014,19.17
swe,sex_t,age_ythadult_yge25,edu_isced11_4,2015,16.543
swe,sex_t,age_ythadult_yge25,edu_isced11_4,2016,17.242
swe,sex_t,age_ythadult_yge25,edu_isced11_4,2017,16.561
swe,sex_t,age_ythadult_yge25,edu_isced11_4,2018,15.148
swe,sex_t,age_ythadult_yge25,edu_isced11_4,2019,17.879
swe,sex_t,age_ythadult_yge25,edu_isced11_4,2020,20.877
swe,sex_t,age_ythadult_yge25,edu_isced11_4,2021,24.323
swe,sex_t,age_ythadult_yge25,edu_isced11_4,2022,17.629
swe,sex_t,age_ythadult_yge25,edu_isced11_4,2023,24.612
swe,sex_t,age_ythadult_yge25,edu_isced11_5,2006,54.138
swe,sex_t,age_ythadult_yge25,edu_isced11_5,2007,46.078
swe,sex_t,age_ythadult_yge25,edu_isced11_5,2008,45.786
swe,sex_t,age_ythadult_yge25,edu_isced11_5,2009,62.176
swe,sex_t,age_ythadult_yge25,edu_isced11_5,2010,66.314
swe,sex_t,age_ythadult_yge25,edu_isced11_5,2011,62.023
swe,sex_t,age_ythadult_yge25,edu_isced11_5,2012,64.108
swe,sex_t,age_ythadult_yge25,edu_isced11_5,2013,66.216
swe,sex_t,age_ythadult_yge25,edu_isced11_5,2014,24.471
swe,sex_t,age_ythadult_yge25,edu_isced11_5,2015,26.261
swe,sex_t,age_ythadult_yge25,edu_isced11_5,2016,25.374
swe,sex_t,age_ythadult_yge25,edu_isced11_5,2017,25.93
swe,sex_t,age_ythadult_yge25,edu_isced11_5,2018,23.947
swe,sex_t,age_ythadult_yge25,edu_isced11_5,2019,27.514
swe,sex_t,age_ythadult_yge25,edu_isced11_5,2020,34.977
swe,sex_t,age_ythadult_yge25,edu_isced11_5,2021,36.017
swe,sex_t,age_ythadult_yge25,edu_isced11_5,2022,24.695
swe,sex_t,age_ythadult_yge25,edu_isced11_5,2023,28.952
swe,sex_t,age_ythadult_yge25,edu_isced11_6,2014,27.457
swe,sex_t,age_ythadult_yge25,edu_isced11_6,2015,27.913
swe,sex_t,age_ythadult_yge25,edu_isced11_6,2016,27.301
swe,sex_t,age_ythadult_yge25,edu_isced11_6,2017,29.595
swe,sex_t,age_ythadult_yge25,edu_isced11_6,2018,28.154
swe,sex_t,age_ythadult_yge25,edu_isced11_6,2019,28.66
swe,sex_t,age_ythadult_yge25,edu_isced11_6,2020,41.113
swe,sex_t,age_ythadult_yge25,edu_isced11_6,2021,40.148
swe,sex_t,age_ythadult_yge25,edu_isced11_6,2022,35.058
swe,sex_t,age_ythadult_yge25,edu_isced11_6,2023,38.42
swe,sex_t,age_ythadult_yge25,edu_isced11_7,2014,19.316
swe,sex_t,age_ythadult_yge25,edu_isced11_7,2015,18.923
swe,sex_t,age_ythadult_yge25,edu_isced11_7,2016,20.903
swe,sex_t,age_ythadult_yge25,edu_isced11_7,2017,21.162
swe,sex_t,age_ythadult_yge25,edu_isced11_7,2018,21.163
swe,sex_t,age_ythadult_yge25,edu_isced11_7,2019,17.843
swe,sex_t,age_ythadult_yge25,edu_isced11_7,2020,20.834
swe,sex_t,age_ythadult_yge25,edu_isced11_7,2021,22.398
swe,sex_t,age_ythadult_yge25,edu_isced11_7,2022,20.161
swe,sex_t,age_ythadult_yge25,edu_isced11_7,2023,24.996
swe,sex_t,age_ythadult_yge25,edu_isced11_8,2014,1.902
swe,sex_t,age_ythadult_yge25,edu_isced11_8,2015,2.268
swe,sex_t,age_ythadult_yge25,edu_isced11_8,2016,2.157
swe,sex_t,age_ythadult_yge25,edu_isced11_8,2017,3.102
swe,sex_t,age_ythadult_yge25,edu_isced11_8,2018,3.191
swe,sex_t,age_ythadult_yge25,edu_isced11_8,2019,3.756
swe,sex_t,age_ythadult_yge25,edu_isced11_8,2020,4.971
swe,sex_t,age_ythadult_yge25,edu_isced11_8,2021,2.113
swe,sex_t,age_ythadult_yge25,edu_isced11_8,2022,1.838
swe,sex_t,age_ythadult_yge25,edu_isced11_8,2023,2.968
swe,sex_t,age_ythadult_yge25,edu_isced11_9,2006,3.442
swe,sex_t,age_ythadult_yge25,edu_isced11_9,2007,2.011
swe,sex_t,age_ythadult_yge25,edu_isced11_9,2008,1.75
swe,sex_t,age_ythadult_yge25,edu_isced11_9,2009,2.66
swe,sex_t,age_ythadult_yge25,edu_isced11_9,2010,2.945
swe,sex_t,age_ythadult_yge25,edu_isced11_9,2011,3.007
swe,sex_t,age_ythadult_yge25,edu_isced11_9,2012,2.5
swe,sex_t,age_ythadult_yge25,edu_isced11_9,2013,2.557
swe,sex_t,age_ythadult_yge25,edu_isced11_9,2014,0.361
swe,sex_t,age_ythadult_yge25,edu_isced11_9,2015,1.608
swe,sex_t,age_ythadult_yge25,edu_isced11_9,2016,0.951
swe,sex_t,age_ythadult_yge25,edu_isced11_9,2017,1.242
swe,sex_t,age_ythadult_yge25,edu_isced11_9,2018,1.771
swe,sex_t,age_ythadult_yge25,edu_isced11_9,2019,2.347
swe,sex_t,age_ythadult_yge25,edu_isced11_9,2020,1.484
swe,sex_t,age_ythadult_yge25,edu_isced11_9,2021,2.015
swe,sex_t,age_ythadult_yge25,edu_isced11_9,2022,1.753
swe,sex_t,age_ythadult_yge25,edu_isced11_9,2023,2.714
swe,sex_t,age_ythadult_yge25,edu_isced11_total,2006,211.062
swe,sex_t,age_ythadult_yge25,edu_isced11_total,2007,179.782
swe,sex_t,age_ythadult_yge25,edu_isced11_total,2008,176.62
swe,sex_t,age_ythadult_yge25,edu_isced11_total,2009,252.744
swe,sex_t,age_ythadult_yge25,edu_isced11_total,2010,266.862
swe,sex_t,age_ythadult_yge25,edu_isced11_total,2011,240.854
swe,sex_t,age_ythadult_yge25,edu_isced11_total,2012,249.6
swe,sex_t,age_ythadult_yge25,edu_isced11_total,2013,254.809
swe,sex_t,age_ythadult_yge25,edu_isced11_total,2014,259.083
swe,sex_t,age_ythadult_yge25,edu_isced11_total,2015,254.389
swe,sex_t,age_ythadult_yge25,edu_isced11_total,2016,247.369
swe,sex_t,age_ythadult_yge25,edu_isced11_total,2017,247.487
swe,sex_t,age_ythadult_yge25,edu_isced11_total,2018,237.229
swe,sex_t,age_ythadult_yge25,edu_isced11_total,2019,248.085
swe,sex_t,age_ythadult_yge25,edu_isced11_total,2020,313.592
swe,sex_t,age_ythadult_yge25,edu_isced11_total,2021,338.363
swe,sex_t,age_ythadult_yge25,edu_isced11_total,2022,276.624
swe,sex_t,age_ythadult_yge25,edu_isced11_total,2023,288.733
